000000000000000000000000000000000000000000000000000000000000000000000000
000000000000000000000000000000000000000000000000000000000000000000000000
000000000000000000000000000000000000000000000000000000000000000000000000
000000000000000000000000000000000000000000000000000000000000000000000000
000000000000000000000000000000000000000000000000000000000000000000000000
000000000000000000000000000000000000000000000000000000000000000000000000
000000000000000000000000000000000000000000000000000000000000000000000000
000000000000000000000000000000000000000000000000000000000000000000000000
000000000000000000000000000000000000000000000000000000000000000000000000
000000000000000000000000000000000000000000000000000000000000000000000000
000000000000000000000000000000000000000000000000000000000000000000000000
000000000000000000000000000000000000000000000000000000000000000000000000
000000000000000000000000000000000000000000000000000000000000000000000000
000000000000000000000000000000000000000000000000000000000000000000000000
000000000000000000000000000000000000000000000000000000000000000000000000
000000000000000000000000000000000000000000000000000000000000000000000000
000000000000000000000000000000000000000000000000000000000000000000000000
000000000000000000000000000000000000000000000000000000000000000000000000
000000000000000000000000000000000000000000000000000000000000000000000000
000000000000000000000000000000000000000000000000000000000000000000000000
000000000000000000000000000000000000000000000000000000000000000000000000
000000000000000000000000000000000000000000000000000000000000000000000000
000000000000000000000000000000000000000000000000000000000000000000000000
000000000000000000000000000000000000000000000000000000000000000000000000
000000000000000000000000000000000000000000000000000000000000000000000000
000000000000000000000000000000000000000000000000000000000000000000000000
000000000000000000000000000000000000000000000000000000000000000000000000
000000000000000000000000000000000000000000000000000000000000000000000000
000000000000000000000000000000000000000000000000000000000000000000000000
000000000000000000000000000000000000000000000000000000000000000000000000
000000000000000000000000000000000000000000000000000000000000000000000000
000000000001111111000000000000000000000000000000000011111110000000000000
000000000111111111110000000000000000000000000000001111111111100000000000
000000011110000001111000000000000000000000000000111100000011110000000001
000000111100000000111100000000000000000000000001110000000001111000000011
000001111000000000111110000000000000000000000011110000000001111100000011
000001110000000000011110000000000000000000000111100000000000111100000011
000011110000000000011111000000000000000000000111100000000000111100000010
000011110000000000011111000000000000000000001111100000000000111110000000
000111110000000000011111000000000000000000001111100000000000111110000000
000111110000000000011111000000000000000000001111100000000000111110000000
000111111111111111111111000000000000000000001111111111111111111110000000
000111111111111111111000000000000000000000001111111111111111110000000000
000111110000000000000000000000000000000000001111000000000000000000000011
000111110000000000000000000000000000000000001111000000000000000000000111
000111110000000000000000000000000000000000001111100000000000000000000111
000111110000000000000000000000000000000000001111100000000000000000001111
000111110000000000000000000000000000000000001111100000000000000000001111
000011111000000000000000000000000000000000000111110000000000000000001111
000011111000000000000000000000000000000000000111110000000000000000001111
000001111100000000000010000000000000000000000111111000000000000100001111
000001111111000000000110000000000000000000000011111110000000011100001111
000000111111111000111100000000000000000000000001111111110001111000000111
100000001111111111111000000000000000000000000000011111111111110000000011
000000000011111111000000000000000000000000000000000111111110000000000000
000000000000000000000000000000000000000000000000000000000000000000000000
000000000000000000000000000000000000000000000000000000000000000000000000
000000000000000000000000000000000000000000000000000000000000000000000000
000000000000000000000000000000000000000000000000000000000000000000000000
000000000000000000000000000000000000000000000000000000000000000000000000
000000000000000000000000000000000000000000000000000000000000000000000000
000000000000000000000000000000000000000000000000000000000000000000000000
000000000000000000000000000000000000000000000000000000000000000000000000
000000000000000000000000000000000000000000000000000000000000000000000000
000000000000000000000000000000000000000000000000000000000000000000000000
000000000000000000000000000000000000000000000000000000000000000000000000
000000000000000000000000000000000000000000000000000000000000000000000000
000000000000000000000000000000000000000000000000000000000000000000000000
000000000000000000000000000000000000000000000000000000000000000000000000
000000000000000000000000000000000000000000000000000000000000000000000000
000000000000000000000000000000000000000000000000000000000000000000000000
000000000000000000000000000000000000000000000000000000000000000000000000
000000000000000000000000000000000000000000000000000000000000000000000000
000000000000000000000000000000000000000000000000000000000000000000000000
000000000000000000000000000000000000000000000000000000000000000000000000
000000000000000000000000000000000000000000000000000000000000000000000000
000000000000000000000000000000000000000000000000000000000000000000000000
000000000000000000000000000000000000000000000000000000000000000000000000
000000000000000000000000000000000000000000000000000000000000000000000000
000000000000000000000000000000000000000000000000000000000000000000000000
000000000000000000000000000000000000000000000000000000000000000000000000
000000000000000000000000000000000000000000000000000000000000000001000000
000000000000000000000000000000000000000000000000000000000000011111000000
000000000000000000000000000000000000000000000000000000000011111111000000
000000000000000000000000000000000000000000000000000000000011111111000000
000000000000000000000000000000000000000000000000000000000000001111000000
000000000000000000000000000000000000000000000000000000000000001111000000
000000000000000000000000000000000000000000000000111000000000001111000000
000000000000000000000000000000000000000000000011111000000000001111000000
000000000000000000000000000000000000000000000011111000000000001111000000
000000000000000000000000000000000000000000000011110000000000001111000000
000000000000000000000000000000000000000000000011110000000000001111000000
000000000000000000000000000000000000000000000011110000000000001111000000
000000000000000000000000000000000000000000000011110000000000001111000000
000000000000000111111100000000000000000000000011110000000000001111000001
110000000000111111111111100000000000000000000011110000000000001111000011
111000000001110000000111100000000000000000000111111111111000001111001111
111100000011100000000011100000000000000000011111111111111000001111011100
111100000011100000000001100000000000000000011011111000000000001111110000
111110000111000000000001100000000000000000000011110000000000001111100000
011110000111100000000001100000000000000000000011110000000000001111000000
011110000111100000000000000000000000000000000011110000000000001111000000
011111000111110000000000000000000000000000000011110000000000001111000000
011111000111111110000000000000000000000000000011110000000000001111000000
111111000011111111111000000000000000000000000011110000000000001111000000
111100000001111111111111000000000000000000000011110000000000001111000000
000000000000011111111111100000000000000000000011110000000000001111000000
000000000000000111111111110000000000000000000011110000000000001111000000
000000000000000000011111110000000000000000000011110000000000001111000000
000000000000000000000011111000000000000000000011110000000000001111000000
000000000100000000000001111000000000000000000011110000000000001111000000
000000000110000000000001110000000000000000000011110000000000001111000000
000000000110000000000001110000000000000000000011110000000000001111000000
000000000110000000000001110000000000000000000011111000000000001111000000
000110000110000000000011100000000000000000000011111000010000001111000000
111100000111100000000111000000000000000000000001111111110000011111100000
111000000111111000111110000000000000000000000001111111100011111111111100
100000000111111111111000000000000000000000000000111111000011110000111100
000000000000000000000000000000000000000000000000000000000000000000000000
000000000000000000000000000000000000000000000000000000000000000000000000
000000000000000000000000000000000000000000000000000000000000000000000000
000000000000000000000000000000000000000000000000000000000000000000000000
000000000000000000000000000000000000000000000000000000000000000000000000
000000000000000000000000000000000000000000000000000000000000000000000000
000000000000000000000000000000000000000000000000000000000000000000000000
000000000000000000000000000000000000000000000000000000000000000000000000
000000000000000000000000000000000000000000000000000000000000000000000000
000000000000000000000000000000000000000000000000000000000000000000000000
000000000000000000000000000000000000000000000000000000000000000000000000
000000000000000000000000000000000000000000000000000000000000000000000000
000000000000000000000000000000000000000000000000000000000000000000000000
000000000000000000000000000000000000000000000000000000000000000000000000
000000000000000000000000000000000000000000000000000000000000000000000000
000000000000000000000000000000000000000000000000000000000000000000000000
000000000000000000000000000000000000000000000000000000000000000000000000
000000000000000000000000000000000000000000000000000000000000000000000000
000000000000000000000000000000000000000000000000000000000000000000000000
000000000000000000000000000000000000000000000000000000000000000000000000
000000000000000000000000000000000000000000000000000000000000000000000000
000000000000000000000000000000000000000000000000000000000000000000000000
000000000000000000000000000000000000000000000000000000000000000000000000
000000000000000000000000000000000000000000000000000000000000000000000000
000000000000000000000000000000000000000000000000000000000000000000000000
000000000000000000000000000000000000000000000000000000000000000000000000
000000000000000000000000000000000000000000000000000000000000000000000000
000000000000000000000000000000000001111000000000000000000000000000000000
000000000000000000000000000000011111111000000000000000000000000000000000
000000000000000000000000000000011111111000000000000000000000000000000000
000000000000000000000000000000000011111000000000000000000000000000000000
000000000000000000000000000000000001111000000000000000000000000000000000
000000000000000000000000000000000001111000000000000000000000000000000000
000000000000000000000000000000000001111000000000000000000000000000000000
000000000000000000000000000000000001111000000000000000000000000000000000
000000000000000000000000000000000001111000000000000000000000000000000000
000000000000000000000000000000000001111000000000000000000000000000000000
000000000000000000000000000000000001111000000000000000000000000000000000
000000000000000000000000000000000001111000000000000000000000000000000000
011110000000000000000000000111000001111000000000000000000000000000000000
111111110000000000000000111111111111111000000000000000000000000000000000
000001111000000000000011111111111111111000000000000000000000000000000000
000000111100000000000111000000011111111000000000000000000000000000000000
000000011110000000011110000000000111111000000000000000000000000000000000
000000011111000000111100000000000011111000000000000000000000000000000000
000000001111000001111000000000000001111000000000000000000000000000000000
000000001111000001111000000000000001111000000000000000000000000000000000
000000001111000011110000000000000001111000000000000000000000000000000000
000000001111000011110000000000000001111000000000000000000000000000000000
000001111111000011110000000000000001111000000000000000000000000000000000
111111111111000011110000000000000001111000000000000000000000000000000000
000000000000000011110000000000000001111000000000000000000000000000000000
000000000000000011110000000000000001111000000000000000000000000000000000
000000000000000011111000000000000001111000000000000000000000000000000000
000000000000000011111000000000000011111000000000000000000000000000000000
000000000000000011111000000000000011111000000000000000000000000000000000
000000000000000011111100000000000011111000000000000000000000000000000000
000000000000000001111100000000000111111000000000011100000000000000000000
000000000000000001111110000000001111111000000000111110000000000000000000
000000000011000000111111000000011001111000000000111110000000000000000000
110000001110000000011111111111110001111000000000111111000000000000000000
