000000000000000000000000000000000000000000000000000000000000000000000000
000000000000000000000000000000000000000000000000000000000000000000000000
000000000000000000000000000000000000000000000000000000000000000000000000
000000000000000000000000000000000000000000000000000000000000000000000000
000000000000000000000000000000000000000000000000000000000000000000000000
000000000000000000000000000000000000000000000000000000000000000000000000
000000000000000000000000000000000000000000000000000000000000000000000000
000000000000000000000000000000000000000000000000000000000000000000000000
000000000000000000000000000000000000000000000000000000000000000000000000
000000000000000000000000000000000000000000000000000000000000000000000000
000000000000000000000000000000000000000000000000000000000000000000000000
000000000000000000000000000000000000000000000000000000000000000000000000
000000000000000000000000000000000000000000000000000000000000000000000000
000000000000000000000000000000000000000000000000000000000000000000000000
000000000000000000000000000000000000000000000000000000000000000000000000
000000000000000000000000000000000000000000000000000000000000000000000000
000000000000000000000000000000000000000000000000000000000000000000000000
000000000000000000000000000000000000000000000000000000000000000000000000
000000000000000000000000000000000000000000000000000000000000000000000000
000000000000000000000000000000000000000000000000000000000000000000000000
000000000000000000000000000000000000000000000000000000000000000000000000
000000000000000000000000000000000000000000000000000000000000000000000000
000000000000000000000000000000000000000000000000000000000000000000000000
000000000000000000000000000000000000000000000000000000000000000000000000
000000000000000000000000000000000000000000000000000000000000000000000000
000000000000000000000000000000000000000000000000000000000000000000000000
000000000000000000000000000000000000000000000000000000000000000000000000
000000000000000000000000000000000000000000000000000000000000000000000000
000000000000000000000000000000000000000000000000000000000000000000000000
000000000000000000000000000000000000000000000000000000000000000000000000
000011111111000000000111111111110000001111111110000000000111111111000000
000111111111100000000111111111110000001111111110000000011110001111110000
001111111111110000000001111110000000000001111000000000111000000001111100
011000000111111000000000111110000000000001110000000001110000000000111110
110000000011111000000000011110000000000001100000000011110000000000011111
100000000001111100000000011111000000000011100000000111100000000000011111
000000000001111100000000011111000000000011000000000111100000000000001111
000000000000111100000000001111000000000011000000001111100000000000001111
000000000000111100000000001111100000000110000000001111000000000000001111
000000000000111100000000000111100000000110000000001111000000000000000111
000000000000111100000000000111110000001110000000001111000000000000000111
000000000000111100000000000111110000001100000000001111000000000000000111
000000000000111100000000000011110000001100000000001111000000000000000111
000000000000111100000000000011111000011000000000001111000000000000000111
000000000000111100000000000001111000011000000000001111100000000000000111
000000000000111100000000000001111000110000000000001111100000000000000111
000000000000111100000000000000111100110000000000001111100000000000000111
000000000000111100000000000000111100110000000000000111110000000000001111
000000000000111100000000000000111111100000000000000111110000000000001110
000000000000111100000000000000011111100000000000000011111000000000011110
000000000000111100000000000000011111000000000000000011111100000000011100
100000000000111110000000000000001111000000000000000001111110000001111000
111100000000111111110000000000001110000000000000000000011111111111100000
000000000000000000000000000000001110000000000000000000000111111100000000
000000000000000000000000000000001110000000000000000000000000000000000000
000000000000000000000000000000001100000000000000000000000000000000000000
000000000000000000000000000000001100000000000000000000000000000000000000
000000000000000000000000000000011000000000000000000000000000000000000000
000000000000000000000000000000011000000000000000000000000000000000000000
000000000000000000000000000000110000000000000000000000000000000000000000
000000000000000000000000000000110000000000000000000000000000000000000000
000000000000000000000000000001100000000000000000000000000000000000000000
000000000000000000000000000011100000000000000000000000000000000000000000
000000000000000000000001100111000000000000000000000000000000000000000000
000000000000000000000011111111000000000000000000000000000000000000000000
000000000000000000000011111110000000000000000000000000000000000000000000
000000000000000000000011111000000000000000000000000000000000000000000000
000000000000000000000000000000000000000000000000000000000000000000000000
000000000000000000000000000000000000000000000000000000000000000000000000
000000000000000000000000000000000000000000000000000000000000000000000000
000000000000000000000000000000000000000000000000000000000000000000000000
000000000000000000000000000000000000000000000000000000000000000000000000
000000000000000000000000000000000000000000000000000000000000000000000000
000000000000000000000000000000000000000000000000000000000000000000000000
000000000000000000000000000000000000000000000000000000000000000000000000
000000000000000000000000000000000000000000000000000000000000000000000000
000000000000000000000000000000000000000000000000000000000000000000000000
000000000000000000000000000000000000000000000000000000000000000000000000
000000000000000000000000000000000000000000000000000000000000000000000000
000000000000000000000000000000000000000000000000000000000000000000000000
000000000000000000000000000000000000000000000000000000000000000000000000
000000000000000000000000000000000000000000000000000000000000000000000000
000000000000000000000000000000000000000000000000000000000000000000000000
000000000000000000000000000000000000000000000000000000000000000000000000
000000000000000000000000000000000000000000000000000000000000000000000000
000000000000000000000000000000000000000000000000000000000000000000000000
000000000000000000000000000000000000000000000000000000000000000000000000
000000000000000000000000000000000000000000000000000000000000000000000000
000000000000000000000000000000000000000000000000000000000000000000000000
000000000000000000000000000000000000000000000000000000000000000000000000
000000000000000000000000000000000000000000000000000000000000000000000000
000000000000000000000000000000000000000000000000000000000000000000000000
000000000000000000000000000000000000000000000000000000000000000000000000
111111000000000000000000000111111000000000000001100000111111000000000000
111111110000000000000000111111111110000000001111100001111111110000000000
000011111111111100000001110000001111000001111111100111111111111000000000
000001111111111100000111100000000111100000001111101110000011111100000001
000000111110000000001111000000000011110000000111111000000001111110000000
000000111110000000001110000000000011110000000111110000000000111110000000
000000111110000000011110000000000011111000000111100000000000011110000000
000000011110000000011110000000000011111000000111100000000000011110000000
000000011110000000011110000000000001111000000111100000000000011110000000
000000011110000000111110000000000001111000000111100000000000011110000000
000000111100000000111111111111111111111000000111100000000000011110000000
000000111000000000111111111111111111000000000111100000000000011110000000
000001111000000000111110000000000000000000000111100000000000011110000000
000011100000000000111110000000000000000000000111100000000000011110000000
111111000000000000111110000000000000000000000111100000000000011110000000
111000000000000000111110000000000000000000000111100000000000011110000000
000000000000000000011110000000000000000000000111100000000000011110000000
000000000000000000011111000000000000000000000111100000000000011110000000
000000000000000000011111100000000000000000000111100000000000011110000000
000000000000000000001111110000000000010000000111100000000000011110000000
111111111100000000000111111000000000110000000111100000000000011110000000
111111111111000000000011111111000111100000001111110000000000011111000000
111111111111100000000001111111111111000001111111111110000000011111111000
111111111111110000000000011111111100000000000000000000000000000000000000
000000001111111000000000000000000000000000000000000000000000000000000000
000000000011111000000000000000000000000000000000000000000000000000000000
000000000001111000000000000000000000000000000000000000000000000000000000
000000000001111000000000000000000000000000000000000000000000000000000000
000000000001111000000000000000000000000000000000000000000000000000000000
000000000001110000000000000000000000000000000000000000000000000000000000
000000000001110000000000000000000000000000000000000000000000000000000000
000000000011100000000000000000000000000000000000000000000000000000000000
000000000111100000000000000000000000000000000000000000000000000000000000
000000001111000000000000000000000000000000000000000000000000000000000000
000000011110000000000000000000000000000000000000000000000000000000000000
000011111000000000000000000000000000000000000000000000000000000000000000
111111100000000000000000000000000000000000000000000000000000000000000000
000000000000000000000000000000000000000000000000000000000000000000000000
000000000000000000000000000000000000000000000000000000000000000000000000
000000000000000000000000000000000000000000000000000000000000000000000000
000000000000000000000000000000000000000000000000000000000000000000000000
000000000000000000000000000000000000000000000000000000000000000000000000
000000000000000000000000000000000000000000000000000000000000000000000000
000000000000000000000000000000000000000000000000000000000000000000000000
000000000000000000000000000000000000000000000000000000000000000000000000
000000000000000000000000000000000000000000000000000000000000000000000000
000000000000000000000000000000000000000000000000000000000000000000000000
000000000000000000000000000000000000000000000000000000000000000000000000
000000000000000000000000000000000000000000000000000000000000000000000000
000000000000000000000000000000000000000000000000000000000000000000000000
000000000000000000000000000000000000000000000000000000000000000000000000
000000000000000000000000000000000000000000000000000000000000000000000000
000000000000000000000000000000000000000000000000000000000000000000000000
000000000000000000000000000000000000000000000000000000000000000000000000
000000000000000000000000000000000000000000000000000000000000000000000000
000000000000000000000000000000000000000000000000000000000000000000000000
000000000000000000000000000000000000000000000000000000000000000000000000
000000000000000000000000000000000000000000000000000000000000000000000000
000000000000000000000000000000000000000000000000000000000000000000000000
000000000000000000000000000000000000000000000000000000000000000000000000
000000000000000000000000000000000000000000000000000000000000000000000000
000000000000000000000000000000000000000000000000000000000000000000000000
000000000000000000000000000000000000000000000000000000000000000000000000
000000000000000000000000000000000000000000000000000000000000000000000000
000000000000000000000000000000000000000000000000000000000000000000000000
000000000000000000000000000000000000000000000000000000000000000000000000
000000000000000000000000000000000000000000000000000000000000000000000000
000000000000000000000000000000000000000000000000000000000000000000000000
000000000000000000000000000000000000000000000000000000000000000000000000
000000000000000000000000000000000000000000000000000000000000000000000000
000000000000000000000000000000000000000000000000000000000000000000000000
000000000000000000000000000000000000000000000000000000000000000000000000
000000000000000000000000000000000000000000000000000000000000000000000000
000000000000000000000000000000000000000000000000000000000000000000000000
000000000000000000000000000000000000000000000000000000000000000000000000
000000000000000000000000000000000000000000000000000000000000000000000000
000000000000000000000000000000000000000000000000000000000000000000000000
000000000000000000000000000000000000000000000000000000000000000000000000
000000000000000000000000000000000000000000000000000000000000000000000000
000000000000000000000000000000000000000000000000000000000000000000000000
000000000000000000000000000000000000000000000000000000000000000000000000
000000000000000000000000000000000000000000000000000000000000000000000000
000000000000000000000000000000000000000000000000000000000000000000000000
000000000000000000000000000000000000000000000000000000000000000000000000
000000000000000000000000000000000000000000000000000000000000000000000000
000000000000000000000000000000000000000000000000000000000000000000000000
