000000011100000000111110000000011111111111110000011110011111111111100000
000000111000000000011111000001111111111111110000011110110000001111110000
000001111000000000001111100000000111100000000000011111100000000111110000
000011110000000000001111100000000111100000000000011111000000000011111000
000011110000000000000111110000000111100000000000011110000000000011111000
000111110000000000000111110000000111100000000000011110000000000001111000
000111100000000000000111110000000111100000000000011110000000000001111000
000111100000000000000011110000000111100000000000011110000000000001111000
000111100000000000000011111000000111100000000000011110000000000001111000
000111100000000000000011111000000111100000000000011110000000000001111000
000111100000000000000011111000000111100000000000011110000000000001111000
000111100000000000000011110000000111100000000000011110000000000001111000
000111110000000000000011110000000111100000000000011110000000000001111000
000111110000000000000011110000000111100000000000011110000000000001111000
000111110000000000000011110000000111100000000000011110000000000001111000
000011111000000000000111100000000111100000000000011110000000000001111000
000011111000000000000111100000000111100000000000011110000000000001111000
000001111100000000001111000000000111110000000000011110000000000001111000
000001111110000000001110000000000111111001100000011110000000000001111000
000000111111000000111100000000000011111111100000111111000000000001111100
000000001111111111110000000000000001111111000111111111111000000001111111
000000000011111111000000000000000000011100000000000000000000000000000000
000000000000000000000000000000000000000000000000000000000000000000000000
000000000000000000000000000000000000000000000000000000000000000000000000
000000000000000000000000000000000000000000000000000000000000000000000000
000000000000000000000000000000000000000000000000000000000000000000000000
000000000000000000000000000000000000000000000000000000000000000000000000
000000000000000000000000000000000000000000000000000000000000000000000000
000000000000000000000000000000000000000000000000000000000000000000000000
000000000000000000000000000000000000000000000000000000000000000000000000
000000000000000000000000000000000000000000000000000000000000000000000000
000000000000000000000000000000000000000000000000000000000000000000000000
000000000000000000000000000000000000000000000000000000000000000000000000
000000000000000000000000000000000000000000000000000000000000000000000000
000000000000000000000000000000000000000000000000000000000000000000000000
000000000000000000000000000000000000000000000000000000000000000000000000
000000000000000000000000000000000000000000000000000000000000000000000000
000000000000000000000000000000000000000000000000000000000000000000000000
000000000000000000000000000000000000000000000000000000000000000000000000
000000000000000000000000000000000000000000000000000000000000000000000000
000000000000000000000000000000000000000000000000000000000000000000000000
000000000000000000000000000000000000000000000000000000000000000000000000
000000000000000000000000000000000000000000000000000000000000000000000000
000000000000000000000000000000000000000000000000000000000000000000000000
000000000000000000000000000000000000000000000000000000000000000000000000
000000000000000000000000000000000000000000000000000000000000000000000000
000000000000000000000000000000000000000000000000000000000000000000000000
000000000000000000000000000000000000000000000000000000000000000000000000
000000000000000000000000000000000000000000000000000000001111000000000000
000000000000000000000001000000000000000000000000000000111111000000000000
000000000000000000000011100000000000000000000000000001111111000000000000
000000000000000000000011100000000000000000000000000011100111000000000000
000000000000000000000011110000000000000000000000000110000001000000000000
000000000000000000000111110000000000000000000000001110000000000000000000
000000000000000000000111111000000000000000000000001110000000000000111000
000000000000000000001111111000000000000000000000011110000000000011111000
000000000000000000001111111100000000000000000000011100000000000011111000
000000000000000000001101111100000000000000000000011100000000000011111000
000000000000000000011000111100000000000000000000111100000000000001111000
000000000000000000011000111110000000000000000000111100000000000001111000
000000000000000000111000111110000000000000000000111100000000000001111000
000000000000000000110000011111000000000000000000111100000000000001111000
000000000000000001110000011111000000000000000000111110000000000011111000
000000000000000001100000001111100000000000000011111111111110000111111111
000000000000000011100000001111100000000000000111111111111110011111111111
000000000000000011000000001111100000000000000000111110000000000011111000
000000000000000011000000000111110000000000000000111100000000000011111000
000000000000000111000000000111110000000000000000111100000000000011111000
000000000000000110000000000011111000000000000000111100000000000011111000
000000000000001110000000000011111000000000000000111100000000000011111000
000000000000001100000000000001111000000000000000111100000000000011111000
000000000000011111111111111111111100000000000000111100000000000011111000
000000000000011111111111111111111100000000000000111100000000000011111000
000000000000011000000000000000111110000000000000111100000000000011111000
000000000000111000000000000000111110000000000000111100000000000011111000
000000000000110000000000000000011111000000000000111100000000000011111000
000000000001110000000000000000011111000000000000111100000000000011111000
000000000001100000000000000000011111000000000000111100000000000011111000
000000000011100000000000000000001111100000000000111100000000000011111000
000000000011100000000000000000001111100000000000111100000000000011111000
000000000111000000000000000000000111110000000000111100000000000011111000
000000000111000000000000000000000111110000000000111110000000000001111100
000000001111100000000000000000001111111000000000111110000000000001111111
000001111111111100000000000001111111111111001111111111111000000000111111
000000000000000000000000000000000000000000000000000000000000000000011111
000000000000000000000000000000000000000000000000000000000000000000000000
000000000000000000000000000000000000000000000000000000000000000000000000
000000000000000000000000000000000000000000000000000000000000000000000000
000000000000000000000000000000000000000000000000000000000000000000000000
000000000000000000000000000000000000000000000000000000000000000000000000
000000000000000000000000000000000000000000000000000000000000000000000000
000000000000000000000000000000000000000000000000000000000000000000000000
000000000000000000000000000000000000000000000000000000000000000000000000
000000000000000000000000000000000000000000000000000000000000000000000000
000000000000000000000000000000000000000000000000000000000000000000000000
000000000000000000000000000000000000000000000000000000000000000000000000
000000000000000000000000000000000000000000000000000000000000000000000000
000000000000000000000000000000000000000000000000000000000000000000000000
000000000000000000000000000000000000000000000000000000000000000000000000
000000000000000000000000000000000000000000000000000000000000000000000000
000000000000000000000000000000000000000000000000000000000000000000000000
000000000000000000000000000000000000000000000000000000000000000000000000
000000000000000000000000000000000000000000000000000000000000000000000000
000000000000000000000000000000000000000000000000000000000000000000000000
000000000000000000000000000000000000000000000000000000000000000000000000
000000000000000000000000000000000000000000000000000000000000000000000000
000000000000000000000000000000000000000000000000000000000000000000000000
000000000000000000000000000000000000000000000000000000000000000000000000
000000000000000000000000000000000000000000000000000000000000000000000000
000000000000000000000000000000000000000000000000000000000000000000000000
000000000000000000000000000000000000000000000000000000000000000000000000
000000000000000000000010000000000000000000000000000000000000000000000000
000000000000000000011110000000000000000000000000000000000000000000000000
000000000000000111111110000000000000000000000000000000000000000000000000
000000000000000111111110000000000000000000000000000000000000000000000000
000000000000000000011110000000000000000000000000000000000000000000000000
000000000000000000011110000000000000000000000000000000000000000000000000
000000000000000000011110000000000000000000000000000000000000000000000000
000000000000000000011110000000000000000000000000000000000000000000000000
000000000000000000011110000000000000000000000000000000000000000000000000
000000000000000000011110000000000000000000000000000000000000000000000000
000000000000000000011110000000000000000000000000000000000000000000000000
000000000000000000011110000000000000000000000000000000000000000000000000
000000000000000000011110000000000000000000000000000000000000000000000000
000000000001111000011110000000000000000000000000000011111000000000000000
000000000111111111011110000000000000000000000000011111111111000000000111
000000011111111111111110000000000000000000000000111000001111100000111111
000001110000000011111110000000000000000000000011110000000111110000111111
000111100000000000111110000000000000000000000111100000000011110000000111
000111000000000000011110000000000000000000001111000000000011111000000011
001110000000000000011110000000000000000000001111000000000001111000000011
011110000000000000011110000000000000000000011111000000000001111100000011
011110000000000000011110000000000000000000011110000000000001111100000011
011110000000000000011110000000000000000000011110000000000001111100000011
111110000000000000011110000000000000000000011111111111111111111100000011
111110000000000000011110000000000000000000011111111111111111111000000011
111110000000000000011110000000000000000000011110000000000000000000000011
111110000000000000011110000000000000000000011110000000000000000000000011
111110000000000000011110000000000000000000011111000000000000000000000011
111110000000000000011110000000000000000000011111000000000000000000000011
011111000000000000011110000000000000000000011111000000000000000000000011
011111000000000000111110000000000000000000011111000000000000000000000011
011111100000000001111110000000000000000000001111100000000000000000000011
001111110000000011111110000000000000000000001111110000000000000000000011
000111111000000111011110000000000000000000000111111000000000011000000011
000111111111111100011111000000000000000000000011111110000011110000000111
000001111111111000011111111000000000000000000001111111111111100000111111
000000011111110000011111111000000000000000000000011111111110000000111111
000000000000000000000000000000000000000000000000000001100000000000000000
000000000000000000000000000000000000000000000000000000000000000000000000
000000000000000000000000000000000000000000000000000000000000000000000000
000000000000000000000000000000000000000000000000000000000000000000000000
000000000000000000000000000000000000000000000000000000000000000000000000
000000000000000000000000000000000000000000000000000000000000000000000000
000000000000000000000000000000000000000000000000000000000000000000000000
000000000000000000000000000000000000000000000000000000000000000000000000
000000000000000000000000000000000000000000000000000000000000000000000000
000000000000000000000000000000000000000000000000000000000000000000000000
000000000000000000000000000000000000000000000000000000000000000000000000
000000000000000000000000000000000000000000000000000000000000000000000000
000000000000000000000000000000000000000000000000000000000000000000000000
000000000000000000000000000000000000000000000000000000000000000000000000
000000000000000000000000000000000000000000000000000000000000000000000000
000000000000000000000000000000000000000000000000000000000000000000000000
000000000000000000000000000000000000000000000000000000000000000000000000
000000000000000000000000000000000000000000000000000000000000000000000000
000000000000000000000000000000000000000000000000000000000000000000000000
000000000000000000000000000000000000000000000000000000000000000000000000
000000000000000000000000000000000000000000000000000000000000000000000000
000000000000000000000000000000000000000000000000000000000000000000000000
000000000000000000000000000000000000000000000000000000000000000000000000
000000000000000000000000000000000000000000000000000000000000000000000000
000000000000000000000000000000000000000000000000000000000000000000000000
000000000000000000000000000000000000000000000000000000000000000000000000
000000000000000000000000000000000000000000000000000000000000000000000000
000000000000000000000000000000000000000000000000000000000000000000000000
000000000000000000000000000000000000000000000000000000000000000000000000
000000000000000000000000000000000000000000000000000000000000000000000000
000000000000000000000000000000000000000000000000000000000000000000000000
