000000000000000000000000000000000000000000000000000000000000000000000000
000000000000000000000000000000000000000000000000000000000000000000000000
000000000000000000000000000000000000000000000000000000000000000000000000
000000000000000000000000000000000000000000000000000000000000000000000000
000000000000000000000000000000000000000000000000000000000000000000000000
000000000000000000000000000000000000000000000000000000000000000000000000
000000000000000000000000000100000000000000000000000000000000000000000000
000000000111110000000000111100000000000000000000000000000000000000000000
000001111111110000001111111100000000000000000000000000000000000000000111
000000111111110000001111111100000000000000000000000000000000000000000111
000000000111110000000000111100000000000000000000000000000000000000000000
000000000111110000000000111100000000000000000000000000000000000000000000
000000000111110000000000111100000000000000000000000000000001110000000000
000000000111110000000000111100000000000000000000000000000111100000000000
000000000111110000000000111100000000000000000000000000000111100000000000
000000000111110000000000111100000000000000000000000000000111100000000000
000000000111110000000000111100000000000000000000000000000111100000000000
000000000111110000000000111100000000000000000000000000000111100000000000
000000000111110000000000111100000000000000000000000000000111100000000000
000000000111110000000000111100000000000000000000000000000111100000000000
000000000111110000000000111100000000000000000000000000000111100000000000
000000000111110000000000111100000000000000000000000000001111111111110000
000000000111110000000000111100000000000000000000000001111111111111110000
000000000111110000000000111100000000000000000000000001111111110000000000
000000000111110000000000111100000000000000000000000000000111100000000000
000000000111110000000000111100000000000000000000000000000111100000000000
000000000111110000000000111100000000000000000000000000000111100000000000
000000000111110000000000111100000000000000000000000000000111100000000000
000000000111110000000000111100000000000000000000000000000111100000000000
000000000111110000000000111100000000000000000000000000000111100000000000
000000000111110000000000111100000000000000000000000000000111100000000000
000000000111110000000000111100000000000000000000000000000111100000000000
000000000111110000000000111100000000000000000000000000000111100000000000
000000000111110000000000111100000000000000000000000000000111100000000000
000000000111110000000000111100000000000000000000000000000111100000000000
000000000111110000000000111100000000000000000000000000000111100000000000
000000000111110000000000111100000000000000000000000000000111100000000000
000000000111110000000000111100000000000000000000000000000111100000000000
000000000111110000000000111100000000000000000000000000000111100000000000
000000000111110000000000111100000000000000000000000000000111110000100000
000000000111110000000001111110000000000000000000000000000111111111100000
111001111111111111001111111111110000000000000000000000000011111111000111
111001111111111110001111111111110000000000000000000000000001111110000111
000000000000000000000000000000000000000000000000000000000000000000000000
000000000000000000000000000000000000000000000000000000000000000000000000
000000000000000000000000000000000000000000000000000000000000000000000000
000000000000000000000000000000000000000000000000000000000000000000000000
000000000000000000000000000000000000000000000000000000000000000000000000
000000000000000000000000000000000000000000000000000000000000000000000000
000000000000000000000000000000000000000000000000000000000000000000000000
000000000000000000000000000000000000000000000000000000000000000000000000
000000000000000000000000000000000000000000000000000000000000000000000000
000000000000000000000000000000000000000000000000000000000000000000000000
000000000000000000000000000000000000000000000000000000000000000000000000
000000000000000000000000000000000000000000000000000000000000000000000000
000000000000000000000000000000000000000000000000000000000000000000000000
000000000000000000000000000000000000000000000000000000000000000000000000
000000000000000000000000000000000000000000000000000000000000000000000000
000000000000000000000000000000000000000000000000000000000000000000000000
000000000000000000000000000000000000000000000000000000000000000000000000
000000000000000000000000000000000000000000000000000000000000000000000000
000000000000000000000000000000000000000000000000000000000000000000000000
000000000000000000000000000000000000000000000000000000000000000000000000
000000000000000000000000000000000000000000000000000000000000000000000000
000000000000000000000000000000000000000000000000000000000000000000000000
000000000000000000000000000000000000000000000000000000000000000000000000
000000000000000000000000000000000000000000000000000000000000000000000000
000000000000000000000000000000000000000000000000000000000000000000000000
000000000000000000000000000000000000000000000000000000000000000000000000
000000000000000000000000000000000000000000000000000000000000000000000000
000000000000000001111000000000000000000000000000000000000000000000000000
000000000000011111111000000000000000000000000000000000000000000000000000
000000000000011111111000000000000000000000000000000000000000000000000000
000000000000000011111000000000000000000000000000000000000000000000000000
000000000000000011111000000000000000000000000000000000000000000000000000
000000000000000011111000000000000000000000000000000000000000000000000000
000000000000000011111000000000000000000000000000000000000000000000000000
000000000000000011111000000000000000000000000000000000000000000000000000
000000000000000011111000000000000000000000000000000000000000000000000000
000000000000000011111000000000000000000000000000000000000000000000000000
000000000000000011111000000000000000000000000000000000000000000000000000
000000000000000011111000000000000000000000000000000000000000000000000000
100000000000000011111000000000000000001111000000000000000000010000000000
111100000000000011111000000000000011111111111000000000000011110000000000
111110000000000011111000000000001111000001111110000000111111110000000011
111110000000000011111000000000011110000000011111000000111111110000000011
011111000000000011111000000000111100000000001111100000000011110000000000
001111000000000011111000000000111000000000000111110000000011110000000000
001111000000000011111000000001111000000000000111110000000011110000000000
001111000000000011111000000011110000000000000011111000000011110000000000
001111000000000011111000000011110000000000000011111000000011110000000000
001111100000000011111000000011110000000000000011111000000011110000000000
111111100000000011111000000011110000000000000011111000000011110000000000
000111100000000011111000000111110000000000000001111000000011110000000000
000111100000000011111000000111110000000000000001111000000011110000000000
000111100000000011111000000111110000000000000001111000000011110000000000
000111100000000011111000000111110000000000000001111000000011110000000000
000111100000000011111000000011111000000000000001111000000011110000000000
000111100000000011111000000011111000000000000011111000000011110000000000
001111100000000011111000000011111000000000000011110000000011110000000000
001111100000000011111000000001111100000000000011110000000011111000000000
011111100000000011111000000001111100000000000011100000000011111000000000
101111100000000011111000000000111110000000000111000000000011111100000011
001111100000000011111000000000011111000000001110000000000001111111111110
001111111100011111111111100000001111110000111100000000000000111111111100
001111111100111111111111100000000111111111110000000000000000011111111000
000000000000000000000000000000000000111110000000000000000000000000000000
000000000000000000000000000000000000000000000000000000000000000000000000
000000000000000000000000000000000000000000000000000000000000000000000000
000000000000000000000000000000000000000000000000000000000000000000000000
000000000000000000000000000000000000000000000000000000000000000000000000
000000000000000000000000000000000000000000000000000000000000000000000000
000000000000000000000000000000000000000000000000000000000000000000000000
000000000000000000000000000000000000000000000000000000000000000000000000
000000000000000000000000000000000000000000000000000000000000000000000000
000000000000000000000000000000000000000000000000000000000000000000000000
000000000000000000000000000000000000000000000000000000000000000000000000
000000000000000000000000000000000000000000000000000000000000000000000000
000000000000000000000000000000000000000000000000000000000000000000000000
000000000000000000000000000000000000000000000000000000000000000000000000
000000000000000000000000000000000000000000000000000000000000000000000000
000000000000000000000000000000000000000000000000000000000000000000000000
000000000000000000000000000000000000000000000000000000000000000000000000
000000000000000000000000000000000000000000000000000000000000000000000000
000000000000000000000000000000000000000000000000000000000000000000000000
000000000000000000000000000000000000000000000000000000000000000000000000
000000000000000000000000000000000000000000000000000000000000000000000000
000000000000000000000000000000000000000000000000000000000000000000000000
000000000000000000000000000000000000000000000000000000000000000000000000
000000000000000000000000000000000000000000000000000000000000000000000000
000000000000000000000000000000000000000000000000000000000000000000000000
000000000000000000000000000000000000000000000000000000000000000000000000
000000000000000000000000000000000000000000000000000000000000000000000000
000000000000000000000000000000000000000000000000000000000000000000000000
000000000000000000000000000000000000000000000000000000000000000000000000
000000000000000000000000000000000000000000000000000000000000000000000000
000000000000000000000000000000000000000000000000000000000000000000000000
000000000000000000000000000000000000000000000000000000000000000000000000
000000000000000000000000000000000000000100000000000000000000000000000000
000000000000000000000000000000000000111100000000000000000000000000000000
000000000000000000000000000000000001111100000000000000000000000000000000
000000000000000000000000000000000001111100000000000000000000000000000000
000000000000000000000000000000000001111100000000000000000000000000000000
000000000000000000000000000000000001111100000000000000000000000000000000
000000000000000000000000000000000001111100000000000000000000000000000000
000000000000000000000000000000000001111100000000000000000000000000000000
000000000000011111111100000000000001111100000000000000000000111111111110
000000000001111111111111000000000001111111111100000000000000111111111100
000000000011100001111111000000000111111111111100000000000000001111110000
000000000111000000001111100000001111111111111100000000000000000111110000
100000000110000000000111100000000001111100000000000000000000000111110000
100000000110000000000111100000000001111100000000000000000000000011111000
100000000000000000000111110000000001111100000000000000000000000011111000
100000000000000000000011110000000001111100000000000000000000000001111000
100000000000000000000111110000000001111100000000000000000000000001111100
100000000000000001111111110000000001111100000000000000000000000000111100
100000000000011111110011110000000001111100000000000000000000000000111100
100000000001111000000011110000000001111100000000000000000000000000111110
100000000111100000000011110000000001111100000000000000000000000000011110
100000001111100000000011110000000001111100000000000000000000000000011111
100000001111000000000011110000000001111100000000000000000000000000001111
100000011111000000000011110000000001111100000000000000000000000000001111
100000011110000000000011110000000001111100000000000000000000000000001111
100000011111000000000111110000000001111100000000000000000000000000000111
100000011111000000001111110000000001111100000000000000000000000000000111
100000001111100000011011110000000001111100000000000000000000000000000011
100000001111110011100011110000000000111111111100000000000000000000000011
111100000111111111000011111100000000111111111000000000000000000000000011
111110000011111100000111111110000000011111110000000000000000000000000001
000000000000000000000000000000000000000000000000000000000000000000000001
000000000000000000000000000000000000000000000000000000000000000000000001
000000000000000000000000000000000000000000000000000000000000000000000001
000000000000000000000000000000000000000000000000000000000000000000000001
000000000000000000000000000000000000000000000000000000000000000000000011
000000000000000000000000000000000000000000000000000000000000000000000011
000000000000000000000000000000000000000000000000000000000000000000000110
000000000000000000000000000000000000000000000000000000000000000000000110
000000000000000000000000000000000000000000000000000000000000000000001100
000000000000000000000000000000000000000000000000000000000000000000011100
