000000000000000000000000000000000000000000000000000000000000000000000000
000000000000000000000000000000000000000000000000000000000000000000000000
000000000000000000000000000000000000000000000000000000000000000000000000
000000000000000000000000000000000000000000000000000000000000000000000000
000000000000000000000000000000000000000000000000000000000000000000000000
000000000000000000000000000000000000000000000000000000000000000000000000
000000000000000000000000000000000000000000000000000000000000000000000000
000000000000000000000000000000000000000000000000000000000000000000000000
000000000000000000000000000000000000000000000000000000000000000000000000
000000000000000000000000000000000000000000000000000000000000000000000000
000000000000000000000000000000000000000000000000000000000000000000000000
000000000000000000000000000000000000000000000000000000000000000000000000
000000000000000000000000000000000000000000000000000000000000000000000000
000000000000000000000000000000000000000000000000000000000000000000000000
000000000000000000000000000000000000000000000000000000000000000000000000
000000000000000000000000000000000000000000000000000000000000000000000000
000000000000000000000000000000000000000000000000000000000000000000000000
000000000000000000000000000000000000000000000000000000000000000000000000
000000000000000000000000000000000000000000000000000000000000000000000000
000000000000000000000000000000000000000000000000000000000000000000000000
000000000000000000000000000000000000000000000000000000000000000000000000
000000000000000000000000000000000000000000000000000000000000000000000000
000000000000000000000000000000000000000000000000000000000000000000000000
000000000000000000000000000000000000000000000000000000000000000000000000
000000000000000000000000000000000000000000000000000000000000000000000000
000000000000000000000000000000000000000000000000000000000000000000000000
000000000000000000000000000000000000000000000000000000000000000000000000
000000000000000000000000000000000000000000000000000000000000000000000000
000000000000000000000000000000000000000000000000000000000000000000000000
000000000000000000000000000000000000000000000000000000000000000000000000
000000000000000000000000000000000000000000000000000000000000000000000000
000000000000000000000000000000000000000000000000000000000000000000000000
000000000000000000000000000000000000000000000000000000000000000000000000
000000000000000000000000000000000000000000000000000000000000000000000000
000000000000000000000000000000000000000000000000000000000000000000000000
000000000000000000000000000000000000000000000000000000000000000000000000
000000000000000000000000000000000000000000000000000000000000000000000000
111100000000000000000000000000000000000000000000000000000000000000000000
111100000000000000000000000000000000000000000000000000000000000000000000
111100000000000000000000000000000000000000000000000000000000000000000000
111100000000000000000000000000000000000000000000000000000000000000000000
111100000000000000000000000000000000000000000000000000000000000000000000
111100000000000000000000000000000000000000000000000000000000000000000000
111100000000000000000000000000000000000000000000000000000000000000000000
111100000000000000000000000000000000000000000000000000000000000000000000
111100000000000000000000000000000000000000000000000000000000000000000000
111100000000000000000000000000000000000000000000000000000000000000000000
111100000000000000000000000000000000000000000000000000000000000000000000
111100000000000000000000000000000000000000000000000000000000000000000000
111100000000000000011111000000000000000000000000000000000000000000000000
111100000000000011111111111000000001111111111110000011111111100000000000
111100000000000111111111111100000000011111110000000000011110000000000000
111100000000011110000011111100000000001111100000000000011100000000000000
111100000000011100000000111110000000001111100000000000011100000000000000
111100000000011000000000011110000000000111100000000000011000000000000000
111100000000011000000000011110000000000111110000000000111000000000000000
111100000000000000000000011111000000000011110000000000110000000000000000
111100000000000000000000001111000000000011111000000000110000000000000000
111100000000000000000000111111000000000011111000000001100000000000000000
111100000000000000011111111111000000000001111000000001100000000000000000
111100000000000011111100001111000000000001111100000011000000000000000000
111100000000001111100000001111000000000000111100000011000000000000000000
111100000000011110000000001111000000000000111110000011000000000000000000
111100000000111100000000001111000000000000011110000110000000000000000000
111100000000111100000000001111000000000000011110000110000000000000000000
111100000001111000000000001111000000000000011111001100000000000000000000
111100000001111000000000011111000000000000001111001100000000000000000000
111100000001111100000000011111000000000000001111101000000000011100000000
111100000001111100000001111111000000000000000111111000000000111110000000
111100000000111110000011001111000000000000000111111000000000111111000000
111100000000111111111110001111000000000000000111110000000000111111000000
111111110000011111111000011111111000000000000011110000000000111110000000
111111110000001111110000001111111000000000000011100000000000001100000000
000000000000000000000000000000000000000000000001100000000000000000000000
000000000000000000000000000000000000000000000011000000000000000000000000
000000000000000000000000000000000000000000000011000000000000000000000000
000000000000000000000000000000000000000000000011000000000000000000000000
000000000000000000000000000000000000000000000110000000000000000000000000
000000000000000000000000000000000000000000000110000000000000000000000000
000000000000000000000000000000000000000000001100000000000000000000000000
000000000000000000000000000000000000000000001100000000000000000000000000
000000000000000000000000000000000000000000011000000000000000000000000000
000000000000000000000000000000000000010000111000000000000000000000000000
000000000000000000000000000000000000011111110000000000000000000000000000
000000000000000000000000000000000000111111100000000000000000000000000000
000000000000000000000000000000000000111111000000000000000000000000000000
000000000000000000000000000000000000011100000000000000000000000000000000
000000000000000000000000000000000000000000000000000000000000000000000000
000000000000000000000000000000000000000000000000000000000000000000000000
000000000000000000000000000000000000000000000000000000000000000000000000
000000000000000000000000000000000000000000000000000000000000000000000000
000000000000000000000000000000000000000000000000000000000000000000000000
000000000000000000000000000000000000000000000000000000000000000000000000
000000000000000000000000000000000000000000000000000000000000000000000000
000000000000000000000000000000000000000000000000000000000000000000000000
000000000000000000000000000000000000000000000000000000000000000000000000
000000000000000000000000000000000000000000000000000000000000000000000000
000000000000000000000000000000000000000000000000000000000000000000000000
000000000000000000000000000000000000000000000000000000000000000000000000
000000000000000000000000000000000000000000000000000000000000000000000000
000000000000000000000000000000000000000000000000000000000000000000000000
000000000000000000000000000000000000000000000000000000000000000000000000
000000000000000000000000000000000000000000000000000000000000000000000000
000000000000000000000000000000000000000000000000000000000000000000000000
000000000000000000000000000000000000000000000000000000000000000000000000
000000000000000000000000000000000000000000000000000000000000000000000000
000000000000000000000000000000000000000000000000000000000000000000000000
000000000000000000000000000000000000000000000000000000000000000000000000
000000000000000000000000000000000000000000000000000000000000000000000000
000000000000000000000000000000000000000000000000000000000000000000000000
000000000000000000000000000000000000000000000000000000000000000000000000
000000000000000000000000000000000000000000000000000000000000000000000000
000000000000000000000000000000000000000000000000000000000000000000000000
000000000000000000000000000000000000000000000000000000000000000000000000
000000000000000000000000000000000000000000000000000000000000000000000000
111111111100000000000000000001111111100000000001110000111110000000001111
110000111111000000000000001111111111111000111111110001111110000000111111
000000001111100000000000011110000111111001111111110011111110000011110000
000000000111110000000001111000000001110000000111110111111110000011000000
000000000011111000000011110000000000110000000111111100001110000011000000
000000000011111000000011100000000000110000000111111000000110000010000000
000000000001111100000111100000000000010000000111110000000000000000000000
000000000001111100001111000000000000000000000111110000000000000000000000
000000000001111100001111000000000000000000000111110000000000000000000000
000000000000111100001111000000000000000000000111110000000000000000000001
000000000000111110001111000000000000000000000111110000000000000000011111
000000000000111110001111000000000000000000000111110000000000000001111100
000000000000111110011111000000000000000000000111110000000000000011110000
000000000000111100001111000000000000000000000111110000000000000111100000
000000000000111100001111000000000000000000000111110000000000001111000000
000000000000111100001111100000000000000000000111110000000000001111000000
000000000000111000001111100000000000000000000111110000000000001111000000
000000000001111000000111110000000000000000000111110000000000001111000000
000000000001110000000111111000000000000000000111110000000000001111000000
000000000011110000000011111100000000000000000111110000000000001111100000
100000000011100000000001111110000000011000000111110000000000001111111001
110000001110000000000000111111111111110000011111111110000000000111111111
111111111100000000000000011111111111100001111111111111100000000011111110
111111100000000000000000000011111100000000000000000000000000000000010000
000000000000000000000000000000000000000000000000000000000000000000000000
000000000000000000000000000000000000000000000000000000000000000000000000
000000000000000000000000000000000000000000000000000000000000000000000000
000000000000000000000000000000000000000000000000000000000000000000000000
000000000000000000000000000000000000000000000000000000000000000000000000
000000000000000000000000000000000000000000000000000000000000000000000000
000000000000000000000000000000000000000000000000000000000000000000000000
000000000000000000000000000000000000000000000000000000000000000000000000
000000000000000000000000000000000000000000000000000000000000000000000000
000000000000000000000000000000000000000000000000000000000000000000000000
000000000000000000000000000000000000000000000000000000000000000000000000
000000000000000000000000000000000000000000000000000000000000000000000000
000000000000000000000000000000000000000000000000000000000000000000000000
000000000000000000000000000000000000000000000000000000000000000000000000
000000000000000000000000000000000000000000000000000000000000000000000000
000000000000000000000000000000000000000000000000000000000000000000000000
000000000000000000000000000000000000000000000000000000000000000000000000
000000000000000000000000000000000000000000000000000000000000000000000000
000000000000000000000000000000000000000000000000000000000000000000000000
000000000000000000000000000000000000000000000000000000000000000000000000
000000000000000000000000000000000000000000000000000000000000000000000000
000000000000000000000000000000000000000000000000000000000000000000000000
000000000000000000000000000000000000000000000000000000000000000000000000
000000000000000000000000000000000000000000000000000000000000000000000000
000000000000000000000000000000000000000000000000000000000000000000000000
000000000000000000000000000000000000000000000000000000000000000000000000
000000000000000000000000000000000000000000000000000000000000000000000000
000000000000000000000000000000000000000000000000000000000000000000000000
110000000000000000000000000000000000000000000000000000000000000000000000
110000000000000000000000000000000000000000000000000000000000000000000000
111000000000000000000000000000000000000000000000000000000000000000000000
111000000000000010000000000000000000000000000000000000000000000000000000
110000000000001110000000000000000000000000000000000000000000000000000000
000000000000111110000000000000000000000000000000000000000000000000000000
000000000000111110000000000000000000000000000000000000000000000000000000
000000000000111110000000000000000000000000000000000000000000000000000000
000000000000111110000000000000000000000000000000000000000000000000000000
000000000000111100000000000000000000000000000000000000000000000000000000
000000000000111100000000000000000000000000000000000000000000000000000000
110000000000111100000000111111111111000001111111111000000000000000000000
