000000000000000000001111111100000000000000000000000000000000000000000000
000000000000000000000000111100000000000000000000000000000000000000000000
000000000000000000000000111100000000000000000000000000000000000000000000
000000000001100000000000111100000000000000000000000000000000000000000000
000000000111100000000000111100000000000000000000000000000000000000000000
000000001111100000000000111100000000000000000000000000000000000000000000
000000000111100000000000111100000000000000000000000000000000000000000000
000000000111100000000000111100000000000000000000000000000000000000000000
000000000111100000000000111100000000000000000000000000000000000000000000
000000000111100000000000111100000000000000000000000000000000000000000000
000000000111100000000000111100000001100000000000000000000000011000000000
000000000111100000000000111100001111111110000000000000000111111111000000
000000001111111111100000111100011111111111000000000000001110000111110000
000000111111111111100000111100111111111111100000000000111000000001111000
000001111111111111100000111111100000001111110000000001110000000001111100
000000001111100000000000111111000000000111110000000011110000000000111100
000000001111100000000000111110000000000011110000000011100000000000111110
000000001111100000000000111110000000000011110000000111100000000000111110
000000001111100000000000111100000000000011110000000111100000000000011110
000000001111100000000000111100000000000011110000001111100000000000011110
000000001111100000000000111100000000000011110000001111110000000000111110
000000001111100000000000111100000000000011110000001111111111111111111110
000000001111100000000000111100000000000011110000001111100000000000000000
000000001111100000000000111100000000000011110000001111100000000000000000
000000001111100000000000111100000000000011110000001111100000000000000000
000000001111100000000000111100000000000011110000001111100000000000000000
000000001111100000000000111100000000000011110000000111100000000000000000
000000001111100000000000111100000000000011110000000111110000000000000000
000000001111100000000000111100000000000011110000000111110000000000000000
000000001111100000000000111100000000000011110000000011111000000000000000
000000000111100000000000111100000000000011110000000011111100000000000100
000000000111111111100000111110000000000011111000000001111111000000011100
000000000111111111000111111111110000000011111111000000111111111111111000
000000000011111110001111111111110000000011111111000000001111111111100000
000000000000000000000000000000000000000000000000000000000001111100000000
000000000000000000000000000000000000000000000000000000000000000000000000
000000000000000000000000000000000000000000000000000000000000000000000000
000000000000000000000000000000000000000000000000000000000000000000000000
000000000000000000000000000000000000000000000000000000000000000000000000
000000000000000000000000000000000000000000000000000000000000000000000000
000000000000000000000000000000000000000000000000000000000000000000000000
000000000000000000000000000000000000000000000000000000000000000000000000
000000000000000000000000000000000000000000000000000000000000000000000000
000000000000000000000000000000000000000000000000000000000000000000000000
000000000000000000000000000000000000000000000000000000000000000000000000
000000000000000000000000000000000000000000000000000000000000000000000000
000000000000000000000000000000000000000000000000000000000000000000000000
000000000000000000000000000000000000000000000000000000000000000000000000
000000000000000000000000000000000000000000000000000000000000000000000000
000000000000000000000000000000000000000000000000000000000000000000000000
000000000000000000000000000000000000000000000000000000000000000000000000
000000000000000000000000000000000000000000000000000000000000000000000000
000000000000000000000000000000000000000000000000000000000000000000000000
000000000000000000000000000000000000000000000000000000000000000000000000
000000000000000000000000000000000000000000000000000000000000000000000000
000000000000000000000000000000000000000000000000000000000000000000000000
000000000000000000000000000000000000000000000000000000000000000000000000
000000000000000000000000000000000000000000000000000000000000000000000000
000000000000000000000000000000000000000000000000000000000000000000000000
000000000000000000000000000000000000000000000000000000000000000000000000
000000000000000000000000000000000000000000000000000000000000000000000000
000000000000000000000000000000000000000000000000000000000000000000000000
000000000000000000000000000000000000000000000000000000000000000000000000
000000000000000000000000000000000000000000000000000000000000000000000000
000000000000000000000000000000000000000000000000000000000000000000000000
000000000000000000000000000000000000000000000000000000000000000000000000
000000000000000000000000000000000000000000000000000000000000000000000000
000000000000000000000000000000000000000000000000000000000000000000000000
000000000000000000000000000000000000000000000000000000000000000000000000
000000000000000000000000000000000000000000000000000000000000000000000000
000000000000000000000000000000000000000000000000000000000000000000000000
000000000000000000000000000000000000000000000000000000000000000000000000
000000000000000000000000000000000000000000000000000000000000000000000000
000000000000000000000000000000000000000000000000000000000000000000000000
111111111100000111111111100000000001111111100000000000001110000011110011
111111111000000011111111000000000111100011111000000011111110001111110001
011111000000000000011100000000001110000000111100000111111110011111110000
001111000000000000011000000000111100000000111110000000111110011111110000
001111100000000000111000000001111000000000011110000000011111110000110000
001111100000000000110000000001111000000000011111000000011111100000010000
000111100000000000110000000011110000000000001111000000011111000000000000
000111110000000001100000000011110000000000001111000000011111000000000000
000011110000000001100000000011110000000000001111000000011110000000000000
000011111000000001000000000011110000000000001111000000011110000000000000
000001111000000011000000000111111111111111111111000000011110000000000000
000001111000000010000000000111111111111111000000000000011110000000000000
000001111100000110000000000111110000000000000000000000011110000000000000
000000111100000110000000000111110000000000000000000000011110000000000000
000000111110001100000000000111110000000000000000000000011110000000000000
000000011110001100000000000011111000000000000000000000011110000000000000
000000011111001000000000000011111000000000000000000000011110000000000000
000000001111011000000000000011111000000000000000000000011110000000000000
000000001111110000000000000001111100000000000000000000011110000000000000
000000001111110000000000000001111110000000000011000000011110000000000000
000000000111110000000000000000111111100000001110000000011111000000000000
000000000111100000000000000000011111111111111100000001111111110000000000
000000000011100000000000000000000111111111111000000111111111111100000000
000000000000000000000000000000000001111111000000000000000000000000000000
000000000000000000000000000000000000000000000000000000000000000000000000
000000000000000000000000000000000000000000000000000000000000000000000000
000000000000000000000000000000000000000000000000000000000000000000000000
000000000000000000000000000000000000000000000000000000000000000000000000
000000000000000000000000000000000000000000000000000000000000000000000000
000000000000000000000000000000000000000000000000000000000000000000000000
000000000000000000000000000000000000000000000000000000000000000000000000
000000000000000000000000000000000000000000000000000000000000000000000000
000000000000000000000000000000000000000000000000000000000000000000000000
000000000000000000000000000000000000000000000000000000000000000000000000
000000000000000000000000000000000000000000000000000000000000000000000000
000000000000000000000000000000000000000000000000000000000000000000000001
000000000000000000000000000000000000000000000000000000000000000000000001
000000000000000000000000000000000000000000000000000000000000000000000000
000000000000000000000000000000000000000000000000000000000000000000000000
000000000000000000000000000000000000000000000000000000000000000000000000
000000000000000000000000000000000000000000000000000000000000000000000000
000000000000000000000000000000000000000000000000000000000000000000000000
000000000000000000000000000000000000000000000000000000000000000000000000
000000000000000000000000000000000000000000000000000000000000000000000000
000000000000000000000000000000000000000000000000000000000000000000000000
000000000000000000000000000000000000000000000000000000000000000000000000
000000000000000000000000000000000000000000000000000000000000000000000000
000000000000000000000000000000000000000000000000000000000000000000000000
000000000000000000000000000000000000000000000000000000000000000000000000
000000000000000000000000000000000000000000000000000000000000000000000000
000000000000000111100000000000111110000000000000000000000000000000000000
000000000000011111100000000001111110000000000000000000000000000000000000
000000000000111111100000000011111110000000000000000000000000000000000000
000000000001110001100000000110001110000000000000000000000000000000000000
000000000011100000000000001100000000000000000000000000000000000000000000
000000000111000000000000011100000000000000000000000000000000000000000000
000000000111000000000000011100000000000000000000000000000000000000000000
000000001111000000000000111100000000000000000000000000000000000000000000
000000001111000000000000111000000000000000000000000000000000000000000000
000000001111000000000001111000000000000000000000000000000000000000000000
000000001111000000000001111000000000000000000000000000000000000000000000
000000001111000000000001111000000000000000000000000000000000000000000000
000000011111000000000001111000000000000000000000000000000000000000000000
000000011111000000000001111000000000000000000000000000001100000000000000
000000011111001111000001111100111100000000000000000011111100000000001111
000001111111111111000111111111111100000000000000001111111100000000111111
000011111111111111001111111111111100000000000000000001111100000000000111
000000011111000000000001111000000000000000000000000001111100000000000111
000000011111000000000001111000000000000000000000000000111100000000000011
000000011111000000000001111000000000000000000000000000111100000000000011
000000011111000000000001111000000000000000000000000000111100000000000011
000000011111000000000001111000000000000000000000000000111100000000000011
000000011111000000000001111000000000000000000000000000111100000000000011
100000011111000000000001111000000000000000000000000000111100000000000011
100000011111000000000001111000000000000000000000000000111100000000000011
100000011111000000000001111000000000000000000000000000111100000000000011
000000011111000000000001111000000000000000000000000000111100000000000011
000000011111000000000001111000000000000000000000000000111100000000000011
000000011111000000000001111000000000000000000000000000111100000000000011
000000011111000000000001111000000000000000000000000000111100000000000111
000000011111000000000001111000000000000000000000000000111100000000000111
000000011111000000000001111000000000000000000000000000111100000000001111
000000011111000000000001111000000000000000000000000000111110000000011011
000000011111000000000001111100000000000000000000000000111111100001110011
000000011111100000000011111100000000000000000000000000011111111111100111
000111111111111100011111111111110000000000000000000000001111111110000111
000000000000000000000000000000000000000000000000000000000011111000000000
000000000000000000000000000000000000000000000000000000000000000000000000
000000000000000000000000000000000000000000000000000000000000000000000000
000000000000000000000000000000000000000000000000000000000000000000000000
000000000000000000000000000000000000000000000000000000000000000000000000
000000000000000000000000000000000000000000000000000000000000000000000000
000000000000000000000000000000000000000000000000000000000000000000000000
000000000000000000000000000000000000000000000000000000000000000000000000
000000000000000000000000000000000000000000000000000000000000000000000000
000000000000000000000000000000000000000000000000000000000000000000000000
000000000000000000000000000000000000000000000000000000000000000000000000
000000000000000000000000000000000000000000000000000000000000000000000000
000000000000000000000000000000000000000000000000000000000000000000000000
000000000000000000000000000000000000000000000000000000000000000000000000
000000000000000000000000000000000000000000000000000000000000000000000000
000000000000000000000000000000000000000000000000000000000000000000000000
000000000000000000000000000000000000000000000000000000000000000000000000
000000000000000000000000000000000000000000000000000000000000000000000000
000000000000000000000000000000000000000000000000000000000000000000000000
