000000000000000000000000000000000000000000000000000000000000000000000000
000000000000000000000000000000000000000000000000000000000000000000000000
000000000000000000000000000000000000000000000000000000000000000000000000
000000000000000000000000000000000000000000000000000000000000000000000000
000000000000000000000000000000000000000000000000000000000000000000000000
000000000000000000000000000000000000000000000000000000000000000000000000
000000000000000000000000000000000000000000000000000000000000000000000000
000000000000000000000000000000000000000000000000000000000000000000000000
000000000000000000000000000000000000000000000000000000000000000000000000
000000000000000000000000000000000000000000000000000000000000000000000000
000000000000000000000000000000000000000000000000000000000000000000000000
000000000000000000000000000000000000000000000000000000000000000000000000
000000000000000000000000000000000000000000000000000000000000000000000000
000000000000000000000000000000000000000000000000000000000000000000000000
000000000000000000000000000000000000000000000000000000000000000000000000
000000000000000000000000000000000000000000000000000000000000000000000000
000000000000000000000000000000000000000000000000000000000000000000000000
000000000000000000000000000000000000000000000000000000000000000000000000
000000000000000000000000000000000000000000000000000000000000000000000000
000000000000000000000000000000000000000000000000000000000000000000000000
000000000000000000000000000000000000000000000000000000000000000000000000
000000000000000000000000000000000000000000000000000000000000000000000000
000000000000000000000000000000000000000000000000000000000000000000000000
000000000000000000000000000000000000000000000000000000000000000000000000
000000000000000000000000000000000000000000000000000000000000000000000000
000000000000000000000000000000000000000000000000000000000000000000000000
000000000000000000000000000000000000000000000000000000000000000000000000
000000000000000000000000000000000000000000000000000000000000000000000000
000000000000000000000000000000000000000000000000000000000000000000000000
000000000000000000000000000000000000000000000000000000000000000000000000
000000000111000011111111000000000000000001111111100000000000000000000000
000001111111000111111111100000000000000111100011111000000000000000000000
000011111111001111111111110000000000001110000000111100000000000000000000
000000011111011000000111111000000000011100000000011110000000000000000000
000000011111100000000011111000000000111000000000011110000000000000000000
000000001111100000000001111000000001111000000000011111000000000000000000
100000001111000000000001111100000011111000000000001111000000000000000000
100000001111000000000001111100000011110000000000001111000000000000000000
100000001111000000000000111100000011110000000000001111000000000000000000
100000001111000000000000111100000011111000000000001111000000000000000000
110000001111000000000000111100000011111111111111111111000000000000000000
110000001111000000000000111100000111111111111111100000000000000000000000
110000001111000000000000111100000111110000000000000000000000000000000000
100000001111000000000000111100000011110000000000000000000000000000000000
100000001111000000000000111100000011110000000000000000000000000000000000
100000001111000000000000111100000011111000000000000000000000000000000000
100000001111000000000000111100000011111000000000000000000000000000000000
000000001111000000000000111100000011111100000000000000000000000000000000
000000001111000000000000111100000001111100000000000000000000000000000000
000000001111000000000000111100000001111110000000000001000000000000000000
000000011111000000000000111100000000111111100000000110000000000000000000
000000111111100000000000111110000000011111111111111110000000000000000000
000111111111111100000000111111110000000111111111111000000000000000000000
000000000000000000000000000000000000000001111111000000000000000000000000
000000000000000000000000000000000000000000000000000000000000000000000000
000000000000000000000000000000000000000000000000000000000000000000000000
000000000000000000000000000000000000000000000000000000000000000000000000
000000000000000000000000000000000000000000000000000000000000000000000000
000000000000000000000000000000000000000000000000000000000000000000000000
000000000000000000000000000000000000000000000000000000000000000000000000
000000000000000000000000000000000000000000000000000000000000000000000000
000000000000000000000000000000000000000000000000000000000000000000000000
000000000000000000000000000000000000000000000000000000000000000000000000
000000000000000000000000000000000000000000000000000000000000000000000000
000000000000000000000000000000000000000000000000000000000000000000000000
000000000000000000000000000000000000000000000000000000000000000000000000
000000000000000000000000000000000000000000000000000000000000000000000000
000000000000000000000000000000000000000000000000000000000000000000000000
000000000000000000000000000000000000000000000000000000000000000000000000
000000000000000000000000000000000000000000000000000000000000000000000000
000000000000000000000000000000000000000000000000000000000000000000000000
000000000000000000000000000000000000000000000000000000000000000000000000
000000000000000000000000000000000000000000000000000000000000000000000000
000000000000000000000000000000000000000000000000000000000000000000000000
000000000000000000000000000000000000000000000000000000000000000000000000
000000000000000000000000000000000000000000000000000000000000000000000000
000000000000000000000000000000000000000000000000000000000000000000000000
000000000000000000000000000000000000000000000000000000000000000000000000
000000000000000000000000000000000000000000000000000000000000000000000000
000000000000000000000000000000000000000000000000000000000000000000000000
000000000000000000000010000000000000000000000000000000000000000000000000
000000000000000000111110000000000000000000000000000000000000000000000000
000000000000000111111110000000000000000000000000000000000000000000000000
000000000000000000111110000000000000000000000000000000000000000000000000
000000000000000000011110000000000000000000000000000000000000000000000000
000000100000000000011110000000000000000000000000000000000000000000000000
000011100000000000011110000000000000000000000000000000000000000000000000
001111100000000000011110000000000000000000000000000000000000000000000000
000111100000000000011110000000000000000000000000000000000000000000000000
000111100000000000011110000000000000000000000000000000000000000000000000
000111100000000000011110000000000000000000000000000000000000000000000000
000111100000000000011110000000000000000000000000000000000000000000000000
000111100000000000011110000000000000000000000000000000000000000000000000
000111100000000000011110000001111000111100000011100011100000000000000000
001111100000000000011110000001111111111100000011111111100000000000000000
011111111111100000011110000000011111100000000000011110000000000000000000
111111111111100000011110000000001111100000000000011100000000000000000000
001111100000000000011110000000000111100000000000011000000000000000000000
001111100000000000011110000000000111110000000000011000000000000000000000
001111100000000000011110000000000111110000000000111000000000000000000000
001111100000000000011110000000000011110000000000110000000000000000000000
001111100000000000011110000000000011111000000001110000000000000000000000
001111100000000000011110000000000001111000000001100000000000000000000000
001111100000000000011110000000000001111000000001100000000000000000000000
001111100000000000011110000000000001111100000011000000000000000000000000
001111100000000000011110000000000000111100000011000000000000000000000000
001111100000000000011110000000000000111110000110000000000000000000000000
001111100000000000011110000000000000011110000110000000000000000000000000
001111100000000000011110000000000000011110000110000000000000000000000000
001111100000000000011110000000000000011111001100000000000000000000000000
001111100000000000011110000000000000001111001100000000000000000000000000
001111100000000000011110000000000000001111111000000000000000000000000000
000111100000000000011110000000000000000111111000000000000000000000000000
000111110001100000011110000000000000000111110000000000000000000000000000
000111111111000000111111000000000000000011110000000000000000000000000000
000011111110000111111111111000000000000011110000000000000000000000000000
000000111100000000000000000000000000000011100000000000000000000000000000
000000000000000000000000000000000000000001100000000000000000000000000000
000000000000000000000000000000000000000011000000000000000000000000000000
000000000000000000000000000000000000000011000000000000000000000000000000
000000000000000000000000000000000000000110000000000000000000000000000000
000000000000000000000000000000000000000110000000000000000000000000000000
000000000000000000000000000000000000000110000000000000000000000000000000
000000000000000000000000000000000000001100000000000000000000000000000000
000000000000000000000000000000000000011100000000000000000000000000000000
000000000000000000000000000000000000011000000000000000000000000000000000
000000000000000000000000000000010001111000000000000000000000000000000000
000000000000000000000000000000111111110000000000000000000000000000000000
000000000000000000000000000000111111100000000000000000000000000000000000
000000000000000000000000000000111111000000000000000000000000000000000000
000000000000000000000000000000000000000000000000000000000000000000000000
000000000000000000000000000000000000000000000000000000000000000000000000
000000000000000000000000000000000000000000000000000000000000000000000000
000000000000000000000000000000000000000000000000000000000000000000000000
000000000000000000000000000000000000000000000000000000000000000000000000
000000000000000000000000000000000000000000000000000000000000000000000000
000000000000000000000000000000000000000000000000000000000000000000000000
000000000000000000000000000000000000000000000000000000000000000000000000
000000000000000000000000000000000000000000000000000000000000000000000000
000000000000000000000000000000000000000000000000000000000000000000000000
000000000000000000000000000000000000000000000000000000000000000000000000
000000000000000000000000000000000000000000000000000000000000000000000000
000000000000000000000000000000000000000000000000000000000000000000000000
000000000000000000000000000000000000000000000000000000000000000000000000
000000000000000000000000000000000000000000000000000000000000000000000000
000000000000000000000000000000000000000000000000000000000000000000000000
000000000000000000000000000000000000000000000000000000000000000000000000
000000000000000000000000000000000000000000000000000000000000000000000000
000000000000000000000000000000000000000000000000000000000000000000000000
000000000000000000000000000000000000000000000000000000000000000000000000
000000000000000000000000000000000000000000000000000000000000000000000000
000000000000000000000000000000000000000000000000000000000000000000000000
000000000000000000000000000000000000000000000000000000000000000000000000
000000000000000000000000000000000000000000000000000000000000000000000000
000000000000000000000000000000000000000000000000000000000000000000000000
000000000000000000000000000000000000000000000000000000000000000000000000
000000000000000000000000000000000000000000000000000000000000000000000000
000000000000000000000000000000000000000000000000000000000000000000000000
000000000000000000000000000000000000000000000000000000000000000000000000
000000000000000000000000000000000000000000000000000000000000000000000000
000000000000000000000000000000000000000000000000000000000000000000000000
000000000000000000000000000000000000000000000000000000000000000000000000
000000000000000000000000000000000000000000000000000000000000000000000000
000000000000000000000000000000000000000000000000000000000000000000000000
000000000000000000000000000000000000000000000000000000000000000000000000
000000000000000000000000000000000000000000000000000000000000000000000000
000000000000000000000000000000000000000000000000000000000000000000000000
000000000000000000000000000000000000000000000000000000000000000000000000
000000000000000000000000000000000000000000000000000000000000000000000000
000000000000000000000000000000000000000000000000000000000000000000000000
000000000000000000000000000000000000000000000000000000000000000000000000
000000000000000000000000000000000000000000000000000000000000000000000000
000000000000000000000000000000000000000000000000000000000000000000000000
000000000000000000000000000000000000000000000000000000000000000000000000
000000000000000000000000000000000000000000000000000000000000000000000000
000000000000000000000000000000000000000000000000000000000000000000000000
000000000000000000000000000000000000000000000000000000000000000000000000
000000000000000000000000000000000000000000000000000000000000000000000000
000000000000000000000000000000000000000000000000000000000000000000000000
