000011110000000000111100000000011110000000000001111000000000011110000000
000011110000000000111100000000011110000000000001111000000000011110000000
000011110000000000111100000000011110000000000001111000000000011110000000
000011110000000000111100000000011110000000000001111000000000011110000000
000011110000000000111100000000011110000000000001111000000000011110000000
000011110000000000111100000000011110000000000001111000000000011110000000
000111110000000000111100000000011110000000000001111000000000011110000000
001111110000000000111100000000011110000000000001111000000000011110000000
011111110000000000111100000000011110000000000001111000000000011110000000
110011110000000001111100000000011111000000000001111100000000011111000110
000111110000000001111100000000011111000000000001111100000000011111111110
000111111110011111111111110111111111111000000001111111100000001111111100
000010000000001000000000100010000000011000000000100000100000000111111000
000000000000000000000000000000000000000000000000000000000000000000000000
000000000000000000000000000000000000000000000000000000000000000000000000
000000000000000000000000000000000000000000000000000000000000000000000000
000000000000000000000000000000000000000000000000000000000000000000000000
000000000000000000000000000000000000000000000000000000000000000000000000
000000000000000000000000000000000000000000000000000000000000000000000000
000000000000000000000000000000000000000000000000000000000000000000000000
000000000000000000000000000000000000000000000000000000000000000000000000
000000000000000000000000000000000000000000000000000000000000000000000000
000000000000000000000000000000000000000000000000000000000000000000000000
000000000000000000000000000000000000000000000000000000000000000000000000
000000000000000000000000000000000000000000000000000000000000000000000000
000000000000000000000000000000000000000000000000000000000000000000000000
000000000000000000000000000000000000000000000000000000000000000000000000
000000000000000000000000000000000000000000000000000000000000000000000000
000000000000000000000000000000000000000000000000000000000000000000000000
000000000000000000000000000000000000000000000000000000000000000000000000
000000000000000000000000000000000000000000000000000000000000000000000000
000000000000000000000000000000000000000000000000000000000000000000000000
000000000000000000000000000000000000000000000000000000000000000000000000
000000000000000000000000000000000000000000000000000000000000000000000000
000000000000000000000000000000000000000000000000000000000000000000000000
000000000000000000000000000000000000000000000000000000000000000000000000
000000000000000000000000000000000000000000000000000000000000000000000000
000000000000000000000000000000000000000000000000000000000000000000000000
000000000000000000000000000000000000000000000000000000000000000000000000
000000000000000000000000000000000000000000000000000000000000000000000000
000000000000000000000000000000000000000000000000001111000000000000000000
000000000000000000000000000000000000000000000011111111000000000000000000
000000000000000000000000000000000000000000000011111111000000000000000000
000000000000000000000000000000000000000000000000001111000000000000000000
000000000000000000000000000000000000000000000000001111000000000000000000
000000000000000000000000000000000000011000000000001111000000000000000000
000000000000000000000000000000000001111000000000001111000000000000000000
000000000000000000000000000000000011111000000000001111000000000000000000
000000000000000000000000000000000011111000000000001111000000000000000000
000000000000000000000000000000000011111000000000001111000000000000000000
000000000000000000000000000000000011111000000000001111000000000000000000
000000000000000000000000000000000011111000000000001111000000000000000000
000000000000000000000000000000000011111000000000001111000000111100000000
101111111111110000011111111110000011111000000000001111000011111111100000
100011111110000000000011111000000111111111111000001111000111111111110000
100001111100000000000001110000011111111111111000001111001110001111111000
000000111110000000000001100000011111111111111000001111111000000011111000
000000111110000000000011100000000011111000000000001111110000000001111100
000000011110000000000011000000000011111000000000001111100000000001111100
000000011111000000000111000000000011111000000000001111000000000000111100
000000011111000000000110000000000011111000000000001111000000000000111100
000000001111000000000110000000000011111000000000001111000000000000111100
000000001111100000001100000000000011111000000000001111000000000000111100
000000000111100000001100000000000011111000000000001111000000000000111100
000000000111100000011000000000000011111000000000001111000000000000111100
000000000011110000011000000000000011111000000000001111000000000000111100
000000000011110000011000000000000011111000000000001111000000000000111100
000000000011111000110000000000000011111000000000001111000000000000111100
000000000001111000110000000000000011111000000000001111000000000000111100
000000000001111101100000000000000011111000000000001111000000000000111100
000000000000111101100000000000000011111000000000001111000000000000111100
000000000000111111000000000000000011111000000000001111000000000000111100
000000000000111111000000000000000011111000010000001111000000000000111100
000000000000011111000000000000000001111111110000001111100000000000111110
000000000000011110000000000000000001111111100011111111111100000000111111
000000000000001110000000000000000000111111100011111111111100000000111111
000000000000001100000000000000000000000000000000000000000000000000000000
000000000000001100000000000000000000000000000000000000000000000000000000
000000000000011000000000000000000000000000000000000000000000000000000000
000000000000011000000000000000000000000000000000000000000000000000000000
000000000000011000000000000000000000000000000000000000000000000000000000
000000000000110000000000000000000000000000000000000000000000000000000000
000000000000110000000000000000000000000000000000000000000000000000000000
000000000001100000000000000000000000000000000000000000000000000000000000
000000000011100000000000000000000000000000000000000000000000000000000000
000010000111000000000000000000000000000000000000000000000000000000000000
000011111111000000000000000000000000000000000000000000000000000000000000
000011111110000000000000000000000000000000000000000000000000000000000000
000111111100000000000000000000000000000000000000000000000000000000000000
000011110000000000000000000000000000000000000000000000000000000000000000
000000000000000000000000000000000000000000000000000000000000000000000000
000000000000000000000000000000000000000000000000000000000000000000000000
000000000000000000000000000000000000000000000000000000000000000000000000
000000000000000000000000000000000000000000000000000000000000000000000000
000000000000000000000000000000000000000000000000000000000000000000000000
000000000000000000000000000000000000000000000000000000000000000000000000
000000000000000000000000000000000000000000000000000000000000000000000000
000000000000000000000000000000000000000000000000000000000000000000000000
000000000000000000000000000000000000000000000000000000000000000000000000
000000000000000000000000000000000000000000000000000000000000000000000000
000000000000000000000000000000000000000000000000000000000000000000000000
000000000000000000000000000000000000000000000000000000000000000000000000
000000000000000000000000000000000000000000000000000000000000000000000000
000000000000000000000000000000000000000000000001110000000000000000000000
000000000000000000000000000000000000000000111111110000000000000000000000
000000000000000000000000000000000000000000111111110000000000000000000000
000000000000000000000000000000000000000000000111110000000000000000000000
000000000000000000000000000000000000000000000011110000000000000000000000
000000000000000000000000000000000000000000000011110000000000000000000000
000000000000000000000000000000000000000000000011110000000000000000000000
000000000000000000000000000000000000000000000011110000000000000000000000
000000000000000000000000000000000000000000000011110000000000000000000000
000000000000000000000000000000000000000000000011110000000000000000000000
000000000000000000000000000000000000000000000011110000000000000000000000
000000000000000000000000000000000000000000000011110000000000000000000000
000000000000000000000000000000000010000000000011110000000100000000000000
100000000000011110000000000001111111110000000011110000111111110000000000
110000000000111100000000000111111111111100000011110001111111111100000000
111000000001110000000000001110000011111000000011110011111111111100000000
111100000001110000000000111000000000111000000011111110000001111110000000
111100000011100000000001111000000000011000000011111000000000111110000000
111110000111000000000011110000000000011000000011111000000000011111000000
111111000110000000000011110000000000001000000011110000000000011111000000
011111001100000000000111100000000000000000000011110000000000001111000000
001111111000000000000111100000000000000000000011110000000000001111000000
000111110000000000000111100000000000000000000011110000000000001111000000
000111110000000000000111100000000000000000000011110000000000001111000000
000011111000000000000111100000000000000000000011110000000000001111000000
000011111100000000001111100000000000000000000011110000000000001111000000
000111111100000000000111100000000000000000000011110000000000001111000000
001110111110000000000111100000000000000000000011110000000000001111000000
011100011111000000000111110000000000000000000011110000000000001111000000
111000001111100000000111110000000000000000000011110000000000001111000000
110000001111100000000011111000000000000000000011110000000000001111000000
110000000111110000000011111100000000000000000011110000000000001111000000
100000000011111000000001111110000000000000000011110000000000001111000000
000000000011111100000000111111000000001100000111110000000000001111000000
000000000001111111000000011111111111111000111111111111000000001111111000
000000000000111111000000001111111111110000111111111111000000001111111100
000000000000000000000000000001111110000000000000000000000000000000000000
000000000000000000000000000000000000000000000000000000000000000000000000
000000000000000000000000000000000000000000000000000000000000000000000000
000000000000000000000000000000000000000000000000000000000000000000000000
000000000000000000000000000000000000000000000000000000000000000000000000
000000000000000000000000000000000000000000000000000000000000000000000000
000000000000000000000000000000000000000000000000000000000000000000000000
000000000000000000000000000000000000000000000000000000000000000000000000
000000000000000000000000000000000000000000000000000000000000000000000000
000000000000000000000000000000000000000000000000000000000000000000000000
000000000000000000000000000000000000000000000000000000000000000000000000
000000000000000000000000000000000000000000000000000000000000000000000000
000000000000000000000000000000000000000000000000000000000000000000000000
000000000000000000000000000000000000000000000000000000000000000000000000
000000000000000000000000000000000000000000000000000000000000000000000000
000000000000000000000000000000000000000000000000000000000000000000000000
000000000000000000000000000000000000000000000000000000000000000000000000
000000000000000000000000000000000000000000000000000000000000000000000000
000000000000000000000000000000000000000000000000000000000000000000000000
000000000000000000000000000000000000000000000000000000000000000000000000
000000000000000000000000000000000000000000000000000000000000000000000000
000000000000000000000000000000000000000000000000000000000000000000000000
000000000000000000000000000000000000000000000000000000000000000000000000
000000000000000000000000000000000000000000000000000000000000000000000000
000000000000000000000000000000000000000000000000000000000000000000000000
000000000000000000000000000000000000000000000000000000000000000000000000
000000000000000000000000000000000000000000000000000000000000000000000000
000000000000000000000000000000000000000000000000000000000000000000000000
000000000000000000000000000000000000000000000000000000000000000000000000
000000000000000000000000000000000000000000000000000000001111000000000000
000000000000000000000000000000000000000000000000000000011111000000000000
000000000000000000000000000000000000000000000000000000011111100000000000
000000000000000000000000000000000000000000000000000000011111000000000000
000000000000000000000000000000000000000000000000000000001111000000000000
000000000000000000000000000000000000000000000000000000000000000000000000
000000000000000000000000000000000000000000000000000000000000000000000000
000000000000000000000000000000000000000000000000000000000000000000000000
000000000000000000000000000000000000000000000000000000000000000000000000
000000000000000000000000000000000000000000000000000000000000000000000000
000000000000000000000000000000000000000000000000000000000000000000000000
