000000000000000000000000000000000000000000000000000000000000000000000000
000000000000000000000000000000000000000000000000000000000000000000000000
000000000000000000000000000000000000000000000000000000000000000000000000
000000000000000000000000000000000000000000000000000000000000000000000000
000000000000000000000000000000000000000000000000000000000000000000000000
000000000000000000000000000000000000000000000000000000000000000000000000
000000000000000000000000000000000000000000000000000000000000000000000000
000000000000000000000000000000000000000000000000000000000000000000000000
000000000000000000000000000000000000000000000000000000000000000000000000
000000000000000000000000000000000000000000000000000000000000000000000000
000000000000000000000000000000000000000000000000000000000000000000000000
000000000000000000000000000000000000000000000000000000000000000000000000
000000000000000000000000000000000000000000000000000000000000000000000000
000000000000000000000000000000000000000000000000000000000000000000000000
000000000000000000000000000000000000000000000000000000000000000000000000
000000000000000000000000000000000000000000000000000000000000000000000000
000000000000000000000000000000000000000000000000000000000000000000000000
000000000000000000000000000000000000000000000000000000000000000000000000
000000000000000000000000000000000000000000000000000000000000000000000000
000000000000000000000000000000000000000000000000000000000000000000000000
000000000000000000000000000000000000000000000000000000000000000000000000
000000000000000000000000000000000000000000000000000000000000000000000000
000000000000000000000000000000000000000000000000000000000000000000000000
000000000000000000000000000000000000000000000000000000000000000000000000
000000000000000000000000000000000000000000000000000000000000000000000000
000000000000000000000000000000000000000000000000000000000000000000000000
000000000000000000000000000000000000000000000000000000000000000000000000
000000000000000000000000000000000000000000000000000000000000000000000000
000000000000000000000000000000000000000000000000000000000000000000000000
000000000000000000000000000000000000000000000000000000000000000000000000
000000000000000000000000000000000000000000000000000000000000000000000000
000000000000000000000000000000000000000000000000000000000000000000000000
000000000000000000000000000000000000000000000000000000000000000000000000
000000000000000000000000000000000000000000000000000000000000000000000000
000000000000000000000000000000000000000000000000000000000000000000000000
000000000000000000000000000000000000000000000000000000000000000000000000
000000000000000000000000000000000000000000000000000000000000000000000000
000000000000000000000000000000000000000000000000000000000000000000000000
000000000000000000000000000000000000000000000000000000000000000000000000
000000000000000000000000000000000000000000000000000000000000000000000000
000000000000000000000000000000000000000000000000000000000000000000000000
000000000000000000000000000000000000000000000000000000000000000000000000
000000000000000000000000000000000000000000000000000000000000000000000000
000000000000000000000000000000000000000000000000000000000000000000000000
000000000000000000000000000000000000000000000000000000000000000000000000
000000000000000000000000000000000000000000000000000000000000000000000000
000000000000000000000000000000000000000000000000000000000000000000000000
000000000000000000000000000000000000000000000000000000000000000000000000
000000000000000000000000000000000000000000000000000000000000000000000000
000000000000000000000000000000000000000000000000000000000000000000000000
000000000000000000000000000000000000000000000000000000000000000000000000
000000000010000000000000000000000000000000000000000000000000000000000000
000000111110000000000000000000000000000000000000000000000000000000000000
000111111110000000000000000000000000000000000000000000000000000000000000
000000111110000000000000000000000000000000000000000000000000000000000000
000000011110000000000000000000000000000000000000000000000000000000000000
000000011110000000000000000000000000000000000000000000000000000000000000
000000011110000000000000000000000000000000000000000000000000000000000000
000000011110000000000000000000000000000000000000000000000000000000000000
000000011110000000000000000000000000000000000000000000000000000000000000
000000011110000000000000000000000000000000000000000000000000000000000000
000000011110000000000000000000000000000000000000000000000000000000000000
000000011110000000000000000000000000000000000000000000000000000000000000
000000011110000000000000000000000000000000000000000000000000000000000000
000000011110000011111100000000000000000000111110000000000000000000000000
000000011110000111111111000000000000000111111111110000000000000000000000
110000011110011111111111100000000000011110000001111000000000000000000011
110000011110111000011111110000000000111100000000111100000000000000001111
000000011111100000000111110000000001111000000000111110000000000000001000
000000011111000000000011111000000001110000000000011110000000000000000000
000000011110000000000011111000000011110000000000011110000000000000000000
000000011110000000000001111000000111110000000000011111000000000000000000
000000011110000000000001111000000111110000000000011111000000000000000000
000000011110000000000001111000000111110000000000011111000000000000000000
000000011110000000000001111000000111111111111111111111000000000000000000
000000011110000000000001111000000111111111111111111100000000000000000000
000000011110000000000001111000000111100000000000000000000000000000000000
000000011110000000000001111000000111100000000000000000000000000000000000
000000011110000000000001111000000111110000000000000000000000000000000000
000000011110000000000001111000000111110000000000000000000000000000000000
000000011110000000000001111000000111110000000000000000000000000000000000
000000011110000000000001111000000011111000000000000000000000000000000000
000000011110000000000001111000000011111000000000000000000000000000000000
000000011110000000000001111000000011111100000000000000000000000000000000
100000011110000000000001111000000001111110000000000110000000000000000000
100000111111000000000001111100000000111111110000111100000000000000000000
000111111111111000000001111111100000011111111111111000000000000000000000
000100000000001000000001000000100000000111111111100000000000000000000000
000000000000000000000000000000000000000000000000000000000000000000000000
000000000000000000000000000000000000000000000000000000000000000000000000
000000000000000000000000000000000000000000000000000000000000000000000000
000000000000000000000000000000000000000000000000000000000000000000000000
000000000000000000000000000000000000000000000000000000000000000000000000
000000000000000000000000000000000000000000000000000000000000000000000000
000000000000000000000000000000000000000000000000000000000000000000000000
000000000000000000000000000000000000000000000000000000000000000000000000
000000000000000000000000000000000000000000000000000000000000000000000000
000000000000000000000000000000000000000000000000000000000000000000000000
000000000000000000000000000000000000000000000000000000000000000000000000
000000000000000000000000000000000000000000000000000000000000000000000000
000000000000000000000000000000000000000000000000000000000000000000000000
000000000000000000000000000000000000000000000000000000000000000000000000
000000000000000000000000000000000000000000000000000000000000000000000000
000000000000000000000000000000000000000000000000000000000000000000000000
000000000000000000000000000000000000000000000000000000000000000000000000
000000000000000000000000000000000000000000000000000000000000000000000000
000000000000000000000000000000000000000000000000000000000000000000000000
000000000000000000000000000000000000000000000000000000000000000000000000
000000000000000000000000000000000000000000000000000000000000000000000000
000000000000000000000000000000000000000000000000000000000000000000000000
000000000000000000000000000000000000000000000000000000000000000000000000
000000000000000000000000000000000000000000000000000000000000000000000000
000000000000000000000000000000000000000000000000000000000000000000000000
000000000000000000000000000000000000000000000000000000000000000000000000
000000000000000000000000000000000000000000000000000000000000000000000000
000000000000000000000000000000000000000000000000000000000000000000000000
000000000000000000000000000000000000000000000000000000000000000000000000
000000000000000000000000000000000000000000000000000000000000000000000000
000000000000000000000000000000000000000000000000000000000000000000000000
000000000000000000000000000000000000000000000000000000000000000000000000
000000000000000000000000000000000000000000000000000000000000000000000000
000000000000000000000000000000000000000000000000000000000000000000000000
000000000000000000000000000000000000000000000000000000000000000000000000
000000000000000000000000000000000000000000000000000000000000000000000000
000000000000000000000000000000000000000000000000000000000000000000000000
000000000000000000000000000000000000000000000000000000000000000000000000
000000000000000000000000000000000000000000000000000000000000000000000000
000000011111000000000000000000000000000000000000000000000000000000000000
000011111111111000000001111111111100000011111111100000000000000000011111
000111111111111100000000011111110000000000111110000000000000000000000011
011100000011111100000000001111100000000000011100000000000000000000000001
011000000000111110000000001111100000000000011100000000000000000000000001
011000000000011110000000000111100000000000011000000000000000000000000000
011000000000011110000000000111110000000000111000000000000000000000000000
000000000000011110000000000011110000000000110000000000000000000000000000
000000000000001111000000000011111000000000110000000000000000000000000000
000000000000111111000000000011111000000001100000000000000000000000000000
000000011111111111000000000001111000000001100000000000000000000000000000
000011111100001111000000000001111100000011000000000000000000000000000000
001111100000001111000000000000111100000011000000000000000000000000000000
011110000000001111000000000000111100000111000000000000000000000000000000
111100000000001111000000000000111110000110000000000000000000000000000000
111100000000001111000000000000011110000110000000000000000000000000000000
111000000000001111000000000000011111001100000000000000000000000000000000
111000000000011111000000000000001111001100000000000000000000000000000000
111100000000011111000000000000001111111000000000000000000000000000000000
111100000001111111000000000000000111111000000000000000000000000000000000
111110000011011111000000000000000111111000000000000000000000000000000000
111111111110011111000000000000000111110000000000000000000000000000000000
011111111000011111111000000000000011110000000000000000000000000000000000
001111110000001111111000000000000011100000000000000000000000000000000000
000000000000000000000000000000000011100000000000000000000000000000000000
000000000000000000000000000000000011000000000000000000000000000000000000
000000000000000000000000000000000011000000000000000000000000000000000000
000000000000000000000000000000000011000000000000000000000000000000000000
000000000000000000000000000000000110000000000000000000000000000000000000
000000000000000000000000000000000110000000000000000000000000000000000000
000000000000000000000000000000001100000000000000000000000000000000000000
000000000000000000000000000000001100000000000000000000000000000000000000
000000000000000000000000000000011000000000000000000000000000000000000000
000000000000000000000000010000111000000000000000000000000000000000000000
000000000000000000000000111111110000000000000000000000000000000000000000
000000000000000000000000111111100000000000000000000000000000000000000000
000000000000000000000000111111000000000000000000000000000000000000000000
000000000000000000000000011100000000000000000000000000000000000000000000
000000000000000000000000000000000000000000000000000000000000000000000000
000000000000000000000000000000000000000000000000000000000000000000000000
000000000000000000000000000000000000000000000000000000000000000000000000
000000000000000000000000000000000000000000000000000000000000000000000000
000000000000000000000000000000000000000000000000000000000000000000000000
000000000000000000000000000000000000000000000000000000000000000000000000
000000000000000000000000000000000000000000000000000000000000000000000000
000000000000000000000000000000000000000000000000000000000000000000000000
000000000000000000000000000000000000000000000000000000000000000000000000
000000000000000000000000000000000000000000000000000000000000000000000000
000000000000000000000000000000000000000000000000000000000000000000000000
000000000000000000000000000000000000000000000000000000000000000000000000
000000000000000000000000000000000000000000000000000000000000000000000000
000000000000000000000000000000000000000000000000000000000000000000000000
