000000000000000001111100000000000000000000000000000000000000000000000000
000000000000011111111111100000000000000000000000000000000000000000000000
000000000000011111111111100000000000000000000000000000000000000000000000
000000000000000000000000000000000000000000000000000000000000000000000000
000000000000000000000000000000000000000000000000000000000000000000000000
000000000000000000000000000000000000000000000000000000000000000000000000
000000000000000000000000000000000000000000000000000000000000000000000000
000000000000000000000000000000000000000000000000000000000000000000000000
000000000000000000000000000000000000000000000000000000000000000000000000
000000000000000000000000000000000000000000000000000000000000000000000000
000000000000000000000000000000000000000000000000000000000000000000000000
000000000000000000000000000000000000000000000000000000000000000000000000
000000000000000000000000000000000000000000000000000000000000000000000000
000000000000000000000000000000000000000000000000000000000000000000000000
000000000000000000000000000000000000000000000000000000000000000000000000
000000000000000000000000000000000000000000000000000000000000000000000000
000000000000000000000000000000000000000000000000000000000000000000000000
000000000000000000000000000000000000000000000000000000000000000000000000
000000000000000000000000000000000000000000000000000000000000000000000000
000000000000000000000000000000000000000000000000000000000000000000000000
000000000000000000000000000000000000000000000000000000000000000000000000
000000000000000000000000000000000000000000000000000000000000000000000000
000000000000000000000000000000000000000000000000000000000000000000000000
000000000000000000000000000000000000000000000000000000000000000000000000
000000000000000000000000000000000000000000000000000000000000000000000000
000000000000000000000000000000000000000000000000000000000000000000000000
000000000000000000000000000000000000000000000000000000000000000000000000
000000000000000000000000000000000000000000000000000000000000000000000000
000000000000000000000000000000000000000000000000000000000000000000000000
000000000000000000000000000000000000000000000000000000000000000000000000
000000000000000000000000000000000000000000000000000000000000000000000000
000000111111000000000000000000000000011110000111100000000110000000001110
000111111111110000000000000000000000011111111111100000000110000000011111
001110000001111100000000000000000000000011111000000000001110000000000011
011100000000111100000000000000000000000011111000000000001111000000000001
111000000000011110000000000000000000000001111000000000011111000000000001
111000000000011110000000000000000000000001111100000000011111100000000011
110000000000011111000000000000000000000000111100000000111111100000000011
110000000000001111000000000000000000000000111100000000110111100000000011
110000000000001111000000000000000000000000111110000000110111110000000111
110000000000001111000000000000000000000000011110000001100011110000000110
111111111111111111000000000000000000000000011110000001100011111000000110
111111111111111000000000000000000000000000011110000011000001111000001100
110000000000000000000000000000000000000000011111000011000001111000001100
110000000000000000000000000000000000000000001111000110000001111100001000
110000000000000000000000000000000000000000001111000110000000111100011000
110000000000000000000000000000000000000000001111100110000000111110011000
111000000000000000000000000000000000000000000111101100000000011110110000
111000000000000000000000000000000000000000000111111100000000011110110000
111100000000000000000000000000000000000000000111111000000000011111100000
111110000000000000000000000000000000000000000011111000000000001111100000
111111000000000110000000000000000000000000000011110000000000001111100000
011111111000111110000000000000000000000000000011110000000000000111000000
001111111111111000000000000000000000000000000011110000000000000111000000
000011111111100000000000000000000000000000000001100000000000000010000000
000000000000000000000000000000000000000000000000000000000000000000000000
000000000000000000000000000000000000000000000000000000000000000000000000
000000000000000000000000000000000000000000000000000000000000000000000000
000000000000000000000000000000000000000000000000000000000000000000000000
000000000000000000000000000000000000000000000000000000000000000000000000
000000000000000000000000000000000000000000000000000000000000000000000000
000000000000000000000000000000000000000000000000000000000000000000000000
000000000000000000000000000000000000000000000000000000000000000000000000
000000000000000000000000000000000000000000000000000000000000000000000000
000000000000000000000000000000000000000000000000000000000000000000000000
000000000000000000000000000000000000000000000000000000000000000000000000
000000000000000000000000000000000000000000000000000000000000000000000000
000000000000000000000000000000000000000000000000000000000000000000000000
000000000000000000000000000000000000000000000000000000000000000000000000
000000000000000000000000000000000000000000000000000000000000000000000000
000000000000000000000000000000000000000000000000000000000000000000000000
000000000000000000000000000000000000000000000000000000000000000000000000
000000000000000000000000000000000000000000000000000000000000000000000000
000000000000000000000000000000000000000000000000000000000000000000000000
000000000000000000000000000000000000000000000000000000000000000000000000
000000000000000000000000000000000000000000000000000000000000000000000000
000000000000000000000000000000000000000000000000000000000000000000000000
000000000000000000000000000000000000000000000000000000000000000000000000
000000000000000000000000000000000000000000000000000000000000000000000000
000000000000000000000000000000000000000000000000000000000000000000000000
000000000000000000000000000000000000000000000000000000000000000000000000
000000000000000000000000000000000000000000000000000000000000000000000000
000000000000000000000000000000000000000000000000000000000000000000000000
000000000000000000000000000000000000000000000000000000000000000000000000
000000000000000000000000000000000000000000000000000000000000000000000000
000000000000000000000000000000000000000000000000000000000000000000000000
000000000000000000000000000000000000000000000000000000000000000000000000
000000000000000000000000000000000011100000000000000000000000000000000000
000000000000000000000000000000001111000000000000000000000000000000000000
000000000000000000000000000000001111000000000000000000000000000000000000
000000000000000000000000000000001111000000000000000000000000000000000000
000000000000000000000000000000001111000000000000000000000000000000000000
000000000000000000000000000000001111000000000000000000000000000000000000
000000000000000000000000000000001111000000000000000000000000000000000000
000001000000111110000000000000001111000000000000000000000000000000000000
001111100011111111110000000000001111000000000000000000000111111111110000
111111100111111111111000000000011111111111100000000000000001111110000000
111111101110000111111000000011111111111111100000000000000000111110000000
001111111000000001111100000011111111000000000000000000000000111110000000
001111110000000001111100000000001111000000000000000000000000011110000000
001111100000000000111100000000001111000000000000000000000000011111000000
001111100000000000111110000000001111000000000000000000000000001111000000
001111100000000000111110000000001111000000000000000000000000001111000000
001111100000000000111110000000001111000000000000000000000000001111100000
001111100000000000111110000000001111000000000000000000000000000111100000
001111100000000000111110000000001111000000000000000000000000000111110000
001111100000000000111110000000001111000000000000000000000000000011110000
001111100000000000111110000000001111000000000000000000000000000011110000
001111100000000000111110000000001111000000000000000000000000000011111000
001111100000000000111110000000001111000000000000000000000000000001111000
001111100000000000111110000000001111000000000000000000000000000001111100
001111100000000000111110000000001111000000000000000000000000000000111100
001111100000000000111110000000001111000000000000000000000000000000111111
001111100000000000111110000000001111000000000000000000000000000000011111
001111100000000000111110000000001111100001000000000000000000000000011111
001111100000000000111110000000001111111111000000000000000000000000011111
111111111110000000111111110000000111111110000000000000000000000000001110
110000011100000000011000110000000011111100000000000000000000000000001110
000000000000000000000000000000000000000000000000000000000000000000001110
000000000000000000000000000000000000000000000000000000000000000000001100
000000000000000000000000000000000000000000000000000000000000000000001100
000000000000000000000000000000000000000000000000000000000000000000011000
000000000000000000000000000000000000000000000000000000000000000000011000
000000000000000000000000000000000000000000000000000000000000000000010000
000000000000000000000000000000000000000000000000000000000000000000110000
000000000000000000000000000000000000000000000000000000000000000001110000
000000000000000000000000000000000000000000000000000000000000000001100000
000000000000000000000000000000000000000000000000000000000001000011100000
000000000000000000000000000000000000000000000000000000000011111111000000
000000000000000000000000000000000000000000000000000000000011111110000000
000000000000000000000000000000000000000000000000000000000011111100000000
000000000000000000000000000000000000000000000000000000000000100000000000
000000000000000000000000000000000000000000000000000000000000000000000000
000000000000000000000000000000000000000000000000000000000000000000000000
000000000000000000000000000000000000000000000000000000000000000000000000
000000000000000000000000000000000000000000000000000000000000000000000000
000000000000000000000000000000000000000000000000000000000000000000000000
000000000000000000000000000000000000000000000000000000000000000000000000
000000000000000000000000000000000000000000000000000000000000000000000000
000000000000000000000000000000000000000000000000000000000000000000000000
000000000000000000000000000000000000000000000000000000000000000000000000
000000000000000000000000000000000000000000000000000000000000000000000000
000000000000000000000000000000000000000000000000000000000000000000000000
000000000000000000000000000000000000000000000000000000000000000000000000
000000000000000000000000000000000000000000000000000000000000000000000000
000000000000000000000000000000000000000000000000000000000000000000000000
000000000000000000000000000000000000000000000000000000000000000000000000
000000000000000000000000000000000000000000000000000000000000000000000000
000000000000000000000000000000000000000000000000000000000000000000000000
000000000000000000000000000000000000000000000000000000000000000000000000
000000000000000000000000000000000000000000000000000000000000000011000000
000000000000000000000000000000000000000000000000000000000000011111000000
000000000000000000000000000000000000000000000000000000000000011110000000
000000000000000000000000000000000000000000000000000000000000011110000000
000000000000000000000000000000000000000000000000000000000000011110000000
000000000000000000000000000000000000000000000000000000000000011110000000
000000000000000000000000000000000000000000000000000000000000011110000000
000000000000001111000000000000000000000001111000000000000000011110000000
000011111000111111111000000000000000011111111111000000000000011110000000
111111111001111111111100000000000000111000001111110000000000111111111111
111111111011110011111110000000000011110000000011111000000011111111111111
000011111110000000111111000000000111100000000001111100000111111111111110
000011111100000000011111000000000111000000000000111110000000011110000000
000011111000000000001111000000001111000000000000111110000000011110000000
000011111000000000001111000000001111000000000000011111000000011110000000
000011111000000000001111100000011110000000000000011111000000011110000000
000011111000000000001111100000011110000000000000011111000000011110000000
000011111000000000001111100000011110000000000000001111000000011110000000
000011111000000000001111100000011110000000000000001111100000011110000000
000011111000000000001111100000011110000000000000001111000000011110000000
000011111000000000001111100000011110000000000000001111000000011110000000
000011111000000000001111100000011110000000000000001111000000011110000000
000011111000000000001111100000011111000000000000001111000000011110000000
000011111000000000001111100000011111000000000000001111000000011110000000
000011111000000000001111100000011111000000000000011110000000011110000000
000011111000000000001111100000001111100000000000011110000000011110000000
000011111000000000001111100000001111100000000000011100000000011110000000
000011111000000000001111100000000111110000000000111000000000011111000010
000011111000000000001111100000000011111000000001110000000000011111111110
