000000000000000000000000000000000000000000000000000000000000000000000000
000000000000000000000000000000000000000000000000000000000000000000000000
000000000000000000000000000000000000000000000000000000000000000000000000
000000000000000000000000000000000000000000000000000000000000000000000000
000000000000000000000000000000000000000000000000000000000000000000000000
000000000000000000000000000000000000000000000000000000000000000000000000
000000000000000000000000000000000000000000000000000000000000000000000000
000000000000000000000000000000000000000000000000000000000000000000000000
000000000000000000000000000000000000000000000000000000000000000000000000
000000000000000000000000000000000000000000000000000000000000000000000000
000000000000000000000000000000000000000000000000000000000000000000000000
000000000000000000000000000000000000000000000000000000000000000000000000
000000000000000000000000000000000000000000000000000000000000000000000000
000000000000000000000000000000000000000000000000000000000000000000000000
000000000000000000000000000000000000000000000000000000000000000000000000
000000000000000000000000000000000000000000000000000000000000000000000000
000000000000000000000000000000000000000000000000000000000000000000000000
000000000000000000000000000000000000000000000000000000000000000000000000
000000000000000000000000000000000000000000000000000000000000000000000000
000000000000000000000000001111111111111111111111100000000000000000000000
000000000000000000000000000001111111111001111111110000000000000000000000
000000000000000000000000000000111110000000000111111100000000000000000000
000000000000000000000000000000111110000000000011111100000000000000000000
000000000000000000000000000000111110000000000001111110000000000000000000
000000000000000000000000000000111110000000000000111110000000000000000000
000000000000000000000000000000111110000000000000111110000000000000000000
000000000000000000000000000000111110000000000000111110000000000000000000
000000000000000000000000000000111110000000000000111110000000000000000000
000000000000000000000000000000111110000000000000111110000000000000000000
000000000000000000000000000000111110000000000000111110000000000000000000
000000000000000000000000000000111110000000000000111100000000011100001111
000000000000000000000000000000111110000000000001111100000111111100011111
000000000000000000000000000000111110000000000001111000001111111100111111
000000000000000000000000000000111110000000000011110000000001111101111111
000000000000000000000000000000111110000000001111100000000000111111000011
000000000000000000000000000000111110001111111110000000000000111110000001
000000000000000000000000000000111110000111111000000000000000111110000000
000000000000000000000000000000111110000000000000000000000000111100000000
000000000000000000000000000000111110000000000000000000000000111100000000
000000000000000000000000000000111110000000000000000000000000111100000000
000000000000000000000000000000111110000000000000000000000000111100000000
000000000000000000000000000000111110000000000000000000000000111100000000
000000000000000000000000000000111110000000000000000000000000111100000000
000000000000000000000000000000111110000000000000000000000000111100000000
000000000000000000000000000000111110000000000000000000000000111100000000
000000000000000000000000000000111110000000000000000000000000111100000000
000000000000000000000000000000111110000000000000000000000000111100000000
000000000000000000000000000000111110000000000000000000000000111100000000
000000000000000000000000000000111110000000000000000000000000111100000000
000000000000000000000000000000111110000000000000000000000000111100000000
000000000000000000000000000000111111000000000000000000000000111100000000
000000000000000000000000000011111111100000000000000000000011111111000000
000000000000000000000000001111111111111100000000000000001111111111111000
000000000000000000000000000000000000000000000000000000000000000000000000
000000000000000000000000000000000000000000000000000000000000000000000000
000000000000000000000000000000000000000000000000000000000000000000000000
000000000000000000000000000000000000000000000000000000000000000000000000
000000000000000000000000000000000000000000000000000000000000000000000000
000000000000000000000000000000000000000000000000000000000000000000000000
000000000000000000000000000000000000000000000000000000000000000000000000
000000000000000000000000000000000000000000000000000000000000000000000000
000000000000000000000000000000000000000000000000000000000000000000000000
000000000000000000000000000000000000000000000000000000000000000000000000
000000000000000000000000000000000000000000000000000000000000000000000000
000000000000000000000000000000000000000000000000000000000000000000000000
000000000000000000000000000000000000000000000000000000000000000000000000
000000000000000000000000000000000000000000000000000000000000000000000000
000000000000000000000000000000000000000000000000000000000000000000000000
000000000000000000000000000000000000000000000000000000000000000000000000
000000000000000000000000000000000000000000000000000000000000000000000000
000000000000000000000000000000000000000000000000000000000000000000000000
000000000000000000000000000000000000000000000000000000000000000000000000
000000000000000000000000000000000000000000000000000000000000000000000000
000000000000000000000000000000000000000000000000000000000000000000000000
000000000000000000000000000000000000000000000000000000000000000000000000
000000000000000000000000000000000000000000000000000000000000000000000000
000000000000000000000000000000000000000000000000000000000000000000000000
000000000000000000000000000000000000000000000000000000000000000000000000
000000000000000000000000000000000000000000000000000000000000000000000000
000000000000000000000000000000000000000000000000000000000000000000000000
000000000000000000000000000000000000000000000000000000000000000000000000
000000000000000000000000000000000000000000000000000000000000000000000000
000000000000000000000000000000000000000000000000000000000000000000000000
000000000000000000000000000000000000000000000000000000000000000000000000
000000000000000000000000000000000000000000000000000000000000000000000000
000000000000000000000000000000000000000000000000000000000000000000000000
000000000000000000000000000000000000000000000000000000000000000000000000
000000000000000000000000000000000000000000000000000000000000000000000000
000000000000000000000000000000000000000000000000000000000000000000000000
000000000000000000000000000000000000000000000000000000000000000000000000
000000000000000000000000000000000000000000000000000000000000000000000000
000000000000000000000000000000000000000000000000000000000000000000000000
000000000000000000000000000000000000000000000000000000000000000000000000
000111111100000000000000001110000111110000000011000011111110000000011111
011111111111000000000001111110001111110000111111000111111111000000111111
111111111111100000001111111110011111110011111111001111111111100001111111
100000001111100000000001111110111111110000011111011100001111110011100001
000000000111110000000000111111100011100000001111110000000111111110000000
000000000011110000000000111111000000100000001111100000000011111100000000
000000000011110000000000111110000000000000001111000000000011111000000000
000000000011110000000000111110000000000000001111000000000001111000000000
000000000011110000000000111110000000000000001111000000000001111000000000
000000011111110000000000111110000000000000001111000000000001111000000000
001111111111110000000000111110000000000000001111000000000001111000000000
111110000011110000000000111110000000000000001111000000000001111000000000
111000000011110000000000111110000000000000001111000000000001111000000000
100000000011110000000000111110000000000000001111000000000001111000000000
100000000011110000000000111110000000000000001111000000000001111000000000
000000000011110000000000111110000000000000001111000000000001111000000000
000000000011110000000000111110000000000000001111000000000001111000000000
000000000011110000000000111110000000000000001111000000000001111000000000
000000000111110000000000111110000000000000001111000000000001111000000000
100000001111110000000000111110000000000000001111000000000001111000000000
110000110011110000000000111110000000000000001111000000000001111000000000
111111100011111000000000111110000000000000011111100000000011111100000000
111111000011111111001111111111111000000011111111111100011111111111100000
111100000000000000000000000000000000000000000000000000000000000000000000
000000000000000000000000000000000000000000000000000000000000000000000000
000000000000000000000000000000000000000000000000000000000000000000000000
000000000000000000000000000000000000000000000000000000000000000000000000
000000000000000000000000000000000000000000000000000000000000000000000000
000000000000000000000000000000000000000000000000000000000000000000000000
000000000000000000000000000000000000000000000000000000000000000000000000
000000000000000000000000000000000000000000000000000000000000000000000000
000000000000000000000000000000000000000000000000000000000000000000000000
000000000000000000000000000000000000000000000000000000000000000000000000
000000000000000000000000000000000000000000000000000000000000000000000000
000000000000000000000000000000000000000000000000000000000000000000000000
000000000000000000000000000000000000000000000000000000000000000000000000
000000000000000000000000000000000000000000000000000000000000000000000000
000000000000000000000000000000000000000000000000000000000000000000000000
000000000000000000000000000000000000000000000000000000000000000000000000
000000000000000000000000000000000000000000000000000000000000000000000000
000000000000000000000000000000000000000000000000000000000000000000000000
000000000000000000000000000000000000000000000000000000000000000000000000
000000000000000000000000000000000000000000000000000000000000000000000000
000000000000000000000000000000000000000000000000000000000000000000000000
000000000000000000000000000000000000000000000000000000000000000000000000
000000000000000000000000000000000000000000000000000000000000000000000000
000000000000000000000000000000000000000000000000000000000000000000000000
000000000000000000000000000000000000000000000000000000000000000000000000
000000000000000000000000000000000000000000000000000000000000000000000000
000000000000000000000000000000000000000000000000000000000000000000000000
000000000000000000000000000000000000000000000000000000000000000000000000
000000000000000000000000000000000000000000000000000000000000000000000000
000000000000000000000000000000000000000000000000000000000000000000000000
000000000000000000000000000000000000000000000000000000000000000000000000
000000000000000000000000000000000000000000000000000000000000000000000000
000000000000000000000000000000000000000000000000000000000000000000000000
000000000000000000000000000000000000000000000000000000000000000000000000
000000000000000000000000000000000000000000000000000000000000000000000000
000000000000000000000000000000000000000000000000000000000000000000000000
000000000000000000000000000000000000000000000000000000000000000000000000
000000000000000000000000000000000000000000000000000000000000000000000000
000000000000000000000000000000000000000000000000000000000000000000000000
000000000000000000000000000000000000000000000000000000000000000000000000
000000000000000000000000000000000000000000000000000000000000000000000000
000000000000000000000000000000000000000000000000000000000000000000000000
000000000000000000000000000000000000000000000000000000000000000000000000
000000000000000000000000000000000000000000000000000000000000000000000000
000000000000000000000000000000000000000000000000000000000000000000000000
000000000000000000000000000000000000000000000000000000000000000000000000
000000000000000000000000000000000000000000000000000000000000000000000000
000000000000000000000000000000000000000000000000000000000000000000000000
000000000000000000000000000000000000000000000000000000000000000000000000
000000000000000000000000000000000000000000000000000000000000000000000000
000000000000000000000000000000000000000000000000000000000000000000000000
000000000000000000000000000000000000000000000000000000000000000000000000
000000000000000000000000000000000000000000000000000000000000000000000000
000000000000000000000000000000000000000000000000000000000000000000000000
000000000000000000000000000000000000000000000000000000000000000000000000
000000000000000000000000000000000000000000000000000000000000000000000000
000000000000000000000000000000000000000000000000000000000000000000000000
000000000000000000000000000000000000000000000000000000000000000000000000
000000000000000000000000000000000000000000000000000000000000000000000000
000000000000000000000000000000000000000000000000000000000000000000000000
000000000000000000000000000000000000000000000000000000000000000000000000
000000000000000000000000000000000000000000000000000000000000000000000000
000000000000000000000000000000000000000000000000000000000000000000000000
