000000000000000000000000000000000111111110000000000000000000000000000000
000000000000000000000000000000000000011110000000000000000000000000000000
000000000000000000000000000000000000011110000000000000000000000000000000
000000000000000000000000110000000000011110000000000000000000000000000000
000000000000000000000011110000000000011110000000000000000000000000000000
000000000000000000000111110000000000011110000000000000000000000000000000
000000000000000000000111110000000000011110000000000000000000000000000000
000000000000000000000111100000000000011110000000000000000000000000000000
000000000000000000000111100000000000011110000000000000000000000000000000
000000000000000000000111100000000000011110000000000000000000000000000000
000000000000000000000111100000000000011110000000110000000000000000000000
000000000000000000000111100000000000011110000111111111000000000000000011
000000000000000000000111111111110000011110001111111111100000000000001111
000000000000000000111111111111110000011110011111111111110000000000011100
100000000000000001111111111111110000011110110000000111110000000000111000
100000000000000000000111100000000000011111100000000011111000000001111000
110000000000000000000111100000000000011111000000000011111000000011110000
110000000000000000000111100000000000011110000000000001111000000011110000
110000000000000000000111100000000000011110000000000001111000000111110000
110000000000000000000111100000000000011110000000000001111000000111110000
110000000000000000000111100000000000011110000000000001111000000111111000
110000000000000000000111100000000000011110000000000001111000000111111111
110000000000000000000111100000000000011110000000000001111000000111110000
110000000000000000000111100000000000011110000000000001111000000111110000
110000000000000000000111100000000000011110000000000001111000000111110000
100000000000000000000111100000000000011110000000000001111000000111110000
100000000000000000000111100000000000011110000000000001111000000111110000
000000000000000000000111100000000000011110000000000001111000000011110000
000000000000000000000111100000000000011110000000000001111000000011111000
000000000000000000000111110000000000011110000000000001111000000011111100
000000000000000000000111110000000000011110000000000001111000000001111110
000000000000000000000011111111100000011110000000000001111000000000111111
000000000000000000000011111111100111111111111000000001111111100000011111
000000000000000000000001111111000111111111111000000001111111100000001111
000000000000000000000000000000000000000000000000000000000000000000000001
000000000000000000000000000000000000000000000000000000000000000000000000
000000000000000000000000000000000000000000000000000000000000000000000000
000000000000000000000000000000000000000000000000000000000000000000000000
000000000000000000000000000000000000000000000000000000000000000000000000
000000000000000000000000000000000000000000000000000000000000000000000000
000000000000000000000000000000000000000000000000000000000000000000000000
000000000000000000000000000000000000000000000000000000000000000000000000
000000000000000000000000000000000000000000000000000000000000000000000000
000000000000000000000000000000000000000000000000000000000000000000000000
000000000000000000000000000000000000000000000000000000000000000000000000
000000000000000000000000000000000000000000000000000000000000000000000000
000000000000000000000000000000000000000000000000000000000000000000000000
000000000000000000000000000000000000000000000000000000000000000000000000
000000000000000000000000000000000000000000000000000000000000000000000000
000000000000000000000000000000000000000000000000000000000000000000000000
000000000000000000000000000000000000000000000000000000000000000000000000
000000000000000000000000000000000000000000000000000000000000000000000000
000000000000000000000000000000000000000000000000000000000000000000000000
000000000000000000000000000000000000000000000000000000000000000000000000
000000000000000000000000000000000000000000000000000000000000000000000000
000000000000000000000000000000000000000000000000000000000000000000000000
000000000000000000000000000000000000000000000000000000000000000000000000
000000000000000000000000000000000000000000000000000000000000000000000000
000000000000000000000000000000000000000000000000000000000000000000000000
000000000000000000000000000000000000000000000000000000000000000000000000
000000000000000000000000000000000000000000000000000000000000000000000000
000000000000000000000000000001111000000000000000000000000000000000000000
000000000000000000000000000111111100000000000000000000000000000000000000
000000000000000000000000001111111100000000000000000000000000000000000000
000000000000000000000000011100001100000000000000000000000000000000000000
000000000000000000000000111000000000000000000000000000000000000000000000
000000000000000000000000110000000000000000000000000000000000000000000000
000000000000000000000001110000000000000000000000000000000000000000000000
000000000000000000000001110000000000000000000000000000000000000000000000
000000000000000000000011110000000000000000000000000000000000000000000000
000000000000000000000011110000000000000000000000000000000000000000000000
000000000000000000000011110000000000000000000000000000000000000000000000
000000000000000000000011110000000000000000000000000000000000000000000000
000000000000000000000011110000000000000000000000000000000000000000000000
000000000000000000000011110000000000000000111111111100000000000000011100
000000000000000000000111111111110000000011110000111111000000000111111100
000000000000000000011111111111110000000111000000001111100000011111111100
000000000000000000111111111111110000001110000000000111110000000001111101
000000000000000000000011110000000000011110000000000011111000000001111111
000000000000000000000011110000000000111100000000000011111000000001111110
000000000000000000000011110000000000111100000000000001111100000001111100
000000000000000000000011110000000001111100000000000001111100000001111100
000000000000000000000011110000000001111000000000000001111100000001111100
000000000000000000000011110000000001111000000000000000111110000001111100
000000000000000000000011110000000001111000000000000000111110000001111100
000000000000000000000011110000000001111000000000000000111110000001111100
000000000000000000000011110000000001111000000000000000111110000001111100
000000000000000000000011110000000001111100000000000000111110000001111100
000000000000000000000011110000000001111100000000000000111100000001111100
000000000000000000000011110000000001111100000000000000111100000001111100
000000000000000000000011110000000001111100000000000000111100000001111100
000000000000000000000011110000000000111110000000000001111000000001111100
000000000000000000000011110000000000111110000000000001111000000001111100
000000000000000000000011110000000000011111000000000011110000000001111100
000000000000000000000011110000000000001111100000000011100000000001111100
000000000000000000001111111100000000000111110000001111000000000011111111
000000000000000000111111111111000000000011111111111100000000011111111111
000000000000000000000000000000000000000000111111100000000000000000000000
000000000000000000000000000000000000000000000000000000000000000000000000
000000000000000000000000000000000000000000000000000000000000000000000000
000000000000000000000000000000000000000000000000000000000000000000000000
000000000000000000000000000000000000000000000000000000000000000000000000
000000000000000000000000000000000000000000000000000000000000000000000000
000000000000000000000000000000000000000000000000000000000000000000000000
000000000000000000000000000000000000000000000000000000000000000000000000
000000000000000000000000000000000000000000000000000000000000000000000000
000000000000000000000000000000000000000000000000000000000000000000000000
000000000000000000000000000000000000000000000000000000000000000000000000
000000000000000000000000000000000000000000000000000000000000000000000000
000000000000000000000000000000000000000000000000000000000000000000000000
000000000000000000000000000000000000000000000000000000000000000000000000
000000000000000000000000000000000000000000000000000000000000000000000000
000000000000000000000000000000000000000000000000000000000000000000000000
000000000000000000000000000000000000000000000000000000000000000000000000
000000000000000000000000000000000000000000000000000000000000000000000000
000000000000000000000000000000000000000000000000000000000000000000000000
000000000000000000000000000000000000000000000000000000000000000000000000
000000000000000000000000000000000000000000000000000000000000000000000000
000000000000000000000000000000000000000000000000000000000000000000000000
000000000000000000000000000000000000000000000000000000000000000000000000
000000000000000000000000000000000000000000000000000000000000000000000000
000000000000000000000000000000000000000000000000000000000000000000000000
000000000000000000000000000000000000000000000000000000000000000000000000
000000000000000000000000000000000000000000000000000000000000000000000000
000000000000000000001000000000000000000000000000000000000000000000000000
000000000000000111111000000000000000000000000000000000000000000000000000
000000000000011111111000000000000000000000000000000000000000000000000000
000000000000000011111000000000000000000000000000000000000000000000000000
000000000000000001111000000000000000000000000000000000000000000000000000
000000000000000001111000000000000000000000000000000000000000000000000000
000000000000000001111000000000000000000000000000000000000000000000000000
000000000000000001111000000000000000000000000000000000000000000000000001
000000000000000001111000000000000000000000000000000000000000000000000001
000000000000000001111000000000000000000000000000000000000000000000000000
000000000000000001111000000000000000000000000000000000000000000000000000
000000000000000001111000000000000000000000000000000000000000000000000000
000000000000000001111000000000000000000000000000000000000000000000000000
001111111110000001111000001111111000000000000000001111111100000000000000
001111111110000001111000011111111110000000000000111111111110000000000001
000001111000000001111001111111111111000000000011111111111111000000000011
000001110000000001111011100000111111000000000111000000011111100000001111
000001110000000001111110000000011111100000000111000000000111100000000001
000001100000000001111100000000001111100000000110000000000111100000000001
000011100000000001111100000000000111100000000000000000000111110000000001
000011000000000001111000000000000111100000000000000000000011110000000001
000011000000000001111000000000000111100000000000000000000011110000000001
000110000000000001111000000000000111100000000000000000111111110000000001
000110000000000001111000000000000111100000000000001111111111110000000001
000110000000000001111000000000000111100000000001111110000011110000000001
001100000000000001111000000000000111100000000011110000000011110000000001
001100000000000001111000000000000111100000000111100000000011110000000001
001000000000000001111000000000000111100000001111000000000011110000000001
011000000000000001111000000000000111100000001111000000000011110000000001
011000000000000001111000000000000111100000011111000000000011110000000001
110000000000000001111000000000000111100000011111000000000111110000000001
110000000000000001111000000000000111100000011111000000001111110000000001
110000000000000001111000000000000111100000001111000000011111110000000000
100000000000000001111000000000000111100000001111110001110011110000000000
100000000000000011111100000000000111110000001111111111000011110000000000
000000000000011111111111100000000111111110000111111110000011111110000000
000000000000000000000000000000000000000000000001111000000000000000000000
000000000000000000000000000000000000000000000000000000000000000000000000
000000000000000000000000000000000000000000000000000000000000000000000000
000000000000000000000000000000000000000000000000000000000000000000000000
000000000000000000000000000000000000000000000000000000000000000000000000
000000000000000000000000000000000000000000000000000000000000000000000000
000000000000000000000000000000000000000000000000000000000000000000000000
000000000000000000000000000000000000000000000000000000000000000000000000
000000000000000000000000000000000000000000000000000000000000000000000000
000000000000000000000000000000000000000000000000000000000000000000000000
000000000000000000000000000000000000000000000000000000000000000000000000
000000000000000000000000000000000000000000000000000000000000000000000000
000000000000000000000000000000000000000000000000000000000000000000000000
000000000000000000000000000000000000000000000000000000000000000000000000
000000000000000000000000000000000000000000000000000000000000000000000000
000000000000000000000000000000000000000000000000000000000000000000000000
000000000000000000000000000000000000000000000000000000000000000000000000
000000000000000000000000000000000000000000000000000000000000000000000000
000000000000000000000000000000000000000000000000000000000000000000000000
