000000000000000000000000000000000000000000000000000000000000000000000000
000000000000000000000000000000000000000000000000000000000000000000000000
000000000000000000000000000000000000000000000000000000000000000000000000
000000000000000000000000000000000000000000000000000000000000000000000000
000000000000000000000000000000000000000000000000000000000000000000000000
000000000000000000000000000000000000000000000000000000000000000000000000
000000000000000000000000000000000000000000000000000000000000000000000000
000000000000000000000000000000000000000000000000000000000000000000000000
000000000000000000000000000000000000000000000000000000000000000000000000
000000000000000000000000000000000000000000000000000000000000000000000000
000000000000000000000000000000000000000000000000000000000000000000000000
000000000000000000000000000000000000000000000000000000000000000000000000
000000000000000000000000000000000000000000000000000000000000000000000000
000000000000000000000000000000000000000000000000000000000000000000000000
000000000000000000000000000000000000000000000000000000000000000000000000
000000000000000000000000000000000000000000000000000000000000000000000000
000000000000000000000000000000000000000000000000000000000000000000000000
000000000000000000000000000000000000000000000000000000000000000000000000
000000000000000000000000000000000000000000000000000000000000000000000000
110000000000000000000000000000000000000000000000000000000000000000000000
111000000000000000000000000000000000000000000000000000000000000000000000
111000000000000000000000000000000000000000000000000000000000000000000000
111000000000000000000000000000000000000000000000000000000000000000000000
110000000000000000000000000000000000000000000000000000000000000000000000
000000000000000000000000000000000000000000000000000000000000000000000000
000000000000000000000000000000000000000000000000000000000000000000000000
000000000000000000000000000000000000000000000000000000000000000000000000
000000000000000000000000000000000000000000000000000000000000000000000000
000000000000000000000000000000000000000000000000000000000000000000000000
000000000000000000000000000000000000000000000000000000000000000000000000
111000000000000000011111111000000000000111111110000000000000000000000000
111000000000000011111111111100000000011110001111100000000000000000000001
111000000000000111100001111100000000111000000011110000000000000000000011
111000000000011100000000011100000001110000000011111000000000000000000000
111000000000111100000000001100000011100000000001111000000000000000000000
111000000001111000000000001100000111100000000001111100000000000000000000
111000000001110000000000001100001111000000000000111100000000000000000000
111000000011110000000000000000001111000000000000111100000000000000000000
111000000011110000000000000000001111000000000000111100000000000000000000
111000000011110000000000000000001111000000000000111100000000000000000000
111000000111110000000000000000011111111111111111111100000000000000000000
111000000111110000000000000000011111111111111100000000000000000000000000
111000000111110000000000000000011111000000000000000000000000000000000000
111000000111110000000000000000011111000000000000000000000000000000000000
111000000111110000000000000000001111000000000000000000000000000000000000
111000000011111000000000000000001111100000000000000000000000000000000000
111000000011111000000000000000001111100000000000000000000000000000000000
111000000011111000000000000000001111100000000000000000000000000000000000
111000000001111100000000000000000111110000000000000000000000000000000000
111000000001111110000000000000000111111000000000001100000000000000000000
111000000000111111100000000100000011111110000000111000000000000000000000
111100000000011111111111111100000001111111111111111000000000000000000000
111111100000000111111111111000000000011111111111100000000000000000000111
000000000000000001111111000000000000000111111100000000000000000000000000
000000000000000000000000000000000000000000000000000000000000000000000000
000000000000000000000000000000000000000000000000000000000000000000000000
000000000000000000000000000000000000000000000000000000000000000000000000
000000000000000000000000000000000000000000000000000000000000000000000000
000000000000000000000000000000000000000000000000000000000000000000000000
000000000000000000000000000000000000000000000000000000000000000000000000
000000000000000000000000000000000000000000000000000000000000000000000000
000000000000000000000000000000000000000000000000000000000000000000000000
000000000000000000000000000000000000000000000000000000000000000000000000
000000000000000000000000000000000000000000000000000000000000000000000000
000000000000000000000000000000000000000000000000000000000000000000000000
000000000000000000000000000000000000000000000000000000000000000000000000
000000000000000000000000000000000000000000000000000000000000000000000000
000000000000000000000000000000000000000000000000000000000000000000000000
000000000000000000000000000000000000000000000000000000000000000000000000
000000000000000000000000000000000000000000000000000000000000000000000000
000000000000000000000000000000000000000000000000000000000000000000000000
000000000000000000000000000000000000000000000000000000000000000000000000
000000000000000000000000000000000000000000000000000000000000000000000000
000000000000000000000000000000000000000000000000000000000000000000000000
000000000000000000000000000000000000000000000000000000000000000000000000
000000000000000000000000000000000000000000000000000000000000000000000000
000000000000000000000000000000000000000000000000000000000000000000000000
000000000000000000000000000000000000000000000000000000000000000000000000
000000000000000000000000000000000000000000000000000000000000000000000000
000000000000000000000000000000000000000000000000000000000000000000000000
000000000000000000000000000000000000000000000000001000000000000000000000
000000000000000000000000000000000000000000000011111000000000000000000000
110000000000000000000000000000000000000000011111111000000000000000000000
111100000000000000000000000000000000000000000011111000000000000000000000
111111000000000000000000000000000000000000000001111000000000000000000000
011111100000000000000000000000000000000000000001111000000000000000000000
001111110000000000000000000000000000000000000001111000000000000000000000
000111111000000000000000000000000000000000000001111000000000000000000000
000011111000000000000000000000000000000000000001111000000000000000000000
000011111100000000000000000000000000000000000001111000000000000000000000
000001111100000000000000000000000000000000000001111000000000000000000000
000001111110000000000000000000000000000000000001111000000000000000000000
000001111110000000000000000000000000000000000001111000000000000000000000
000000111110000000011000001111111000000000000001111000000111100011110000
000000111110000011111000011111111110000000000001111000000111111111110000
000000111111011111111000111111111111000000000001111000000001111110000000
000000111111000011111011100000111111000000000001111000000000111110000000
000000111111000001111110000000011111100000000001111000000000111110000000
000000111111000001111100000000001111100000000001111000000000011110000000
000000111111000001111100000000000111100000000001111000000000011111000000
000000111111000001111000000000000111100000000001111000000000001111000000
000000111110000001111000000000000111100000000001111000000000001111100000
000000111110000001111000000000000111100000000001111000000000000111100000
000000111110000001111000000000000111100000000001111000000000000111100000
000000111110000001111000000000000111100000000001111000000000000111110000
000000111100000001111000000000000111100000000001111000000000000011110000
000001111100000001111000000000000111100000000001111000000000000011111000
000001111000000001111000000000000111100000000001111000000000000001111000
000001111000000001111000000000000111100000000001111000000000000001111000
000011110000000001111000000000000111100000000001111000000000000001111100
000111100000000001111000000000000111100000000001111000000000000000111100
000111000000000001111000000000000111100000000001111000000000000000111111
001110000000000001111000000000000111100000000001111000000000000000011111
111100000000000001111100000000000111110000000001111000000000000000011111
110000000000000011111100000000000111110000000011111100000000000000011111
000000000000011111111111100000000111111110011111111111100000000000001110
000000000000000000000000000000000000000000000000000000000000000000001110
000000000000000000000000000000000000000000000000000000000000000000001110
000000000000000000000000000000000000000000000000000000000000000000001100
000000000000000000000000000000000000000000000000000000000000000000001100
000000000000000000000000000000000000000000000000000000000000000000011000
000000000000000000000000000000000000000000000000000000000000000000011000
000000000000000000000000000000000000000000000000000000000000000000010000
000000000000000000000000000000000000000000000000000000000000000000110000
000000000000000000000000000000000000000000000000000000000000000001110000
000000000000000000000000000000000000000000000000000000000000000001100000
000000000000000000000000000000000000000000000000000000000001000111000000
000000000000000000000000000000000000000000000000000000000011111111000000
000000000000000000000000000000000000000000000000000000000011111110000000
000000000000000000000000000000000000000000000000000000000011111100000000
000000000000000000000000000000000000000000000000000000000000000000000000
000000000000000000000000000000000000000000000000000000000000000000000000
000000000000000000000000000000000000000000000000000000000000000000000000
000000000000000000000000000000000000000000000000000000000000000000000000
000000000000000000000000000000000000000000000000000000000000000000000000
000000000000000000000000000000000000000000000000000000000000000000000000
000000000000000000000000000000000000000000000000000000000000000000000000
000000000000000000000000000000000000000000000000000000000000000000000000
000000000000000000000000000000000000000000000000000000000000000000000000
000000000000000000000000000000000000000000000000000000000000000000000000
000000000000000000000000000000000000000000000000000000000000000000000000
000000000000000000000000000000000000000000000000000000000000000000000000
000000000000000000000000000000000000000000000000000000000000000000000000
000000000000000000000000000000000000000000000000000000000000000000000000
000000000000000000000000000000000000000000000000000000000000000000000000
000000000000000000000000000000000000000000000000000000000000000000000000
000000000000000000000000000000000000000000000000000000000000000000000000
000000000000000000000000000000000000000000000000000000000000000000000000
000000000000000000000000000000000000000000000000000000000000000000000000
000000000000000000000000000000000000000000000000000000000000000000000000
000000000000000000000000000000000000000000000000000000000000000000000000
000000000000000000000000000000000000000000000000000000000000000000000000
000000000000000000000000000000000000000000000000000000000000000000000000
000000000000000000000000000000000000000000000000000000000000000000000000
000000000000000000000000000000000000000000000000000000000000000000000000
000000000000000000000000000000000000000000000000000000000000000000000000
000000000000000000000000000000000000000000000000000000000000000000000000
000000000000000000000000000000000000000000000000000000000000000000000000
000000000000000000000000000000000000000000000000000000000000000000000000
000000000000000000000000000000000000000000000000000000000000000000000000
000000000000000000000000000000000000000000000000000000000000000000000000
000000000000000000000000000000000000000000000000000000000000000000000000
000000000000000000000000000000000000000000000000000000000000000000000000
000000000000000000000000000000000000000000000000000000000000000000000000
000000000000000000000000000000000000000000000000000000000000000000000000
000000000000000000000000000000000000000000000000000000000000000000000000
000000000000000000000000000000000000000000000000000000000000000000000000
000000000000000000000000000000000000000000000000000000000000000000000000
000000000000000000000000000000000000000000000000000000000000000000000000
000000000000000000000000000000000000000000000000000000000000000000000000
000000000000000000000000000000000000000000000000000000000000000000000000
000000000000000000000000000000000000000000000000000000000000000000000000
000000000000000000000000000000000000000000000000000000000000000000000000
000000000000000000000000000000000000000000000000000000000000000000000000
000000000000000000000000000000000000000000000000000000000000000000000000
000000000000000000000000000000000000000000000000000000000000000000000000
000000000000000000000000000000000000000000000000000000000000000000000000
000000000000000000000000000000000000000000000000000000000000000000000000
000000000000000000000000000000000000000000000000000000000000000000000000
