000011111000000000000000001111000000000000111110000011111111111111111110
000011111000000000000000001111000000000000111110000011111000000000000000
000011111000000000000000001111000000000000111110000011111000000000000000
000011111000000000000000001111000000000000111110000011111000000000000000
000011111000000000000000001111000000000000111110000011111000000000000000
000011111000000000000000001111000000000000111110000001111100000000000000
000011111000000000000000001111000000000000111110000001111100000000000000
000011111000000000000000001111000000000000111110000001111110000000000000
000011111000000000000000001111000000000000111110000000111111000000000000
000011111000000000000000001111100000000000111110000000111111100000000011
000111111100000000000000001111100000000000111110000000011111111000001111
111111111111110000000011111111111110000000111111110000000111111111111100
100000000000110000000001000000000100000000010000010000000001111111110000
000000000000000000000000000000000000000000000000000000000000000000000000
000000000000000000000000000000000000000000000000000000000000000000000000
000000000000000000000000000000000000000000000000000000000000000000000000
000000000000000000000000000000000000000000000000000000000000000000000000
000000000000000000000000000000000000000000000000000000000000000000000000
000000000000000000000000000000000000000000000000000000000000000000000000
000000000000000000000000000000000000000000000000000000000000000000000000
000000000000000000000000000000000000000000000000000000000000000000000000
000000000000000000000000000000000000000000000000000000000000000000000000
000000000000000000000000000000000000000000000000000000000000000000000000
000000000000000000000000000000000000000000000000000000000000000000000000
000000000000000000000000000000000000000000000000000000000000000000000000
000000000000000000000000000000000000000000000000000000000000000000000000
000000000000000000000000000000000000000000000000000000000000000000000000
000000000000000000000000000000000000000000000000000000000000000000000000
000000000000000000000000000000000000000000000000000000000000000000000000
000000000000000000000000000000000000000000000000000000000000000000000000
000000000000000000000000000000000000000000000000000000000000000000000000
000000000000000000000000000000000000000000000000000000000000000000000000
000000000000000000000000000000000000000000000000000000000000000000000000
000000000000000000000000000000000000000000000000000000000000000000000000
000000000000000000000000000000000000000000000000000000000000000000000000
000000000000000000000000000000000000000000000000000000000000000000000000
000000000000000000000000000000000000000000000000000000000000000000000000
000000000000000000000000000000000000000000000000000000000000000000000000
000000000000000000000000000000000000000000000000000000000000000000000000
000000000000000000000000000000000000000000000000000000000000000000000000
000000000000000000000000000000000000000000000000000111100000000000000001
000000000000000000000000000000000000000000000001111111100000000000000011
000000000000000000000000000000000000000000000001111111100000000000000111
000000000000000000000000000000000000000000000000001111100000000000001100
000000000000000000000000000000000000000000000000000111100000000000011100
000000000000000000000000000000000000000000000000000111100000000000011100
000000000000000000000000000000000000000000000000000111100000000000111000
000000000000000000000000000000000000000000000000000111100000000000111000
000000000000000000000000000000000000000000000000000111100000000001111000
000000000000000000000000000000000000000000000000000111100000000001111000
000000000000000000000000000000000000000000000000000111100000000001111000
000000000000000000000000000000000000000000000000000111100000000001111000
000000000111110000000000000000000111100000000000000111100000000001111000
000000111111111111000000000000111111111000000000000111100000000001111000
000011110000001111000000000011100000111110000000000111100000000011111111
000111000000000111000000000111000000011111000000000111100000001111111111
000111000000000011000000001110000000001111100000000111100000001101111100
000111000000000011000000011100000000000111100000000111100000000001111000
001111000000000011000000111100000000000111100000000111100000000001111000
001111000000000000000000111100000000000111110000000111100000000001111000
001111100000000000000001111100000000000111110000000111100000000001111000
000111111100000000000001111100000000000111110000000111100000000001111000
000111111111110000000001111111111111111111110000000111100000000001111000
000011111111111110000001111111111111111111100000000111100000000001111000
000001111111111111000001111100000000000000000000000111100000000001111000
000000001111111111100001111100000000000000000000000111100000000001111000
000000000000111111110001111100000000000000000000000111100000000001111000
000000000000000111110001111100000000000000000000000111100000000001111000
000000000000000011110001111100000000000000000000000111100000000001111000
001100000000000011110000111110000000000000000000000111100000000001111000
001100000000000011100000111110000000000000000000000111100000000001111000
001100000000000011100000111111000000000000000000000111100000000001111000
001110000000000111000000011111100000000001100000001111100000000001111000
001111000000001111000000001111111000000111000000001111100000000001111100
001111110000111100000000000111111111111110000001111111111110011111111111
001111111111110000000000000001111111111000000001111111111110011111111111
000000011110000000000000000000001111000000000000000000000000000000000000
000000000000000000000000000000000000000000000000000000000000000000000000
000000000000000000000000000000000000000000000000000000000000000000000000
000000000000000000000000000000000000000000000000000000000000000000000000
000000000000000000000000000000000000000000000000000000000000000000000000
000000000000000000000000000000000000000000000000000000000000000000000000
000000000000000000000000000000000000000000000000000000000000000000000000
000000000000000000000000000000000000000000000000000000000000000000000000
000000000000000000000000000000000000000000000000000000000000000000000000
000000000000000000000000000000000000000000000000000000000000000000000000
000000000000000000000000000000000000000000000000000000000000000000000000
000000000000000000000000000000000000000000000000000000000000000000000000
000000000000000000000000000000000000000000000000000000000000000000000000
000000000000000000000000000000000000000000000000000000000000000000000000
000000000000000000000000000000000000000000000000000000000000000000000000
000000000000000000000000000000000000000000000000000000000000000000000000
000000000000000000000000000000000000000000000000000000000000000000000000
000000000000000000000000000000000000000000000000000000000000000000000000
000000000000000000000000000000000000000000000000000000000000000000000000
000000000000000000000000000000000000000000000000000000000000000000000000
000000000000000000000000000000000000000000000000000000000000000000000000
000000000000000000000000000000000000000000000000000000000000000000000000
000000000000000000000000000000000000000000000000000000000000000000000000
000000000000000000000000000000000000000000000000000000000000000000000000
000000000000000000000000000000000000000000000000000000000000000000000000
000000000000000000000000000000000000000000000000000000000000000000000000
000000000000000000000000000000000000000000000000000000000000000000000000
000000000000000000000000000000000000000000000000000000000000000000000000
000000000000000000000000000000000000000000000000000000000000000000000000
000000000000000000000000000000000000000000000000000000000000000000000000
000000000000000000000000000000000000000000000000000000000000000000000000
000000000000000000000000000000000000000000000000000000000000000000000000
000000000000000000000000000000000000000000000000000000000000000000000000
000000000000000000000000000000000000000000000000000000000000000000000000
000000000000000000000000000000000000000000000000000000000000000000000000
000000000000000000000000000000000000000000000000000000000000000000000000
000000000000000000000000000000000000000000000000000000000000000000000000
000000000000000000000000000000000000000000000000000000000000000000000000
000000000000000000000000000000000000000000000000000000000000000000000000
000000000000000000000000000000000000000000000000000000000000000000000000
000000000000000000000000111111111111000000001100000000111111111100000000
000000000000000000000000001111111100000000001100000000001111111000000000
000000000000000000000000000111110000000000011110000000000011100000000001
000000000000000000000000000011110000000000011110000000000011100000000011
000000000000000000000000000011110000000000111110000000000011000000000111
000000000000000000000000000011111000000000111111000000000111000000000111
000000000000000000000000000001111000000001111111000000000110000000001111
000000000000000000000000000001111000000001101111100000000110000000001111
000000000000000000000000000001111100000001100111100000001100000000011111
000000000000000000000000000000111100000011000111100000001100000000011111
000000000000000000000000000000111100000011000111110000001100000000011111
000000000000000000000000000000111110000110000011110000011000000000011111
000000000000000000000000000000011110000110000011111000011000000000011111
000000000000000000000000000000011110001100000001111000110000000000011111
000000000000000000000000000000011111001100000001111000110000000000011111
000000000000000000000000000000001111011100000001111100100000000000011111
000000000000000000000000000000001111011000000000111101100000000000001111
000000000000000000000000000000001111111000000000111111100000000000001111
000000000000000000000000000000001111110000000000011111000000000000000111
000000000000000000000000000000000111110000000000011111000000000000000111
000000000000000000000000000000000111100000000000011111000000000000000011
111000000000000000000000000000000111100000000000001110000000000000000001
111000000000000000000000000000000011100000000000001110000000000000000000
000000000000000000000000000000000000000000000000000000000000000000000000
000000000000000000000000000000000000000000000000000000000000000000000000
000000000000000000000000000000000000000000000000000000000000000000000000
000000000000000000000000000000000000000000000000000000000000000000000000
000000000000000000000000000000000000000000000000000000000000000000000000
000000000000000000000000000000000000000000000000000000000000000000000000
000000000000000000000000000000000000000000000000000000000000000000000000
000000000000000000000000000000000000000000000000000000000000000000000000
000000000000000000000000000000000000000000000000000000000000000000000000
000000000000000000000000000000000000000000000000000000000000000000000000
000000000000000000000000000000000000000000000000000000000000000000000000
000000000000000000000000000000000000000000000000000000000000000000000000
000000000000000000000000000000000000000000000000000000000000000000000000
000000000000000000000000000000000000000000000000000000000000000000000000
000000000000000000000000000000000000000000000000000000000000000000000000
000000000000000000000000000000000000000000000000000000000000000000000000
000000000000000000000000000000000000000000000000000000000000000000000000
000000000000000000000000000000000000000000000000000000000000000000000000
000000000000000000000000000000000000000000000000000000000000000000000000
000000000000000000000000000000000000000000000000000000000000000000000000
000000000000000000000000000000000000000000000000000000000000000000000000
000000000000000000000000000000000000000000000000000000000000000000000000
000000000000000000000000000000000000000000000000000000000000000000000000
000000000000000000000000000000000000000000000000000000000000000000000000
000000000000000000000000000000000000000000000000000000000000000000000000
000000000000000000000000000000000000000000000000000000000000000000000000
000000000000000000000000000000000000000000000000000000000000000000000000
000000000000000000000000000000000000000000000000000000000000000000000000
000000000000000000000000000000000000000000000000000000000000000000000000
000000000000000000000000000000000000000000000000000000000000000000000000
000000000000000000000000000000000000000000000000000000000000000000000000
000000000000000000000000000000000000000000000000000000000000000000000000
000000000000000000000000000000000000000000000000000000000000000000000000
000000000000000000000000000000000000000000000000000000000000000000000000
000000000000000000000000000000000000000000000000000000000000000000000000
000000000000000000000000000000000000000000000000000000000000000000000000
000000000000000000000000000000000000000000000000000000000000000000000000
000000000000000000000000000000000000000000000000000000000000000000000000
000000000000000000000000000000000000000000000000000000000000000000000000
000000000000000000000000000000000000000000000000000000000000000000000000
