111000000000000000011111111111000000001111111111110000000000000000000000
000000000000000000000001111000000000000000111110000000000000000000000000
000000000000000000000000000000000000000000000000000000000000000000000000
000000000000000000000000000000000000000000000000000000000000000000000000
000000000000000000000000000000000000000000000000000000000000000000000000
000000000000000000000000000000000000000000000000000000000000000000000000
000000000000000000000000000000000000000000000000000000000000000000000000
000000000000000000000000000000000000000000000000000000000000000000000000
000000000000000000000000000000000000000000000000000000000000000000000000
000000000000000000000000000000000000000000000000000000000000000000000000
000000000000000000000000000000000000000000000000000000000000000000000000
000000000000000000000000000000000000000000000000000000000000000000000000
000000000000000000000000000000000000000000000000000000000000000000000000
000000000000000000000000000000000000000000000000000000000000000000000000
000000000000000000000000000000000000000000000000000000000000000000000000
000000000000000000000000000000000000000000000000000000000000000000000000
000000000000000000000000000000000000000000000000000000000000000000000000
000000000000000000000000000000000000000000000000000000000000000000000000
000000000000000000000000000000000000000000000000000000000000000000000000
000000000000000000000000000000000000000000000000000000000000000000000000
000000000000000000000000000000000000000000000000000000000000000000000000
000000000000000000000000000000000000000000000000000000000000000000000000
000000000000000000000000000000000000000000000000000000000000000000000000
000000000000000000000000000000000000000000000000000000000000000000000000
000000000000000000000000000000000000000000000000000000000000000000000000
000000000000000000000000000000000000000000000000000000000000000000000000
000000000000000000000000000000000000000000000000000000000000000000000000
000000000000000000000000000000000000000000000000000000000000000000000000
000000000000000000000000000000000000000000000000000011111000000000000000
000000000000000000000000000000000000000000000000000111111000000000000000
000000000000000000000000000000000000000000000000001111111000000000000000
000000000000000000000000000000000000000000000000011000001000000000000000
000000000000000000000000000000000000000000000000110000000000000000000000
000000000000000000000000000000000000000000000001110000000000000001000000
000000000000000000000000000000000000000000000001110000000000000111000000
000000000000000000000000000000000000000000000011110000000000001111000000
000000000000000000000000000000000000000000000011110000000000001111000000
000000000000000000000000000000000000000000000011110000000000001111000000
000000000000000000000000000000000000000000000011110000000000001111000000
000000000000000000000000000000000000000000000011110000000000001111000000
000000000000000000000000000000000000000000000011110000000000001111000000
111111111000000000000011111111110000000000000011110000000000001111000000
000011111100000000001111000011111100000000000111111111110000011111111111
000000111000000000011100000000111110000000011111111111110001111111111111
000000011000000000111000000000011111000000111111111111110011111111111111
000000001000000001111000000000001111100000000011110000000000001111000000
000000001000000011110000000000001111100000000011110000000000001111000000
000000000000000011110000000000000111110000000011110000000000001111000000
000000000000000111110000000000000111110000000011110000000000001111000000
000000000000000111100000000000000111110000000011110000000000001111000000
111110000000000111100000000000000011111000000011110000000000001111000000
111111110000000111100000000000000011111000000011110000000000001111000000
111111111100000111100000000000000011111000000011110000000000001111000000
111111111110000111100000000000000011111000000011110000000000001111000000
001111111110000111110000000000000011110000000011110000000000001111000000
000000111110000111110000000000000011110000000011110000000000001111000000
000000011110000111110000000000000011110000000011110000000000001111000000
000000001110000111110000000000000011110000000011110000000000001111000000
000000001110000011111000000000000111100000000011110000000000001111000000
000000001110000011111000000000000111000000000011110000000000001111000000
000000011100000001111100000000001111000000000011110000000000001111100000
000000111000000000111110000000001110000000000111110000000000001111111111
000001110000000000011111000000111100000000111111111110000000000111111110
111111100000000000001111111111110000000001111111111111000000000111111100
111100000000000000000001111110000000000000000000000000000000000000000000
000000000000000000000000000000000000000000000000000000000000000000000000
000000000000000000000000000000000000000000000000000000000000000000000000
000000000000000000000000000000000000000000000000000000000000000000000000
000000000000000000000000000000000000000000000000000000000000000000000000
000000000000000000000000000000000000000000000000000000000000000000000000
000000000000000000000000000000000000000000000000000000000000000000000000
000000000000000000000000000000000000000000000000000000000000000000000000
000000000000000000000000000000000000000000000000000000000000000000000000
000000000000000000000000000000000000000000000000000000000000000000000000
000000000000000000000000000000000000000000000000000000000000000000000000
000000000000000000000000000000000000000000000000000000000000000000000000
000000000000000000000000000000000000000000000000000000000000000000000000
000000000000000000000000000000000000000000000000000000000000000000000000
000000000000000000000000000000000000000000000000000000000000000000000000
000000000000000000000000000000000000000000000000000000000000000000000000
000000000000000000000000000000000000000000000000000000000000000000000000
000000000000000000000000000000000000000000000000000000000000000000000000
000000000000000000000000000000000000000000000000000000000000000000000000
000000000000000000000000000000000000000000000000000000000000000000000000
000000000000000000000000000000000000000000000000000000000000000000000000
000000000000000000000000000000000000000000000000000000000000000000000000
000000000000000000000000000000000000000000000000000000000000000000000000
000000000000000000000000000000000000000000000000000000000000000000000000
000000000000000000000000000000000000000000000000000000000000000000000000
000000000000000000000000000000000000000000000000000000000000000000000000
000000000000000000000000000000000000000000000000000000000000000000000000
000001100000000000000000000000000000000000000000000000000000000000000000
111111100000000000000000000000000000000000000000000000000000000000000000
111111100000000000000000000000000000000000000000000000000000000000000000
001111100000000000000000000000000000000000000000000000000000000000000000
000111100000000000000000000000000000000000000000000000000000000000000000
000111100000000000000000000000000000000000000000000000000000000000000000
000111100000000000000000000000000000000000000000000000000000000000000000
000111100000000000000000000000000000000000000000000000000000000000000000
000111100000000000000000000000000000000000000000000000000000000000000000
000111100000000000000000000000000000000000000000000000000000000000000000
000111100000000000000000000000000000000000000000000000000000000000000000
000111100000000000000000000000000000000000000000000000000000000000000000
000111100000000000000000000000000000000000000000000000000000000000000000
000111100000111111100000000000000000011111110000000000000000000000000000
000111100011111111111000000000000001111001111100000000000000000000000001
000111100111111111111100000000000111100000011110000000000000000000000111
000111101100000011111100000000001110000000001111000000000000000000001111
000111111000000001111110000000011110000000000111100000000000000000011110
000111110000000000111110000000111100000000000111100000000000000000011110
000111100000000000011110000000111100000000000111110000000000000000111100
000111100000000000011110000000111100000000000111110000000000000000111100
000111100000000000011110000001111100000000000111110000000000000000111100
000111100000000000011110000001111100000000000111110000000000000001111100
000111100000000000011110000001111111111111111111110000000000000001111111
000111100000000000011110000001111111111111110000000000000000000001111111
000111100000000000011110000001111100000000000000000000000000000001111100
000111100000000000011110000001111100000000000000000000000000000001111100
000111100000000000011110000001111100000000000000000000000000000001111100
000111100000000000011110000001111100000000000000000000000000000000111100
000111100000000000011110000000111100000000000000000000000000000000111110
000111100000000000011110000000111110000000000000000000000000000000111110
000111100000000000011110000000111111000000000000000000000000000000111111
000111100000000000011110000000011111100000000000100000000000000000011111
000111100000000000011110000000001111110000000011100000000000000000001111
001111111000000000011111100000000111111111111111000000000000000000000111
111111111110000000011111111000000011111111111100000000000000000000000011
000000000000000000000000000000000000111111110000000000000000000000000000
000000000000000000000000000000000000000000000000000000000000000000000000
000000000000000000000000000000000000000000000000000000000000000000000000
000000000000000000000000000000000000000000000000000000000000000000000000
000000000000000000000000000000000000000000000000000000000000000000000000
000000000000000000000000000000000000000000000000000000000000000000000000
000000000000000000000000000000000000000000000000000000000000000000000000
000000000000000000000000000000000000000000000000000000000000000000000000
000000000000000000000000000000000000000000000000000000000000000000000000
000000000000000000000000000000000000000000000000000000000000000000000000
000000000000000000000000000000000000000000000000000000000000000000000000
000000000000000000000000000000000000000000000000000000000000000000000000
000000000000000000000000000000000000000000000000000000000000000000000000
000000000000000000000000000000000000000000000000000000000000000000000000
000000000000000000000000000000000000000000000000000000000000000000000000
000000000000000000000000000000000000000000000000000000000000000000000000
000000000000000000000000000000000000000000000000000000000000000000000000
000000000000000000000000000000000000000000000000000000000000000000000000
000000000000000000000000000000000000000000000000000000000000000000000000
000000000000000000000000000000000000000000000000000000000000000000000000
000000000000000000000000000000000000000000000000000000000000000000000000
000000000000000000000000000000000000000000000000000000000000000000000000
000000000000000000000000000000000000000000000000000000000000000000000000
000000000000000000000000000000000000000000000000000000000000000000000000
000000000000000000000000000000000000000000000000000000000000000000000000
000000000000000000000000000000000000000000000000000000000000000000000000
000000000000000000000000000000000000000000000000000000000000000000000000
000000000000000000000000000000000000000000000000000000000000000000000000
000000000000000000000000000000000000000000000000000000000000000000000000
000000000000000000000000000000000000000000000000000000000000000000000000
000000000000000000000000000000000000000000000000000000000000000000000000
000000000000000000000000000000000000000000000000000000000000000000000000
000000000000000000000000000000000000000000000000000000000000000000000000
000000000000000000000000000000000000000000000000000000000000000000000000
000000000000000000000000000000000000000000000000000000000000000000000000
000000000000000000000000000000000000000000000000000000000000000000000000
000000000000000000000000000000000000000000000000000000000000000000000000
000000000000000000000000000000000000000000000000000000000000000000000000
000000000000000000000000000000000000000000000000000000000000000000000000
000000000000000000000000000000000000000000000000000000000000000000000000
000000000000000000000000000000000000000000000000000000000000000000000000
000000000000000000000000000000000000000000000000000000000000000000000000
110000000000000000011000000000000001100000000000001111111000000000000000
111100000000000011111000000000001111100000000001111111111110000000000011
011111000000011111111000000001111111100000000011100000011110000000001111
001111100000000111111000000000011111100000000111000000000110000000011100
000111110000000011111000000000001111100000001110000000000110000000111000
000111111000000001111000000000000111100000001110000000000010000000110000
000011111000000001111000000000000111100000001110000000000010000000010000
000011111000000001111000000000000111100000001111000000000000000000000000
000001111100000001111000000000000111100000001111100000000000000000000000
000001111100000001111000000000000111100000001111111100000000000000000000
