110001111110000000000000000001111111000111111111100000111111111000000000
000000001110000000000000000011111111001111111111110001111111111100000000
000000000110000000000000000000011111011000000111110011000000111110000000
000000000110000000000000000000001111110000000111111110000000111110000000
000000000110000000000000000000001111100000000011111100000000011111000000
000000000000000000000000000000001111000000000011111000000000011111000000
000000000000000000000000000000001111000000000001111000000000001111000000
100000000000000000000000000000001111000000000001111000000000001111000000
111110000000000000000000000000001111000000000001111000000000001111000000
111111111000000000000000000000001111000000000001111000000000001111000000
111111111110000000000000000000001111000000000001111000000000001111000000
111111111111000000000000000000001111000000000001111000000000001111000000
000111111111000000000000000000001111000000000001111000000000001111000000
000000011111100000000000000000001111000000000001111000000000001111000000
000000001111100000000000000000001111000000000001111000000000001111000000
000000000111100000000000000000001111000000000001111000000000001111000000
000000000111100000000000000000001111000000000001111000000000001111000000
000000000111000000000000000000001111000000000001111000000000001111000000
000000000111000000000000000000001111000000000001111000000000001111000000
000000001110000000000000000000001111000000000001111000000000001111000000
000000111100000000000000000000111111100000000111111100000000001111100000
111111110000000000000000000011111111111100011111111111100000001111111100
111111000000000000000000000000000000000000000000000000000000000000000000
000000000000000000000000000000000000000000000000000000000000000000000000
000000000000000000000000000000000000000000000000000000000000000000000000
000000000000000000000000000000000000000000000000000000000000000000000000
000000000000000000000000000000000000000000000000000000000000000000000000
000000000000000000000000000000000000000000000000000000000000000000000000
000000000000000000000000000000000000000000000000000000000000000000000000
000000000000000000000000000000000000000000000000000000000000000000000000
000000000000000000000000000000000000000000000000000000000000000000000000
000000000000000000000000000000000000000000000000000000000000000000000000
000000000000000000000000000000000000000000000000000000000000000000000000
000000000000000000000000000000000000000000000000000000000000000000000000
000000000000000000000000000000000000000000000000000000000000000000000000
000000000000000000000000000000000000000000000000000000000000000000000000
000000000000000000000000000000000000000000000000000000000000000000000000
000000000000000000000000000000000000000000000000000000000000000000000000
000000000000000000000000000000000000000000000000000000000000000000000000
000000000000000000000000000000000000000000000000000000000000000000000000
000000000000000000000000000000000000000000000000000000000000000000000000
000000000000000000000000000000000000000000000000000000000000000000000000
000000000000000000000000000000000000000000000000000000000000000000000000
000000000000000000000000000000000000000000000000000000000000000000000000
000000000000000000000000000000000000000000000000000000000000000000000000
000000000000000000000000000000000000000000000000000000000000000000000000
000000000000000000000000000000000000000000000000000000000000000000000000
000000000000000000000000000000000000000000000000000000000000000000000000
000000000000000000000000000000000000000000000000000000000000000000000000
000000000000000000000000000000000000000000000000000000000000000000000000
000000000000000000000000000000000000000000000000000000000000000000000000
000000000000000000000000000000000000000000000000000000000000000000100000
000000000000000000000000000000000000000000000000000000000000001111100000
000000000000000000000000000000000000000000000000000000000001111111100000
000000000000000000000000000000000000000000000000000000000000001111100000
000000000000000000000000000000000000000000000000000000000000000111100000
000000000000000000000000000000000000000000000000000000000000000111100000
000000000000000000000000000000000000000000000000000000000000000111100000
000000000000000000000000000000000000000000000000000000000000000111100000
000000000000000000000000000000000000000000000000000000000000000111100000
000000000000000000000000000000000000000000000000000000000000000111100000
000000000000000000000000000000000000000000000000000000000000000111100000
000000000000000000000000000000000000000000000000000000000000000111100000
000000000000000000000000000000000000000000000000000000000000000111100000
000000000011000000000000001100000000000000111111000000000000000111100000
000000011111000000000001111100000000000011111111110000000000000111100000
000011111111000000001111111100000000001111111111111000000000000111100000
000000111111000000000011111100000000011100000011111100000000000111100000
000000001111000000000001111100000000111000000000111100000000000111100000
000000001111000000000000111100000000110000000000111110000000000111100000
000000001111000000000000111100000000010000000000011110000000000111100000
000000001111000000000000111100000000000000000000011110000000000111100000
000000001111000000000000111100000000000000000000011110000000000111100000
000000001111000000000000111100000000000000000001111110000000000111100000
000000001111000000000000111100000000000000111111111110000000000111100000
000000001111000000000000111100000000000111111000011110000000000111100000
000000001111000000000000111100000000011111000000011110000000000111100000
100000001111000000000000111100000000111100000000011110000000000111100000
100000001111000000000000111100000001111100000000011110000000000111100000
100000001111000000000000111100000001111000000000011110000000000111100000
100000001111000000000001111100000001111000000000011110000000000111100000
100000001111000000000001111100000001111000000000011110000000000111100000
100000001111000000000011111100000001111000000000111110000000000111100000
000000001111100000000111111100000001111100000001111110000000000111100000
000000001111111000011100111100000001111110000110011110000000000111100000
000000000111111111111000111110000001111111111100011110000000001111110000
000000000011111111110000111111110000111111110000011111110001111111111110
000000000000111111000000100000000000001111100000010000010001000000000010
000000000000000000000000000000000000000000000000000000000000000000000000
000000000000000000000000000000000000000000000000000000000000000000000000
000000000000000000000000000000000000000000000000000000000000000000000000
000000000000000000000000000000000000000000000000000000000000000000000000
000000000000000000000000000000000000000000000000000000000000000000000000
000000000000000000000000000000000000000000000000000000000000000000000000
000000000000000000000000000000000000000000000000000000000000000000000000
000000000000000000000000000000000000000000000000000000000000000000000000
000000000000000000000000000000000000000000000000000000000000000000000000
000000000000000000000000000000000000000000000000000000000000000000000000
000000000000000000000000000000000000000000000000000000000000000000000000
000000000000000000000000000000000000000000000000000000000000000000000000
000000000000000000000000000000000000000000000000000000000000000000000000
000000000000000000000000000000000000000000000000000000000000000000000000
000000000000000000000000000000000000000000000000000000000000000000000000
000000000000000000000000000000000000000000000000000000000000000000000000
000000000000000000000000000000000000000000000000000000000000000000000000
000000000000000000000000000000000000000000000000000000000000000000000000
000000000000000000000000000000000000000000000000000000000000000000000000
000000000000000000000000000000000000000000000000000000000000000000000000
000000000000000000000000000000000000000000000000000000000000000000000000
000000000000000000000000000000000000000000000000000000000000000000000000
000000000000000000000000000000000000000000000000000000000000000000000000
000000000000000000000000000000000000000000000000000000000000000000000000
000000000000000000000000000000000000000000000000000000000000000000000000
000000000000000000000000000000000000000000000000000000000000000000000000
000000000000000000000000000000000000000000000000000000000000000000000000
000000000000000000000000000000000000000000000000000000000000000000000000
000000000000000000000000000000000000000000000000000000000000000000000000
000000000000000000000000000000000000000000000000000000000000000000000000
000000000000000000000000000000000000000000000000000000000000000000000000
000000000000000000000000000000000000000000000000000000000000000000000000
000000000000000000000000000000000000000000000000000000000000000000000000
000000000000000000000000000000000000000000000000000000000000000000000000
000000000000000000000000000000000000000000000000000000000000000000000000
000000000000000000000000000000000000000000000000000000000000000000000000
000000000000000000000000000000000000000000000000000000000000000000000000
000000000000000000000000000000000000000000000000000000000000000000000000
000000000000000000000000000000000000000000000000000000000000000000000000
000111110000000000000000000000000000000000000000000000100000000000000000
011111111100000000000000000000000011111111111100000001110000000011111111
110000011111000000000000000000000000111111000000000001110000000000011111
100000001111100000000000000000000000011111000000000001110000000000011110
000000000111100000000000000000000000011111000000000011111000000000011100
000000000011110000000000000000000000001111000000000011111000000000011100
000000000011110000000000000000000000001111000000000111111000000000011000
000000000011111000000000000000000000001111100000000111111100000000111000
000000000011111000000000000000000000000111100000001110111100000000110000
000000000011111000000000000000000000000111100000001100111110000000110000
111111111111111000000000000000000000000111110000001100011110000001100000
111111111111110000000000000000000000000011110000011000011110000001100000
000000000000000000000000000000000000000011110000011000011111000001100000
000000000000000000000000000000000000000011111000110000001111000011000000
000000000000000000000000000000000000000001111000110000001111100011000000
000000000000000000000000000000000000000001111001100000000111100010000000
000000000000000000000000000000000000000001111001100000000111100110000000
000000000000000000000000000000000000000001111111100000000111110110000000
000000000000000000000000000000000000000000111111000000000011111100000000
100000000000000000000000000000000000000000111111000000000011111100000000
110000000000110000000000000000000000000000111110000000000001111100000000
111100000011100000000000000000000000000000011110000000000001111000000000
111111111111000000000000000000000000000000011100000000000001111000000000
111111111100000000000000000000000000000000011100000000000000110000000000
000111000000000000000000000000000000000000000000000000000000000000000000
000000000000000000000000000000000000000000000000000000000000000000000000
000000000000000000000000000000000000000000000000000000000000000000000000
000000000000000000000000000000000000000000000000000000000000000000000000
000000000000000000000000000000000000000000000000000000000000000000000000
000000000000000000000000000000000000000000000000000000000000000000000000
000000000000000000000000000000000000000000000000000000000000000000000000
000000000000000000000000000000000000000000000000000000000000000000000000
000000000000000000000000000000000000000000000000000000000000000000000000
000000000000000000000000000000000000000000000000000000000000000000000000
000000000000000000000000000000000000000000000000000000000000000000000000
000000000000000000000000000000000000000000000000000000000000000000000000
000000000000000000000000000000000000000000000000000000000000000000000000
000000000000000000000000000000000000000000000000000000000000000000000000
000000000000000000000000000000000000000000000000000000000000000000000000
000000000000000000000000000000000000000000000000000000000000000000000000
000000000000000000000000000000000000000000000000000000000000000000000000
000000000000000000000000000000000000000000000000000000000000000000000000
000000000000000000000000000000000000000000000000000000000000000000000000
000000000000000000000000000000000000000000000000000000000000000000000000
000000000000000000000000000000000000000000000000000000000000000000000000
000000000000000000000000000000000000000000000000000000000000000000000000
000000000000000000000000000000000000000000000000000000000000000000000000
000000000000000000000000000000000000000000000000000000000000000000000000
000000000000000000000000000000000000000000000000000000000000000000000000
000000000000000000000000000000000000000000000000000000000000000000000000
000000000000000000000000000000000000000000000000000000000000000000000000
000000000000000000000000000000000000000000000000000000000000000000000000
