000000000000000000000000000000000000000000000000000000000000000000000000
000000000000000000000000000000000000000000000000000000000000000000000000
000000000000000000000000000000000000000000000000000000000000000000000000
000000000000000000000000000000000000000000000000000000000000000000000000
000000000000000000000000000000000000000000000000000000000000000000000000
000000000000000000000000000000000000000000000000000000000000000000000000
000000000000000000000000000000000000000000000000000000000000000000000000
000000000000000000000000000000000000000000000000000000000000000000000000
000000000000000000000000000000000000000000000000000000000000000000000000
000000000000000000000000000000000000000000000000000000000000000000000000
000000000000000000000000000000000000000000000000000000000000000000000000
000000000000000000000000000000000000000000000000000000000000000000000000
000000000000000000000000000000000000000000000000000000000000000000000000
000000000000000000000000000000000000000000000000000000000000000000000000
000000000000000000000000000000000000000000000000000000000000000000000000
000000000000000000000000000000000000000000000000000000000000000000000000
000000000000000000000000000000000000000000000000000000000000000000000000
000000000000000000000000000000000000000000000000000000000000000000000000
000000000000000000000000000000000000001100000000000000000000000000000000
000000000000000000000000000000000011111100000000000000000000000000000000
000000000000000000000000000000011111111100000000000000000000000000000000
000000000000000000000000000000000001111100000000000000000000000000000000
000000000000000000000000000000000001111100000000000000000000000000000000
000000000000000000000000000000000001111100000000000000000000000000000000
000000000000000000000000000000000001111100000000000000000000000000000000
000000000000000000000000000000000001111100000000000000000000000000000000
000000000000000000000000000000000001111100000000000000000000000000000000
000000000000000000000000000000000001111100000000000000000000000000000000
000000000000000000000000000000000001111100000000000000000000000000000000
000000000000000000000000000000000001111100000000000000000000000000000000
000000000000000000000000000000000001111100000000000000000000000000000000
000110000011111000000000001111111001111100000000000000000000000000000000
111110000111111000000000111111111111111100000000000000000000000000000001
111110001111111000000001110000111111111100000000000000000000000000000111
111110011111111000000111000000000111111100000000000000000000000000001110
011111110001110000001110000000000011111100000000000000000000000000011100
011111100000010000011100000000000001111100000000000000000000000000111000
011111000000000000111100000000000001111100000000000000000000000001111000
011111000000000000111100000000000001111100000000000000000000000001110000
011111000000000001111000000000000001111100000000000000000000000011110000
011111000000000001111000000000000001111100000000000000000000000011110000
011110000000000001111000000000000001111100000000000000000000000011110000
011110000000000001111000000000000001111100000000000000000000000011110000
011110000000000001111000000000000001111100000000000000000000000011110000
011110000000000001111000000000000001111100000000000000000000000011110000
011110000000000001111100000000000001111100000000000000000000000011110000
011110000000000001111100000000000001111100000000000000000000000011111000
011110000000000001111100000000000001111100000000000000000000000011111000
011110000000000000111110000000000011111100000000000000000000000001111100
011110000000000000111111000000000011111100000000000000000000000001111100
011110000000000000011111000000000110111100000000000000000000000000111110
011111000000000000011111110000011100111100000000000000000000000000111111
111111000000000000001111111111110000111100000000000000000000000000011111
111111111100000000000011111111100001111111110000000000000000000000000111
000000000000000000000000111111000000000000000000000000000000000000000001
000000000000000000000000000000000000000000000000000000000000000000000000
000000000000000000000000000000000000000000000000000000000000000000000000
000000000000000000000000000000000000000000000000000000000000000000000000
000000000000000000000000000000000000000000000000000000000000000000000000
000000000000000000000000000000000000000000000000000000000000000000000000
000000000000000000000000000000000000000000000000000000000000000000000000
000000000000000000000000000000000000000000000000000000000000000000000000
000000000000000000000000000000000000000000000000000000000000000000000000
000000000000000000000000000000000000000000000000000000000000000000000000
000000000000000000000000000000000000000000000000000000000000000000000000
000000000000000000000000000000000000000000000000000000000000000000000000
000000000000000000000000000000000000000000000000000000000000000000000000
000000000000000000000000000000000000000000000000000000000000000000000000
000000000000000000000000000000000000000000000000000000000000000000000000
000000000000000000000000000000000000000000000000000000000000000000000000
000000000000000000000000000000000000000000000000000000000000000000000000
000000000000000000000000000000000000000000000000000000000000000000000000
000000000000000000000000000000000000000000000000000000000000000000000000
000000000000000000000000000000000000000000000000000000000000000000000000
000000000000000000000000000000000000000000000000000000000000000000000000
000000000000000000000000000000000000000000000000000000000000000000000000
000000000000000000000000000000000000000000000000000000000000000000000000
000000000000000000000000000000000000000000000000000000000000000000000000
000000000000000000000000000000000000000000000000000000000000000000000000
000000000000000000000000000000000000000000000000000000000000000000000000
000000000000000000000000000000000000000000000000000000000000000000000000
000000000000000000000000000000000000000000000000000000000000000000000000
000000000000000000000000000000000000000000000000000000000000000000000000
000000000000000000000000000000000000000000000000000000000000000000000011
000000000000000000000000000000000000000000000000000000000000000000000011
000000000000000000000000000000000000000000000000000000000000000000000000
000000000000000000000000000000000000000000000000000000000000000000000000
000000000000000000000000000000000000000000000000000000000000000000000000
000000000000000000000000000000000000000000000000000000000000000000000000
000000000000000000000000000000000000000000000000000000000000000000000000
000000000000000000000000000000000000000000000000000000000000000000000000
000000000000000000000000000000000000000000000000000000000000000000000000
000000000000000000000000000000000000000000000000000000000000000000000000
000000000000000000000000000000000000000000000000000000000000000000000000
000110000011111000000000011111000000000000000000000000000000000000000000
111110001111111110000001111111110000000000000000000000000000000000000000
111110011111111111000011111111111000000000000000000000000000000000000000
111110111000011111100111000011111100000000000000000000000000000000000000
111111100000001111111100000001111100000000000000000000000000000000000000
011111000000000111111000000000111100000000000000000000000000000000000000
011110000000000111110000000000111110000000000000000000000000000000000000
011110000000000111110000000000111110000000000000000000000000000000000000
011110000000000011110000000000011110000000000000000000000000000000000000
011110000000000011110000000000011110000000000000000000000000000000000000
011110000000000011110000000000011110000000000000000000000000000000000000
011110000000000011110000000000011110000000000000000000000000000000000000
011110000000000011110000000000011110000000000000000000000000000000000000
011110000000000011110000000000011110000000000000000000000000000000000000
011110000000000011110000000000011110000000000000000000000000000000000000
011110000000000011110000000000011110000000000000000000000000000000000000
011110000000000011110000000000011110000000000000000000000000000000000000
011110000000000011110000000000011110000000000000000000000000000000000000
011110000000000011110000000000011110000000001110000000000000000000000000
011110000000000011110000000000011110000000011111000000000000000000000000
111110000000000111110000000000011110000000011111100000000000000000000000
111110000000000111110000000000011110000000011111100000000000000000000000
111111111001111111111111000000011111111000001111000000000000000000000000
000001110000111000001111000000011000111000000110000000000000000000000000
000000000000000000000000000000000000000000000000000000000000000000000000
000000000000000000000000000000000000000000000000000000000000000000000000
000000000000000000000000000000000000000000000000000000000000000000000000
000000000000000000000000000000000000000000000000000000000000000000000000
000000000000000000000000000000000000000000000000000000000000000000000000
000000000000000000000000000000000000000000000000000000000000000000000000
000000000000000000000000000000000000000000000000000000000000000000000000
000000000000000000000000000000000000000000000000000000000000000000000000
000000000000000000000000000000000000000000000000000000000000000000000000
000000000000000000000000000000000000000000000000000000000000000000000000
000000000000000000000000000000000000000000000000000000000000000000000000
000000000000000000000000000000000000000000000000000000000000000000000000
000000000000000000000000000000000000000000000000000000000000000000000000
000000000000000000000000000000000000000000000000000000000000000000000000
000000000000000000000000000000000000000000000000000000000000000000000000
000000000000000000000000000000000000000000000000000000000000000000000000
000000000000000000000000000000000000000000000000000000000000000000000000
000000000000000000000000000000000000000000000000000000000000000000000000
000000000000000000000000000000000000000000000000000000000000000000000000
000000000000000000000000000000000000000000000000000000000000000000000000
000000000000000000000000000000000000000000000000000000000000000000000000
000000000000000000000000000000000000000000000000000000000000000000000000
000000000000000000000000000000000000000000000000000000000000000000000000
000000000000000000000000000000000000000000000000000000000000000000000000
000000000000000000000000000000000000000000000000000000000000000000000000
000000000000000000000000000000000000000000000000000000000000000000000000
000000000000000000000000000000000000000000000000000000000000000000000000
000000000000000000000000000000000000000000000000000000000000000011100000
000000000000000000000000000000000000000000000000000000000001111111100000
000000000000000000000000000000000000000000000000000000000001111111100000
000000000000000000000000000000000000000000000000000000000000000111100000
000000000000000000000000000000000000000000000000000000000000000111100000
000000000000000000000000000000000000000000000000000000000000000111100000
000000000000000000000000000000000000000000000000000000000000000111100000
000000000000000000000000000000000000000000000000000000000000000111100000
000000000000000000000000000000000000000000000000000000000000000111100000
000000000000000000000000000000000000000000000000000000000000000111100000
000000000000000000000000000000000000000000000000000000000000000111100000
000000000000000000000000000000000000000000000000000000000000000111100000
000000000000100000000000000000000000000000011111000000000000000111100000
111100000000110000000011111111110000000011111111110000000000000111100000
100000000001110000000000011111000000001111111111111000000000000111100000
000000000001110000000000001110000000011100000011111100000000000111100000
000000000011111000000000001100000000011000000001111100000000000111100000
000000000011111000000000011100000000011000000000111110000000000111100000
100000000111111100000000011000000000010000000000011110000000000111100000
100000000111111100000000011000000000000000000000011110000000000111100000
100000000110111100000000110000000000000000000000011110000000000111100000
100000001100111110000000110000000000000000000000111110000000000111100000
110000001100011110000000110000000000000000011111111110000000000111100000
110000011000011110000001100000000000000011111100011110000000000111100000
110000011000001111000001100000000000001111000000011110000000000111100000
111000110000001111000011000000000000111110000000011110000000000111100000
111000110000001111100011000000000000111100000000011110000000000111100000
111001110000000111100010000000000001111000000000011110000000000111100000
111101100000000111100110000000000001111000000000011110000000000111100000
111101100000000011110110000000000001111000000000011110000000000111100000
111111000000000011111100000000000001111000000000111110000000000111100000
111111000000000011111100000000000001111100000001111110000000000111100000
111110000000000001111100000000000001111100000011011110000000000111100000
011110000000000001111000000000000001111111111100011110000000000111110000
