000111111111110000000000000011110011111000000000000000000000000000000000
001111111111111000000000001110000000111100000000000000000000000000000000
011000000111111000000000011100000000011110000000000000000000000000000000
110000000011111000000000111100000000011111000000000000000000000000000000
100000000001111100000001111000000000001111000000000000000000000000000000
000000000001111100000001111000000000001111000000000000000000000000000000
000000000000111100000011111000000000001111100000000000000000000000000000
000000000000111100000011111000000000001111100000000000000000000000000000
000000000000111100000011111000000000001111100000000000000000000000000000
000000000000111100000011111111111111111111100000000000000000000000000000
000000000000111100000011111111111111100000000000000000000000000000000000
000000000000111100000011110000000000000000000000000000000000000000000000
000000000000111100000011111000000000000000000000000000000000000000000000
000000000000111100000011111000000000000000000000000000000000000000000000
000000000000111100000011111000000000000000000000000000000000000000000000
000000000000111100000011111000000000000000000000000000000000000000000000
000000000000111100000001111100000000000000000000000000000000000000000000
000000000000111100000001111110000000000000000000011110000000000000000000
000000000000111100000000111111000000000001000000111110000000000000000000
000000000000111100000000111111100000000111000000111110000000000000000000
100000000000111111000000001111111111111110000000111110000000000000000000
111100000000111111110000000111111111111000000000011100000000000000000000
000000000000000000000000000001111111100000000000000000000000000000000000
000000000000000000000000000000000000000000000000000000000000000000000000
000000000000000000000000000000000000000000000000000000000000000000000000
000000000000000000000000000000000000000000000000000000000000000000000000
000000000000000000000000000000000000000000000000000000000000000000000000
000000000000000000000000000000000000000000000000000000000000000000000000
000000000000000000000000000000000000000000000000000000000000000000000000
000000000000000000000000000000000000000000000000000000000000000000000000
000000000000000000000000000000000000000000000000000000000000000000000000
000000000000000000000000000000000000000000000000000000000000000000000000
000000000000000000000000000000000000000000000000000000000000000000000000
000000000000000000000000000000000000000000000000000000000000000000000000
000000000000000000000000000000000000000000000000000000000000000000000000
000000000000000000000000000000000000000000000000000000000000000000000000
000000000000000000000000000000000000000000000000000000000000000000000000
000000000000000000000000000000000000000000000000000000000000000000000000
000000000000000000000000000000000000000000000000000000000000000000000000
000000000000000000000000000000000000000000000000000000000000000000000000
000000000000000000000000000000000000000000000000000000000000000000000000
000000000000000000000000000000000000000000000000000000000000000000000000
000000000000000000000000000000000000000000000000000000000000000000000000
000000000000000000000000000000000000000000000000000000000000000000000000
000000000000000000000000000000000000000000000000000000000000000000000000
000000000000000000000000000000000000000000000000000000000000000000000000
000000000000000000000000000000000000000000000000000000000000000000000000
000000000000000000000000000000000000000000000000000000000000000000000000
000000000000000000000000000000000000000000000000000000000000000000000000
000000000000000000000000000000000000000000000000000000000000000000000000
000000000000000000000000000000000000000000000000000000000000000000000000
000000000000000001000000000000000000000000000000000000000000000000000000
000000000000011111000000000000000000000000000000000000000000000000000000
000000000011111111000000000000000000000000000000000000000000000000000000
000000000000011111000000000000000000000000000000000000000000000000000000
000000000000001111000000000000000000000000000000000000000000000000000000
000000000000001111000000000000000000000000000000000000000000000000000000
000000000000001111000000000000000000000000000000000000000000000000000000
000000000000001111000000000000000000000000000000000000000000000000000000
000000000000001111000000000000000000000000000000000000000000000000000000
000000000000001111000000000000000000000000000000000000000000000000000000
000000000000001111000000000000000000000000000000000000000000000000000000
000000000000001111000000000000000000000000000000000000000000000000000000
000000000000001111000000000000000000000000000000000000000000000000000000
000001111110001111000000000000000000000000000000000000000000000000000000
000111111111111111000000111111111111000001111111111000000000000000000000
011110001111111111000000000111111000000000001111100000000000000000000011
111000000001111111000000000111110000000000000111000000000000000000000111
110000000000011111000000000011111000000000000110000000000000000000001110
100000000000001111000000000011111000000000001110000000000000000000011100
000000000000001111000000000001111000000000001100000000000000000000111100
000000000000001111000000000001111100000000011100000000000000000000111000
000000000000001111000000000000111100000000011000000000000000000001111000
000000000000001111000000000000111110000000011000000000000000000001111000
000000000000001111000000000000111110000000110000000000000000000001111000
000000000000001111000000000000011110000000110000000000000000000011111000
000000000000001111000000000000011111000001100000000000000000000011111000
000000000000001111000000000000001111000001100000000000000000000011111000
000000000000001111000000000000001111000011100000000000000000000001111000
000000000000001111000000000000000111100011000000000000000000000001111100
100000000000001111000000000000000111100011000000000000000000000001111100
100000000000011111000000000000000111110110000000000000000000000001111100
110000000000111111000000000000000011110110000000000000000000000000111110
111000000001101111000000000000000011111100000000000000000000000000111111
111100000011001111000000000000000001111100000000000000000000000000011111
111111111110001111100000000000000001111100000000000000000000000000001111
111111111100001111111100000000000001111000000000000000000000000000000111
001111111000001000000100000000000000111000000000000000000000000000000001
000000000000000000000000000000000000110000000000000000000000000000000000
000000000000000000000000000000000000110000000000000000000000000000000000
000000000000000000000000000000000001100000000000000000000000000000000000
000000000000000000000000000000000001100000000000000000000000000000000000
000000000000000000000000000000000001000000000000000000000000000000000000
000000000000000000000000000000000011000000000000000000000000000000000000
000000000000000000000000000000000011000000000000000000000000000000000000
000000000000000000000000000000000110000000000000000000000000000000000000
000000000000000000000000000000001110000000000000000000000000000000000000
000000000000000000000000001100011100000000000000000000000000000000000000
000000000000000000000000001111111000000000000000000000000000000000000000
000000000000000000000000001111111000000000000000000000000000000000000000
000000000000000000000000011111100000000000000000000000000000000000000000
000000000000000000000000000000000000000000000000000000000000000000000000
000000000000000000000000000000000000000000000000000000000000000000000000
000000000000000000000000000000000000000000000000000000000000000000000000
000000000000000000000000000000000000000000000000000000000000000000000000
000000000000000000000000000000000000000000000000000000000000000000000000
000000000000000000000000000000000000000000000000000000000000000000000000
000000000000000000000000000000000000000000000000000000000000000000000000
000000000000000000000000000000000000000000000000000000000000000000000000
000000000000000000000000000000000000000000000000000000000000000000000000
000000000000000000000000000000000000000000000000000000000000000000000000
000000000000000000000000000000000000000000000000000000000000000000000000
000000000000000000000000000000000000000000000000000000000000000000000000
000000000000000000000000000000000000000000000000000000000000000000000000
000000000000000000000000000000000000000000000000000000000000000000000000
000000000000000000000000000000000001111000000000000000000000000000000000
000000000000000000000000000000011111111000000000000000000000000000000000
000000000000000000000000000000011111111000000000000000000000000000000000
000000000000000000000000000000000001111000000000000000000000000000000000
000000000000000000000000000000000001111000000000000000000000000000000000
000000000000000000000000000000000001111000000000000000000000000000000000
000000000000000000000000000000000001111000000000000000000000000000000000
000000000000000000000000000000000001111000000000000000000000000000000000
000000000000000000000000000000000001111000000000000000000000000000000000
000000000000000000000000000000000001111000000000000000000000000000000000
000000000000000000000000000000000001111000000000000000000000000000000000
000000000000000000000000000000000001111000000000000000000000000000000000
110000000000001111100000000000000001111000000000000000000000000000000000
111000000001111111111100000000000001111000000000000000000000000000000111
111000000111100000011111000000000001111000000000000000000000000000011111
111000001111000000001111100000000001111000000000000000000000000000111000
110000011110000000000111110000000001111000000000000000000000000001110000
110000011100000000000011111000000001111000000000000000000000000001100000
010000111100000000000011111000000001111000000000000000000000000001100000
000000111100000000000001111100000001111000000000000000000000000000000000
000001111000000000000001111100000001111000000000000000000000000000000000
000001111000000000000001111100000001111000000000000000000000000000000000
000001111000000000000000111100000001111000000000000000000000000000000001
000001111000000000000000111110000001111000000000000000000000000000001111
000001111000000000000000111110000001111000000000000000000000000000111110
000001111000000000000000111100000001111000000000000000000000000001111000
000001111000000000000000111100000001111000000000000000000000000011111000
000001111100000000000000111100000001111000000000000000000000000011110000
000001111100000000000000111100000001111000000000000000000000000111110000
000001111100000000000001111000000001111000000000000000000000000111110000
000000111110000000000001111000000001111000000000000000000000000111110000
000000111110000000000001110000000001111000000000000000000000000111110000
000000011111000000000011100000000001111100000000000000000000000011111000
000000001111100000000111000000000001111100000000000000000000000011111111
000000000111111000011110000000011111111111100000000000000000000001111111
000000000011111111111000000000011111111111100000000000000000000000111111
000000000000001110000000000000000000000000000000000000000000000000000000
000000000000000000000000000000000000000000000000000000000000000000000000
000000000000000000000000000000000000000000000000000000000000000000000000
000000000000000000000000000000000000000000000000000000000000000000000000
000000000000000000000000000000000000000000000000000000000000000000000000
000000000000000000000000000000000000000000000000000000000000000000000000
000000000000000000000000000000000000000000000000000000000000000000000000
000000000000000000000000000000000000000000000000000000000000000000000000
000000000000000000000000000000000000000000000000000000000000000000000000
000000000000000000000000000000000000000000000000000000000000000000000000
000000000000000000000000000000000000000000000000000000000000000000000000
000000000000000000000000000000000000000000000000000000000000000000000000
000000000000000000000000000000000000000000000000000000000000000000000000
000000000000000000000000000000000000000000000000000000000000000000000000
000000000000000000000000000000000000000000000000000000000000000000000000
000000000000000000000000000000000000000000000000000000000000000000000000
000000000000000000000000000000000000000000000000000000000000000000000000
000000000000000000000000000000000000000000000000000000000000000000000000
000000000000000000000000000000000000000000000000000000000000000000000000
000000000000000000000000000000000000000000000000000000000000000000000000
000000000000000000000000000000000000000000000000000000000000000000000000
000000000000000000000000000000000000000000000000000000000000000000000000
000000000000000000000000000000000000000000000000000000000000000000000000
000000000000000000000000000000000000000000000000000000000000000000000000
000000000000000000000000000000000000000000000000000000000000000000000000
000000000000000000000000000000000000000000000000000000000000000000000000
000000000000000000000000000000000000000000000000000000000000000000000000
000000000000000000000000000000000000000000000000000000000000000000000000
