000000000000000011110000000000001111000000000000111100000011111000000000
000000000000000011110000000000001111000000000000111100000011111000000000
000000000000000011110000000000001111000000000000111100000011111000000000
000000000000000011110000000000001111000000000000111100000011111000000000
000000000000000011110000000000001111000000000000111100000011111000000000
000000000000000011110000000000001111000000000000111100000001111100000000
000000000000000011110000000000001111000000000000111100000001111100000000
000000000000000011110000000000001111000000000000111100000001111100000000
000000000000000011111000000000001111000000000000111100000000111110000000
000000000000000011111100010000001111000000000000111100000000011111000000
000000000000000001111111110000011111100000000000111110000000001111100000
000000000000000001111111100011111111111100000000111111110000000111111000
000000000000000000011111000011000000001100000000100000010000000001111111
000000000000000000000000000000000000000000000000000000000000000000000000
000000000000000000000000000000000000000000000000000000000000000000000000
000000000000000000000000000000000000000000000000000000000000000000000000
000000000000000000000000000000000000000000000000000000000000000000000000
000000000000000000000000000000000000000000000000000000000000000000000000
000000000000000000000000000000000000000000000000000000000000000000000000
000000000000000000000000000000000000000000000000000000000000000000000000
000000000000000000000000000000000000000000000000000000000000000000000000
000000000000000000000000000000000000000000000000000000000000000000000000
000000000000000000000000000000000000000000000000000000000000000000000000
000000000000000000000000000000000000000000000000000000000000000000000000
000000000000000000000000000000000000000000000000000000000000000000000000
000000000000000000000000000000000000000000000000000000000000000000000000
000000000000000000000000000000000000000000000000000000000000000000000000
000000000000000000000000000000000000000000000000000000000000000000000000
000000000000000000000000000000000000000000000000000000000000000000000000
000000000000000000000000000000000000000000000000000000000000000000000000
000000000000000000000000000000000000000000000000000000000000000000000000
000000000000000000000000000000000000000000000000000000000000000000000000
000000000000000000000000000000000000000000000000000000000000000000000000
000000000000000000000000000000000000000000000000000000000000000000000000
000000000000000000000000000000000000000000000000000000000000000000000000
000000000000000000000000000000000000000000000000000000000000000000000000
000000000000000000000000000000000000000000000000000000000000000000000000
000000000000000000000000000000000000000000000000000000000000000000000000
000000000000000000000000000000000000000000000000000000000000000000000000
000000000000000000000000000000000000000000000000000000000000000000000000
000000000000000000000000000000000000000000000000000000000000000000000000
000000000000000000000000000000000000000000011111111111111100000000001111
000000000000000000000000000000000000000000011111111111111100000000001111
000000000000000000000000000000000000000000000001111110000000000000000000
000000000000000000000000000000000000000000000000111110000000000000000000
000000000000000000000000000000000000000000000000111110000000000000000000
000000000000000000000000000000000000000000000000111110000000000000000000
000000000000000000000000000000000000000000000000111110000000000000000000
000000000000000000000000000000000000000000000000111110000000000000000000
000000000000000000000000000000000000000000000000111110000000000000000000
000000000000000000000000000000000000000000000000111110000000000000000000
000000000000000000000000000000000000000000000000111110000000000000000000
000000000000000000000000000000000000000000000000111110000000000000000000
000000000000000000000000000000000000000000000000111110000000000000000000
100000000000000000000000000000000000000000000000111110000000000000000000
100000000000000000000000000000000000000000000000111110000000000000000000
000000000000000000000000000000000000000000000000111111111111111111111111
000000000000000000000000000000000000000000000000111111111111111111111111
000000000000000000000000000000000000000000000000111111000000000000000000
000000000000000000000000000000000000000000000000111110000000000000000000
000000000000000000000000000000000000000000000000111110000000000000000000
000000000000000000000000000000000000000000000000111110000000000000000000
000000000000000000000000000000000000000000000000111110000000000000000000
000000000000000000000000000000000000000000000000111110000000000000000000
000000000000000000000000000000000000000000000000111110000000000000000000
000000000000000000000000000000000000000000000000111110000000000000000000
000000000000000000000000000000000000000000000000111110000000000000000000
000000000000000000000000000000000000000000000000111110000000000000000000
000000000000000000000000000000000000000000000000111110000000000000000000
000000000000000000000000000000000000000000000000111110000000000000000000
000000011000000000000000000000000000000000000000111110000000000000000000
000000111100000000000000000000000000000000000000111110000000000000000000
000001111110000000000000000000000000000000000000111110000000000000000000
000001111110000000000000000000000000000000000001111111000000000000000000
000000111100000000000000000000000000000000011111111111111100000000001111
000000011000000000000000000000000000000000011111111111111100000000001111
000000000000000000000000000000000000000000000000000000000000000000000000
000000000000000000000000000000000000000000000000000000000000000000000000
000000000000000000000000000000000000000000000000000000000000000000000000
000000000000000000000000000000000000000000000000000000000000000000000000
000000000000000000000000000000000000000000000000000000000000000000000000
000000000000000000000000000000000000000000000000000000000000000000000000
000000000000000000000000000000000000000000000000000000000000000000000000
000000000000000000000000000000000000000000000000000000000000000000000000
000000000000000000000000000000000000000000000000000000000000000000000000
000000000000000000000000000000000000000000000000000000000000000000000000
000000000000000000000000000000000000000000000000000000000000000000000000
000000000000000000000000000000000000000000000000000000000000000000000000
000000000000000000000000000000000000000000000000000000000000000000000000
000000000000000000000000000000000000000000000000000000000000000000000000
000000000000000000000000000000000000000000000000000000000000000000000000
000000000000000000000000000000000000000000000000000000000000000000000000
000000000000000000000000000000000000000000000000000000000000000000000000
000000000000000000000000000000000000000000000000000000000000000000000000
000000000000000000000000000000000000000000000000000000000000000000000000
000000000000000000000000000000000000000000000000000000000000000000000000
000000000000000000000000000000000000000000000000000000000000000000000000
000000000000000000000000000000000000000000000000000000000000000000000000
000000000000000000000000000000000000000000000000000000000000000000000000
000000000000000000000000000000000000000000000000000000000000000000000000
000000000000000000000000000000000000000000000000000000000000000000000000
000000000000000000000000000000000000000000000000000000000000000000000000
000000000000000000000000000000000000000000000000000000000000000000000000
000000000000000000000000000000000000000000000000000000000000000000000000
000000000000000000000000000000000000000000000000000000000000000000000000
000000000000000000000000000000000000000000000000000000001111000000000000
000000000000000000000000000000000000000000000000000000001111100000000000
000000000000000000000000000000000000000000000000000000011111100000000000
000000000000000000000000000000000000000000000000000000001111100000000000
000000000000000000000000000000000000000000000000000000000111000000000000
000000000000000000000000000000000000000000000000000000000000000000000000
000000000000000000000000000000000000000000000000000000000000000000000000
000000000000000000000000000000000000000000000000000000000000000000000000
000000000000000000000000000000000000000000000000000000000000000000000000
000000000000000000000000000000000000000000000000000000000000000000000000
000000000000000000001000000000000000000000000000000000000000000000000000
000000000000000011111111100000000000000000000000000000000111100000000000
001111100000000111000011111000000000000000000000000001111111100000000011
111111100000011100000000111100000000000000000000000011111111100000000111
111111000000111000000000111110000000000000000000000000001111100000001110
110000000001111000000000011110000000000000000000000000001111100000001110
110000000001110000000000011111000000000000000000000000001111100000001110
110000000011110000000000011111000000000000000000000000001111100000001110
110000000011110000000000001111000000000000000000000000001111100000001111
110000000011110000000000001111000000000000000000000000001111100000001111
100000000111111000000000011111000000000000000000000000001111100000001111
100000000111111111111111111111000000000000000000000000001111100000000111
000000000111110000000000000000000000000000000000000000001111100000000011
000000000111110000000000000000000000000000000000000000001111100000000000
000000000111110000000000000000000000000000000000000000001111100000000000
000000000111110000000000000000000000000000000000000000001111100000000000
000000000011110000000000000000000000000000000000000000001111100000000000
000000000011111000000000000000000000000000000000000000001111100000001000
000000000011111000000000000000000000000000000000000000001111100000001000
000000000001111100000000000000000000000000000000000000001111100000001000
000000000001111110000000000010000000000000000000000000001111100000001100
110000000000111111100000001110000000000000000000000000001111100000001110
111100000000011111111111111100000000000000000000000001111111111100011111
111110000000000111111111110000000000000000000000000011111111111110011111
111110000000000000111110000000000000000000000000000000000000000000000001
111111000000000000000000000000000000000000000000000000000000000000000000
011111000000000000000000000000000000000000000000000000000000000000000000
001111000000000000000000000000000000000000000000000000000000000000000000
001111000000000000000000000000000000000000000000000000000000000000000000
001111000000000000000000000000000000000000000000000000000000000000000000
001110000000000000000000000000000000000000000000000000000000000000000000
011110000000000000000000000000000000000000000000000000000000000000000000
011100000000000000000000000000000000000000000000000000000000000000000000
111000000000000000000000000000000000000000000000000000000000000000000000
110000000000000000000000000000000000000000000000000000000000000000000000
100000000000000000000000000000000000000000000000000000000000000000000000
000000000000000000000000000000000000000000000000000000000000000000000000
000000000000000000000000000000000000000000000000000000000000000000000000
000000000000000000000000000000000000000000000000000000000000000000000000
000000000000000000000000000000000000000000000000000000000000000000000000
000000000000000000000000000000000000000000000000000000000000000000000000
000000000000000000000000000000000000000000000000000000000000000000000000
000000000000000000000000000000000000000000000000000000000000000000000000
000000000000000000000000000000000000000000000000000000000000000000000000
000000000000000000000000000000000000000000000000000000000000000000000000
000000000000000000000000000000000000000000000000000000000000000000000000
000000000000000000000000000000000000000000000000000000000000000000000000
000000000000000000000000000000000000000000000000000000000000000000000000
000000000000000000000000000000000000000000000000000000000000000000000000
000000000000000000000000000000000000000000000000000000000000000000000000
000000000000000000000000000000000000000000000000000000000000000000000000
000000000000000000000000000000000000000000000000000000000000000000000000
000000000000000000000000000000000000000000000000000000000000000000000000
000000000000000000000000000000000000000000000000000000000000000000000000
000000000000000000000000000000000000000000000000000000000000000000000000
000000000000000000000000000000000000000000000000000000000000000000000000
000000000000000000000000000000000000000000000000000000000000000000000000
000000000000000000000000000000000000000000000000000000000000000000000000
000000000000000000000000000000000000000000000000000000000000000000000000
000000000000000000000000000000000000000000000000000000000000000000000000
000000000000000000000000000000000000000000000000000000000000000000000000
000000000000000000000000000000000000000000000000000000000000000000000000
000000000000000000000000000000000000000000000000000000000000000000000000
000000000000000000000000000000000000000000000000000000000000000000000000
