000000000000000000000000000000000000000000000000000000000000000000000000
000000000000000000000000000000000000000000000000000000000000000000000000
000000000000000000000000000000000000000000000000000000000000000000000000
000000000000000000000000000000000000000000000000000000000000000000000000
000000000000000000000000000000000000000000000000000000000000000000000000
000000000000000000000000000000000000000000000000000000000000000000000000
000000000000000000000000000000000000000000000000000000000000000000000000
000000000000000000000000000000000000000000000000000000001000000000000000
000000000000000000000000000000000000000000000000000011111000000000000000
000000000000000000000000000000000000000000000000011111111000000000001100
000000000000000000000000000000000000000000000000011111111000000000011110
000000000000000000000000000000000000000000000000000001111000000000111111
000000000000000000000000000000000000000000000000000001111000000000111111
000000000000000000000000000000000000000000000000000001111000000000011110
000000000000000000000000000000000000000000000000000001111000000000001100
000000000000000000000000000000000000000000000000000001111000000000000000
000000000000000000000000000000000000000000000000000001111000000000000000
000000000000000000000000000000000000000000000000000001111000000000000000
000000000000000000000000000000000000000000000000000001111000000000000000
000000000000000000000000000000000000000000000000000001111000000000000000
100000000000000000000000000000000011111110000000000001111000000000000010
111000000000000000000000000000001111111111110000000001111000000000111110
111100000000000000000000000000111000000011110000000001111000000111111110
111110000000000000000000000001110000000001110000000001111000000011111110
111110000000000000000000000001110000000000110000000001111000000000011110
011110000000000000000000000011110000000000110000000001111000000000011110
011111000000000000000000000011110000000000110000000001111000000000011110
001111000000000000000000000011110000000000000000000001111000000000011110
001111000000000000000000000011111000000000000000000001111000000000011110
111111000000000000000000000001111111000000000000000001111000000000011110
111111000000000000000000000001111111111110000000000001111000000000011110
001111000000000000000000000000111111111111100000000001111000000000011110
001111000000000000000000000000001111111111111000000001111000000000011110
001111000000000000000000000000000001111111111000000001111000000000011110
001111000000000000000000000000000000000111111100000001111000000000011110
001111000000000000000000000000000000000001111100000001111000000000011110
001111000000000000000000000001000000000000111100000001111000000000011110
001111000000000000000000000011000000000000111100000001111000000000011110
011111000000000000000000000011000000000000111000000001111000000000011110
111111000000000000000000000011000000000000111000000001111000000000011110
001111000000000000000000000011100000000001110000000001111000000000011111
001111000000000000000000000011110000000011100000000011111100000000011111
001111111000000000000000000011111110011111000000011111111111100111111111
001000011000000000000000000001111111111100000000011000000011100111000000
000000000000000000000000000000000000000000000000000000000000000000000000
000000000000000000000000000000000000000000000000000000000000000000000000
000000000000000000000000000000000000000000000000000000000000000000000000
000000000000000000000000000000000000000000000000000000000000000000000000
000000000000000000000000000000000000000000000000000000000000000000000000
000000000000000000000000000000000000000000000000000000000000000000000000
000000000000000000000000000000000000000000000000000000000000000000000000
000000000000000000000000000000000000000000000000000000000000000000000000
000000000000000000000000000000000000000000000000000000000000000000000000
000000000000000000000000000000000000000000000000000000000000000000000000
000000000000000000000000000000000000000000000000000000000000000000000000
000000000000000000000000000000000000000000000000000000000000000000000000
000000000000000000000000000000000000000000000000000000000000000000000000
000000000000000000000000000000000000000000000000000000000000000000000000
000000000000000000000000000000000000000000000000000000000000000000000000
000000000000000000000000000000000000000000000000000000000000000000000000
000000000000000000000000000000000000000000000000000000000000000000000000
000000000000000000000000000000000000000000000000000000000000000000000000
000000000000000000000000000000000000000000000000000000000000000000000000
000000000000000000000000000000000000000000000000000000000000000000000000
000000000000000000000000000000000000000000000000000000000000000000000000
000000000000000000000000000000000000000000000000000000000000000000000000
000000000000000000000000000000000000000000000000000000000000000000000000
000000000000000000000000000000000000000000000000000000000000000000000000
000000000000000000000000000000000000000000000000000000000000000000000000
000000000000000000000000000000000000000000000000000000000000000000000000
000000000000000000000000000000000000000000000000000000000000000000000000
000000000111100000000000000000000000000000000000000000000111100000000000
000001111111100000000000000000000000000000000000000001111111100000000000
000001111111100000000000000000000000000000000000000001111111100000000000
000000001111100000000000000000000000000000000000000000001111100000000000
000000001111100000000000000000000000000000000000000000000111100000000000
000000001111100000000000000000000000000000001100000000000111100000000000
000000001111100000000000000000000000000001111000000000000111100000000000
000000001111100000000000000000000000000001111000000000000111100000000000
000000001111100000000000000000000000000001111000000000000111100000000000
000000001111100000000000000000000000000001111000000000000111100000000000
000000001111100000000000000000000000000001111000000000000111100000000000
000000001111100000000000000000000000000001111000000000000111100000000000
011100001111100000000000000000000000000001111000000000000111100000011110
111111111111100000000000000000000000000001111000000000000111100001111111
111111111111100000000000000000000000000011111111111100000111100111111111
000001111111100000000000000000000000001111111111111100000111101111000111
000000011111100000000000000000000000011111111111111000000111111000000001
000000001111100000000000000000000000000001111000000000000111110000000001
000000001111100000000000000000000000000001111000000000000111100000000000
000000001111100000000000000000000000000001111000000000000111100000000000
000000001111100000000000000000000000000001111000000000000111100000000000
000000001111100000000000000000000000000001111000000000000111100000000000
000000001111100000000000000000000000000001111000000000000111100000000000
000000001111100000000000000000000000000001111000000000000111100000000000
000000001111100000000000000000000000000001111000000000000111100000000000
000000001111100000000000000000000000000001111000000000000111100000000000
000000001111100000000000000000000000000001111000000000000111100000000000
000000001111100000000000000000000000000001111000000000000111100000000000
000000001111100000000000000000000000000001111000000000000111100000000000
000000001111100000000000000000000000000001111000000000000111100000000000
000000011111100000000000000000000000000001111000000000000111100000000000
000000111111100000000000000000000000000001111000000000000111100000000000
000001100111100000000000000000000000000001111100001000000111100000000000
111111000111100000000000000000000000000001111111111000001111100000000000
111110001111111110000000000000000000000000111111110001111111111110000000
111100000111111110000000000000000000000000011111100001111111111110000000
000000000000000000000000000000000000000000000000000000000000000000000000
000000000000000000000000000000000000000000000000000000000000000000000000
000000000000000000000000000000000000000000000000000000000000000000000000
000000000000000000000000000000000000000000000000000000000000000000000000
000000000000000000000000000000000000000000000000000000000000000000000000
000000000000000000000000000000000000000000000000000000000000000000000000
000000000000000000000000000000000000000000000000000000000000000000000000
000000000000000000000000000000000000000000000000000000000000000000000000
000000000000000000000000000000000000000000000000000000000000000000000000
000000000000000000000000000000000000000000000000000000000000000000000000
000000000000000000000000000000000000000000000000000000000000000000000000
000000000000000000000000000000000000000000000000000000000000000000000000
000000000000000000000000000000000000000000000000000000000000000000000000
000000000000000000000000000000000000000000000000000000000000000000000000
000000000000000000000000000000000000000000000000000000000000000000000000
000000000000000000000000000000000000000000000000000000000000000000000000
000000000000000000000000000000000000000000000000000000000000000000000000
000000000000000000000000000000000000000000000000000000000000000000000000
000000000000000000000000000000000000000000000000000000000000000000000000
000000000000000000000000000000000000000000000000000000000000000000000000
000000000000000000000000000000000000000000000000000000000000000000000000
000000000000000000000000000000000000000000000000000000000000000000000000
000000000000000000000000000000000000000000000000000000000000000000000000
000000000000000000000000000000000000000000000000000000000000000000000000
000000000000000000000000000000000000000000000000000000000000000000000000
000000000000000000000000000000000000000000000000000000000000000000000000
000000000000000000000000000000000000000000000000000000000000000000000000
000000000000000000000000000000000000000000000000000000000000000000000000
000000000000000000000000000000000000000000000000000000000000000000000000
000000000000000000000000000000000000000000000000000000000000000000000000
000000000000000000000000000000000000000000000000000000000000000000000000
000000000000000000000000000000000000000000000000000000000000000000000000
000000000000000000000000000000000000000000000000000000000000000000000001
000000000000000000000000000000000000000000000000000000000000000000000001
000000000000000000000000000000000000000000000000000000000000000000000001
000000000000000000000000000000000000000000000000000000000000000000000011
000000000000000000000000000000000000000000000000000000000000000000000011
000000000000000000000000000000000000000000000000000000000000000000000111
000000000000000000000000000000000000000000000000000000000000000000000110
000000000000000000000000000000000000000000000000000000000000000000001110
000111000001111111100000000000000000000000000000000000000000000000001100
111111000111111111110000000000000000000000000000000000000000000000011100
111111001111111111111000000000000000000000000000000000000000000000011000
001111111000000011111100000000000000000000000000000000000000000000011000
001111110000000001111100000000000000000000000000000000000000000000111000
001111100000000000111100000000000000000000000000000000000000000000110000
001111100000000000111100000000000000000000000000000000000000000001110000
001111000000000000111100000000000000000000000000000000000000000001100000
001111000000000000111100000000000000000000000000000000000000000011100000
001111000000000000111100000000000000000000000000000000000000000011111111
001111000000000000111100000000000000000000000000000000000000000011111111
001111000000000000111100000000000000000000000000000000000000000111000000
001111000000000000111100000000000000000000000000000000000000000110000000
001111000000000000111100000000000000000000000000000000000000001110000000
001111000000000000111100000000000000000000000000000000000000001100000000
001111000000000000111100000000000000000000000000000000000000011100000000
001111000000000000111100000000000000000000000000000000000000011100000000
001111000000000000111100000000001100000000000000000000000000111000000000
001111000000000000111100000000011110000000000000000000000000111000000000
001111000000000000111100000000111111000000000000000000000000111000000000
001111100000000000111110000000111111000000000000000000000001111000000000
111111111100000000111111110000011111000000000000000000001111111111000000
111111111110000000111111110000011110000000000000000000011111111111100000
000000000000000000000000000000000000000000000000000000000000000000000000
000000000000000000000000000000000000000000000000000000000000000000000000
000000000000000000000000000000000000000000000000000000000000000000000000
000000000000000000000000000000000000000000000000000000000000000000000000
000000000000000000000000000000000000000000000000000000000000000000000000
000000000000000000000000000000000000000000000000000000000000000000000000
000000000000000000000000000000000000000000000000000000000000000000000000
000000000000000000000000000000000000000000000000000000000000000000000000
000000000000000000000000000000000000000000000000000000000000000000000000
