000000000000000000000011111111111111111111111111110000000000000000000000
000000000000000000000011000000000011111000000000110000000000000000000000
000000000000000000000011000000000011111000000000110000000000000000000000
000000000000000000000011000000000011111000000000110000000000000000000000
000000000000000000000011000000000011110000000000110000000000000000000000
000000000000000000000011000000000011110000000000010000000000000000000000
000000000000000000000000000000000011110000000000000000000000000000000000
000000000000000000000000000000000011110000000000000000000000000000000000
000000000000000000000000000000000011110000000000000000000000000000000000
000000000000000000000000000000000011110000000000000000000000000000000000
000000000000000000000000000000000011110000000000000000111111111100000000
000000000000000000000000000000000011110000000000000001111111111110000000
000000000000000000000000000000000011110000000000000111000001111111000000
000000000000000000000000000000000011110000000000001110000000011111000000
000000000000000000000000000000000011110000000000001110000000001111000000
000000000000000000000000000000000011110000000000001100000000001111100000
000000000000000000000000000000000011110000000000000000000000000111100000
000000000000000000000000000000000011110000000000000000000000000111100000
000000000000000000000000000000000011110000000000000000000000000111100000
000000000000000000000000000000000011110000000000000000000011111111100000
000000000000000000000000000000000011110000000000000000111111100111100000
000000000000000000000000000000000011110000000000000011111000000111100000
000000000000000000000000000000000011110000000000000111100000000111100000
000000000000000000000000000000000011110000000000001111000000000111100000
000000000000000000000000000000000011110000000000011110000000000111100000
000000000000000000000000000000000011110000000000011110000000000111100000
000000000000000000000000000000000011110000000000111110000000000111100000
000000000000000000000000000000000011110000000000111110000000001111100000
000000000000000000000000000000000011111000000000011110000000011111100000
000000000000000000000000000000000011111000000000011111000000110111100000
000000000000000000000000000000000111111000000000011111110111100111100000
000000000000000000000000000001111111111111100000001111111110000111111100
000000000000000000000000000001111111111111100000000111111100000111111100
000000000000000000000000000000000000000000000000000000000000000000000000
000000000000000000000000000000000000000000000000000000000000000000000000
000000000000000000000000000000000000000000000000000000000000000000000000
000000000000000000000000000000000000000000000000000000000000000000000000
000000000000000000000000000000000000000000000000000000000000000000000000
000000000000000000000000000000000000000000000000000000000000000000000000
000000000000000000000000000000000000000000000000000000000000000000000000
000000000000000000000000000000000000000000000000000000000000000000000000
000000000000000000000000000000000000000000000000000000000000000000000000
000000000000000000000000000000000000000000000000000000000000000000000000
000000000000000000000000000000000000000000000000000000000000000000000000
000000000000000000000000000000000000000000000000000000000000000000000000
000000000000000000000000000000000000000000000000000000000000000000000000
000000000000000000000000000000000000000000000000000000000000000000000000
000000000000000000000000000000000000000000000000000000000000000000000000
000000000000000000000000000000000000000000000000000000000000000000000000
000000000000000000000000000000000000000000000000000000000000000000000000
000000000000000000000000000000000000000000000000000000000000000000000000
000000000000000000000000000000000000000000000000000000000000000000000000
000000000000000000000000000000000000000000000000000000000000000000000000
000000000000000000000000000000000000000000000000000000000000000000000000
000000000000000000000000000000000000000000000000000000000000000000000000
000000000000000000000000000000000000000000000000000000000000000000000000
000000000000000000000000000000000000000000000000000000000000000000000000
000000000000000000000000000000000000000000000000000000000000000000000000
000000000000000000000000000000000000000000000000000000000000000000000000
000000000000000000000000000000000000000000000000000000000000000000000000
000000000110000000000000000000000000000110000000000000000000000000000000
000001111111000000000000000000000001111110000000000000000000000000000000
000111111111000000000000000000000111111110000000000000000000000000000111
000000011111000000000000000000000000011110000000000000000000000000001111
000000011111000000000000000000000000011110000000000000000000000000001111
000000011111000000000000000000000000011110000000000000000000000000001111
000000011111000000000000000000000000011110000000000000000000000000001111
000000011111000000000000000000000000011110000000000000000000000000000000
000000011111000000000000000000000000011110000000000000000000000000000000
000000011111000000000000000000000000011110000000000000000000000000000000
000000011111000000000000000000000000011110000000000000000000000000000000
000000011111000000000000000000000000011110000000000000000000000000000000
000000011111000000000000000000000000011110000000000000000000000000000000
000000011111000000000000000011111110011110000000000000000000000000000011
000000011111000000000000001111111111111110000000000000000000000000111111
000000011111000000000000111000001111111110000000000000000000000011111111
000000011111000000000011110000000001111110000000000000000000000000001111
000000011111000000000111100000000000111110000000000000000000000000001111
000000011111000000001111000000000000011110000000000000000000000000001111
000000011111000000001110000000000000011110000000000000000000000000001111
000000011111000000011110000000000000011110000000000000000000000000001111
000000011111000000011110000000000000011110000000000000000000000000001111
000000011111000000011110000000000000011110000000000000000000000000001111
000000011111000000111110000000000000011110000000000000000000000000001111
000000011111000000111110000000000000011110000000000000000000000000001111
000000011111000000111110000000000000011110000000000000000000000000001111
000000011111000000111110000000000000011110000000000000000000000000001111
000000011111000000011110000000000000011110000000000000000000000000001111
000000011111000000011111000000000000011110000000000000000000000000001111
000000011111000000011111000000000000011110000000000000000000000000001111
000000011111000000011111100000000000111110000000000000000000000000001111
000000011111000000001111100000000001111110000000000000000000000000001111
000000011111000000001111110000000011011110000000000000000000000000001111
000000011111000000000111111100001110011111000000000000000000000000001111
000000111111100000000011111111111100011111100000000000000000000000011111
100111111111111100000000111111111000011111111000000000000000000011111111
000000000000000000000000000111100000000000000000000000000000000000000000
000000000000000000000000000000000000000000000000000000000000000000000000
000000000000000000000000000000000000000000000000000000000000000000000000
000000000000000000000000000000000000000000000000000000000000000000000000
000000000000000000000000000000000000000000000000000000000000000000000000
000000000000000000000000000000000000000000000000000000000000000000000000
000000000000000000000000000000000000000000000000000000000000000000000000
000000000000000000000000000000000000000000000000000000000000000000000000
000000000000000000000000000000000000000000000000000000000000000000000000
000000000000000000000000000000000000000000000000000000000000000000000000
000000000000000000000000000000000000000000000000000000000000000000000000
000000000000000000000000000000000000000000000000000000000000000000000000
000000000000000000000000000000000000000000000000000000000000000000000000
000000000000000000000000000000000000000000000000000000000000000000000000
000000000000000000000000000000000000000000000000000000000000000000000000
000000000000000000000000000000000000000000000000000000000000000000000000
000000000000000000000000000000000000000000000000000000000000000000000000
000000000000000000000000000000000000000000000000000000000000000000000000
000000000000000000000000000000000000000000000000000000000000000000000000
000000000000000000000000000000000000000000000000000000000000000000000000
000000000000000000000000000000000000000000000000000000000000000000000000
000000000000000000000000000000000000000000000000000000000000000000000000
000000000000000000000000000000000000000000000000000000000000000000000000
000000000000000000000000000000000000000000000000000000000000000000000000
000000000000000000000000000000000000000000000000000000000000000000000000
000000000000000000000000000000000000000000000000000000000000000000000000
000000000000000000000000000000000000000000000000000000000000000000000000
000000000000000000000010000000000000000000000000000000000000000000000000
000000000000000000111110000000000000000000000000000000000000000000000000
000000000000000111111110000000000000000000000000000000111000000000000000
000000000000000000111110000000000000000000000000000001111100000000000000
000000000000000000011110000000000000000000000000000001111100000000000000
000000000000000000011110000000000000000000000000000001111100000000000000
000000000000000000011110000000000000000000000000000000111100000000000000
000000000000000000011110000000000000000000000000000000010000000000000000
000000000000000000011110000000000000000000000000000000000000000000000000
000000000000000000011110000000000000000000000000000000000000000000000000
000000000000000000011110000000000000000000000000000000000000000000000000
000000000000000000011110000000000000000000000000000000000000000000000000
000000000000000000011110000000000000000000000000000000000000000000000000
000000000011111100011110000000000000110000011110000000001100000000000011
000000001111111111111110000000000111110000111111000001111100000000111111
000000111100001111111110000000111111110001111110001111111100000011111111
000011110000000011111110000000000111110011111110000001111100000000011111
000111100000000000111110000000000011110110001110000000111100000000011111
001111000000000000011110000000000011111100000110000000111100000000001111
001110000000000000011110000000000011111000000000000000111100000000001111
011110000000000000011110000000000011111000000000000000111100000000001111
011110000000000000011110000000000011110000000000000000111100000000001111
011110000000000000011110000000000011110000000000000000111100000000001111
111110000000000000011110000000000011110000000000000000111100000000001111
111110000000000000011110000000000011110000000000000000111100000000001111
111110000000000000011110000000000011110000000000000000111100000000001111
111110000000000000011110000000000011110000000000000000111100000000001111
111110000000000000011110000000000011110000000000000000111100000000001111
011110000000000000011110000000000011110000000000000000111100000000001111
011111000000000000011110000000000011110000000000000000111100000000001111
011111000000000000111110000000000011110000000000000000111100000000001111
001111100000000001111110000000000011110000000000000000111100000000001111
001111110000000011111110000000000011110000000000000000111100000000001111
000111111100000110011110000000000011110000000000000000111100000000001111
000011111111111100011111000000000111111000000000000001111110000000001111
000001111111111000011111111000111111111111100000001111111111110000001111
000000001111110000000000000000000000000000000000000000000000000000001111
000000000000000000000000000000000000000000000000000000000000000000001111
000000000000000000000000000000000000000000000000000000000000000000001111
000000000000000000000000000000000000000000000000000000000000000000001111
000000000000000000000000000000000000000000000000000000000000000000001111
000000000000000000000000000000000000000000000000000000000000000000001111
000000000000000000000000000000000000000000000000000000000000000000001111
000000000000000000000000000000000000000000000000000000000000000000001111
000000000000000000000000000000000000000000000000000000000000000000001111
000000000000000000000000000000000000000000000000000000000000000000001111
000000000000000000000000000000000000000000000000000000000000000000001111
000000000000000000000000000000000000000000000000000000000000000000011111
000000000000000000000000000000000000000000000000000000000000000000011111
000000000000000000000000000000000000000000000000000000000000000011111111
000000000000000000000000000000000000000000000000000000000000000000000000
000000000000000000000000000000000000000000000000000000000000000000000000
000000000000000000000000000000000000000000000000000000000000000000000000
000000000000000000000000000000000000000000000000000000000000000000000000
000000000000000000000000000000000000000000000000000000000000000000000000
000000000000000000000000000000000000000000000000000000000000000000000000
