000000000000000000000000000000000000000000000000000000000000000000000000
000000000000000000000000000000000000000000000000000000000000000000000000
000000000000000000000000000000000000000000000000000000000000000000000000
000000000000000000000000000000000000000000000000000000000000000000000000
000000000000000000000000000000000000000000000000000000000000000000000000
000000000000000000000000000000000000000000000000000000000000000000000000
000000000000000000000000000000000000000000000000000000000000000000000000
000000000000000000000000000000000000000000000000000000000000000000000000
000000000000000000000000000000000000000000000000000000000000000000000000
000000000000000000000000000001100000000000000000000000000000000000000000
000000000000000000000000000011110000000000000000000000000000000000000000
000000000000000000000000000111110000000000000000000000000000000000000000
000000000000000000000000000111110000000000000000000000000000000000000000
000000000000000000000000000011110000000000000000000000000000000000000000
000000000000000000000000000001100000000000000000000000000000000000000000
000000000000000000000000000000000000000000000000000000000000000000000000
000000000000000000000000000000000000000000000000000000000000000000000000
000000000000000000000000000000000000000000000000000000000000000000000000
000000000000000000000000000000000000000000000000000000000000000000000000
000000000000000000000000000000000000000000000000000000000000000000000000
000000000000000000000000000000010000000000000111111100000000000000000000
111111000000000000000000000111110000000000111111111111100000000000000000
111000000000000000000000111111110000000001110000000111100000000000000000
111000000000000000000000111111110000000011100000000011100000000000000000
110000000000000000000000000011110000000011100000000001100000000000000000
110000000000000000000000000011110000000111100000000001100000000000000000
100000000000000000000000000011110000000111100000000001100000000000000000
100000000000000000000000000011110000000111100000000000000000000000000000
000000000000000000000000000011110000000111110000000000000000000000000000
000000000000000000000000000011110000000011111110000000000000000000000000
000000000000000000000000000011110000000011111111111100000000000000000000
000000000000000000000000000011110000000001111111111111000000000000000000
000000000000000000000000000011110000000000011111111111100000000000000000
000000000000000000000000000011110000000000000111111111110000000000000000
000000000000000000000000000011110000000000000000001111110000000000000000
000000000000000000000000000011110000000000000000000011111000000000000000
000000000000000000000000000011110000000010000000000001111000000000000000
000000000000000000000000000011110000000110000000000001111000000000000000
000000000000000000000000000011110000000110000000000001110000000000000000
000000000000000000000000000011110000000110000000000001110000000000000000
000000000000000000000000000011110000000111000000000011100000000000000000
000000000000000000000000000111111000000111100000000111000000000000000000
000000000000000000000000111111111111000111111100111110000000000000000000
000000000000000000000000111000000011000011111111111000000000000000000000
000000000000000000000000000000000000000000000000000000000000000000000000
000000000000000000000000000000000000000000000000000000000000000000000000
000000000000000000000000000000000000000000000000000000000000000000000000
000000000000000000000000000000000000000000000000000000000000000000000000
000000000000000000000000000000000000000000000000000000000000000000000000
000000000000000000000000000000000000000000000000000000000000000000000000
000000000000000000000000000000000000000000000000000000000000000000000000
000000000000000000000000000000000000000000000000000000000000000000000000
000000000000000000000000000000000000000000000000000000000000000000000000
000000000000000000000000000000000000000000000000000000000000000000000000
000000000000000000000000000000000000000000000000000000000000000000000000
000000000000000000000000000000000000000000000000000000000000000000000000
000000000000000000000000000000000000000000000000000000000000000000000000
000000000000000000000000000000000000000000000000000000000000000000000000
000000000000000000000000000000000000000000000000000000000000000000000000
000000000000000000000000000000000000000000000000000000000000000000000000
000000000000000000000000000000000000000000000000000000000000000000000000
000000000000000000000000000000000000000000000000000000000000000000000000
000000000000000000000000000000000000000000000000000000000000000000000000
000000000000000000000000000000000000000000000000000000000000000000000000
000000000000000000000000000000000000000000000000000000000000000000000000
000000000000000000000000000000000000000000000000000000000000000000000000
000000000000000000000000000000000000000000000000000000000000000000000000
000000000000000000000000000000000000000000000000000000000000000000000000
000000000000000000000000000000000000000000000000000000000000000000000000
000000000000000000000000000000000000000000000000000000000000000000000000
000000000000000000000000000000000000000000000000000000000000000000000000
000000000000000000000000000000000000000000000000000000000000000000000000
000000000000000000000000000000000000000000000011111111111111111111111111
000000000000000000000000000000000000000000000011111111111111111111111111
000000000000000000000000000000000000000000000011111111111111111111111111
000000000000000000000000000000000000000000000011000000000111110000000000
000000000000000000000000000000000000000000000011000000000011110000000000
000000000000000000000000000000000000000000000011000000000011110000000000
000000000000000000000000000000000000000000000011000000000011110000000000
000000000000000000000000000000000000000000000010000000000011110000000000
000000000000000000000000000000000000000000000000000000000011110000000000
000000000000000000000000000000000000000000000000000000000011110000000000
000000000000000000000000000000000000000000000000000000000011110000000000
000000000000000000000000000000000000000000000000000000000011110000000000
000000000000000000000000000000000000000000000000000000000011110000000000
000000000000000000000000000000000000000000000000000000000011110000000000
000000000000000000000000000000000000000000000000000000000011110000000000
000000000000000000000000000000000000000000000000000000000011110000000000
000000000000000000000000000000000000000000000000000000000011110000000000
000000000000000000000000000000000000000000000000000000000011110000000000
000000000000000000000000000000000000000000000000000000000011110000000000
000000000000000000000000000000000000000000000000000000000011110000000000
000000000000000000000000000000000000000000000000000000000011110000000000
000000000000000000000000000000000000000000000000000000000011110000000000
000000000000000000000000000000000000000000000000000000000011110000000000
000000000000000000000000000000000000000000000000000000000011110000000000
000000000000000000000000000000000000000000000000000000000011110000000000
000000000000000000000000000000000000000000000000000000000011110000000000
000000000000000000000000000000000000000000000000000000000011110000000000
000000000000000000000000000000000000000000000000000000000011110000000000
000000000000000000000000000000000000000000000000000000000011110000000000
000000111000000000000000000000000000000000000000000000000011110000000000
000001111100000000000000000000000000000000000000000000000011110000000000
000001111100000000000000000000000000000000000000000000000111110000000000
000001111100000000000000000000000000000000000000000000000111111000000000
100001111100000000000000000000000000000000000000000001111111111111100000
100000111000000000000000000000000000000000000000000001111111111111100000
000000000000000000000000000000000000000000000000000000000000000000000000
000000000000000000000000000000000000000000000000000000000000000000000000
000000000000000000000000000000000000000000000000000000000000000000000000
000000000000000000000000000000000000000000000000000000000000000000000000
000000000000000000000000000000000000000000000000000000000000000000000000
000000000000000000000000000000000000000000000000000000000000000000000000
000000000000000000000000000000000000000000000000000000000000000000000000
000000000000000000000000000000000000000000000000000000000000000000000000
000000000000000000000000000000000000000000000000000000000000000000000000
000000000000000000000000000000000000000000000000000000000000000000000000
000000000000000000000000000000000000000000000000000000000000000000000000
000000000000000000000000000000000000000000000000000000000000000000000000
000000000000000000000000000000000000000000000000000000000000000000000000
000000000000000000000000000000000000000000000000000000000000000000000000
000000000000000000000000000000000000000000000000000000000000000000000000
000000000000000000000000000000000000000000000000000000000000000000000000
000000000000000000000000000000000000000000000000000000000000000000000000
000000000000000000000000000000000000000000000000000000000000000000000000
000000000000000000000000000000000000000000000000000000000000000000000000
000000000000000000000000000000000000000000000000000000000000000000000000
000000000000000000000000000000000000000000000000000000000000000000000000
000000000000000000000000000000000000000000000000000000000000000000000000
000000000000000000000000000000000000000000000000000000000000000000000000
000000000000000000000000000000000000000000000000000000000000000000000000
000000000000000000000000000000000000000000000000000000000000000000000000
000000000000000000000000000000000000000000000000000000000000000000000000
000000000000000000000000000000000000000000000000000000000000000000000000
000000000000000001110000000000000000000000000011100000000000000000000000
000000000000111111110000000000000000000001111111100000000000000000000000
000000000001111111110000000000000000000001111111100000000001111000000000
000000000000000111110000000000000000000000001111100000000001111100000000
000000000000000111110000000000000000000000000111100000000011111100000000
000000000000000111110000000000000000000000000111100000000001111100000000
000000000000000111110000000000000000000000000111100000000001111000000000
000000000000000111110000000000000000000000000111100000000000000000000000
000000000000000111110000000000000000000000000111100000000000000000000000
000000000000000111110000000000000000000000000111100000000000000000000000
000000000000000111110000000000000000000000000111100000000000000000000000
000000000000000111110000000000000000000000000111100000000000000000000000
000000000000000111110000000000000000000000000111100000000000000000000000
000000000000000111110000111111110000000000000111100000000000111100000000
000000000000000111110001111111111100000000000111100000001111111100000111
000000000000000111110011111111111110000000000111100000011111111100000111
000000000000000111110110000001111111000000000111100000000001111100000000
000000000000000111111000000000011111000000000111100000000001111100000000
000000000000000111110000000000011111100000000111100000000001111100000000
000000000000000111110000000000001111100000000111100000000001111100000000
000000000000000111110000000000001111100000000111100000000001111100000000
000000000000000111110000000000000111100000000111100000000001111100000000
000000000000000111110000000000000111100000000111100000000001111100000000
000000000000000111110000000000000111100000000111100000000001111100000000
000000000000000111110000000000000111100000000111100000000001111100000000
000000000000000111110000000000000111100000000111100000000001111100000000
000000000000000111110000000000000111100000000111100000000001111100000000
000000000000000111110000000000000111000000000111100000000001111100000000
000000000000000111110000000000001111000000000111100000000001111100000000
000000000000000111110000000000001110000000000111100000000001111100000000
000000000000000111110000000000011110000000000111100000000001111100000000
000000000000000111110000000000011100000000000111100000000001111100000000
000000000000000111111000000000110000000000000111100000000001111100000000
000000000000000111111110000011100000000000000111100000000001111100000000
000000000000000111111111111111000000000001111111111110001111111111100111
000000000000000110011111111100000000000001111111111110011111111111110111
000000000000000000000000000000000000000000000000000000000000000000000000
000000000000000000000000000000000000000000000000000000000000000000000000
000000000000000000000000000000000000000000000000000000000000000000000000
000000000000000000000000000000000000000000000000000000000000000000000000
000000000000000000000000000000000000000000000000000000000000000000000000
000000000000000000000000000000000000000000000000000000000000000000000000
000000000000000000000000000000000000000000000000000000000000000000000000
000000000000000000000000000000000000000000000000000000000000000000000000
000000000000000000000000000000000000000000000000000000000000000000000000
