000000000000000000000000000000000000000000000000000000000000000000000000
000000000000000000000000000000000000000000000000000000000000000000000000
000000000000000000000000000000000000000000000000000000000000000000000000
000000000000000000000000000000000000000000000000000000000000000000000000
000000000000000000000000000000000000000000000000000000000000000000000000
000000000000000000000000000000000000000000000000000000000000000000000000
000000000000000000000000000000000000000000000000000000000000000000000000
000000000000000000000000000000000000000000000000000000000000000000000000
000000000000000000000000000000000000000000000000000000000000000000000000
000000000000000000000000000000000000000000000000000000000000000000000000
000000000000000000000000000000000000000000000000000000000000000000000000
000000000000000000000000000000000000000000000000000000000000000000000000
000000000000000000000000000000000000000000000000000000000000000000000000
000000000000000000000000000000000000000000000000000000000000000000000000
000000000000000000000000000000000000000000000000000000000000000000000000
000000000000000000000000000000000000000000000000000000000000000000000000
000000000000000000000000000000000000000000000000000000000000000000000000
000000000000000000000000000000000000000000000000000000000000000000000000
000000000000000000000000000000000000000000000000000000000000000000000000
000000000000000000000000000000000000000000000000000000000000000000000000
000000000000000000000000000000000000000000000000000000000000000000000000
000000000000000000000000000000000000000000000000000000000000000000000000
000000000000000000000000000000000000000000000000000000000000000000000000
000000000000000000000000000000000000000000000000000000000000000000000000
000000000000000000000000000000000000000000000000000000000000000000000000
000000000000000000000000000000000000000000000000000000000000000000000000
000000000000000000000000000000000000000000000000000000000000000000000000
000000000000000000000000000000000000000000000000000000000000000000000000
000000000000000000000000000000000000000000000000000000000000000000000000
000000000000000000000000000000000000000000000000000000000000000000000000
000000000000000000000000000000000000000000000000000000000000000000000000
000000000000000000000000000000000000000000000000000000000000000000000000
000000000000000000000000000000000000000000000000000000000000000000000000
000000000000000000000000000000000000000000000000000000000000000000000000
000000000000000000000000000000000000000000000000000000000000000000000000
000000000000000000000000000000000000000000000000000000000000000000000000
000000000000000000000000000000000000000000000000000000000000000000000000
000000000000000000000000000000000000000000000000000000000000000000000000
000000000000000000000000000000000000000000000000000000000000000000000000
000000000000000000000000000000000000000000000000000000000000000000000000
000000000000000000000000000000000000000000000000000000000000000000000000
000000000000000000000000000000000000000000000000000000000000000000000000
000000000000000000000000000000000000000000000000000000000000000000000000
000000000000000000000000000000000000000000000000000000000000000000000000
000000000000000000000000000000000000000000000000000000000000000000000000
000000000000000000000000000000000000000000000000000000000000000000000000
000000000000000000000000000000000000000000000000000000000000000000000000
000000000000000000000000000000000000000000000000000000000000000000000000
000000000000000000000000000000000000000000000000000000000000000000000000
000000000000000000000000000000000000000000000000000000000000000000000000
000000000000000000000000000000000000000000000000000000000000000000000000
000000000000000000000000000000000000000000000000000000000000000000000000
000000000000000000000000000000000000000000000000000000000000000000000000
000000000000000000000000000000000000000000000000000000000000000000000000
000000000000000000000000000000000000000000000000000000000000000000000000
000000000000000000000000000000000000000000000000000000000000000000000000
000000000000000000000000000000000000000000000000000000000000000000000000
000000000000000000000000000000000000000000000000000000000000000000000000
000000000000000000000000000000000000000000000000000000000000000000000000
000000000000000000000000000000000000000000000000000000000000000000000000
000000000000000000000000000000000000000000000000000000000000000000000000
000000000000000000000000000000000000000000000000000000000000000000000000
000000000000000000000000000000000000000000000000000000000000000000000000
000000000000000000000000000000000000000000000000000000000000000000000000
000000000000000000000000000000000000000000000000000000000000000000000000
000000000000000000000000000000000000000000000000000000000000000000000000
000000000000000000000000000000000000000000000000000000000000000000000000
000000000000000000000000000000000000000000000000000000000000000000000000
000000000000000000000000000000000000000000000000000000000000000000000000
000000000000000000000000000000000000000000000000000000000000000000000000
000000000000000000000000000000000000000000000000000000000000000000000000
000000000000000000000000000000000000000000000000000000000000000000000000
000000000000000000000000000000000000000000000000000000000000000000000000
000000000000000000000000000000000000000000000000000000000000000000000000
000000000000000000000000000000000000000000000000000000000000000000000000
000000000000000000000000000000000000000000000000000000000000000000000000
000000000000000000000000000000000000000000000000000000000000000000000000
000000000000000000000000000000000000000000000000000000000000000000000000
000000000000000000000000000000000000000000000000000000000000000000000000
000000000000000000000000000000000000000000000000000000000000000000000000
000000000000000000000000000000000000000000000000000000000000000000000000
000000000000000000000000000000000000000000000000000000000000000000000000
000000000000000000000000000000000000000000000000000000000000000000000000
000000000000000000000000000000000000000000000000000000000000000000000000
000000000000000000000000000000000000000000000000000000000000000000000000
000000000000000000000000000000000000000000000000000000000000000000000000
000000000000000000000000000000000000000000000000000000000000000000000000
000000000000000000000000000000000000000000000000000000000000000000011100
000000000000000000000000000000000000000000000000000000000000000001111000
000000000000000000000000000000000000000000000000000000000000000001111000
000000000000000000000000000000000000000000000000000000000000000001111000
000000000000000000000000000000000000000000000000000000000000000001111000
000000000000000000000000000000000000000000000000000000000000000001111000
000000000000000000000000000000000000000000000000000000000000000001111000
000000000000000000000000011111000000000000000111110000000000000001111000
000000000000000000000011111111111000000000111111111110000000000001111000
000000000000000000001111111111111000000011111111111110000000000111111111
000000000000000000011100000001111000000111000000111111000000011111111111
000000000000000000111000000000011000000110000000001111100000011111111000
000000000000000001110000000000011000000110000000001111100000000001111000
000000000000000011100000000000011000000100000000000111100000000001111000
000000000000000111100000000000011000000000000000000111100000000001111000
000000000000000111100000000000000000000000000000000111100000000001111000
000000000000000111100000000000000000000000000000011111100000000001111000
000000000000001111100000000000000000000000001111111111100000000001111000
000000000000001111100000000000000000000001111110000111100000000001111000
000000000000001111100000000000000000000111110000000111100000000001111000
000000000000001111100000000000000000001111000000000111100000000001111000
000000000000001111100000000000000000001111000000000111100000000001111000
000000000000000111100000000000000000011110000000000111100000000001111000
000000000000000111110000000000000000011110000000000111100000000001111000
000000000000000111110000000000000000011110000000000111100000000001111000
000000000000000111111000000000000000011110000000001111100000000001111000
000000000000000011111100000000000000011111000000011111100000000001111000
000000000000000001111110000000000000011111100001110111100000000001111100
000000000000000000111111100000111000001111111111000111110000000001111111
000000000000000000011111111111111000001111111110000111111100000000111111
000000000000000000000111111111100000000011111000000110001100000000011111
000000000000000000000000000000000000000000000000000000000000000000000000
000000000000000000000000000000000000000000000000000000000000000000000000
000000000000000000000000000000000000000000000000000000000000000000000000
000000000000000000000000000000000000000000000000000000000000000000000000
000000000000000000000000000000000000000000000000000000000000000000000000
000000000000000000000000000000000000000000000000000000000000000000000000
000000000000000000000000000000000000000000000000000000000000000000000000
000000000000000000000000000000000000000000000000000000000000000000000000
000000000000000000000000000000000000000000000000000000000000000000000000
000000000000000000000000000000000000000000000000000000000000000000000000
000000000000000000000000000000000000000000000000000000000000000000000000
000000000000000000000000000000000000000000000000000000000000000000000000
000000000000000000000000000000000000000000000000000000000000000000000000
000000000000000000000000000000000000000000000000000000000000000000000000
000000000000000000000000000000000000000000000000000000000000000000000000
000000000000000000000000000000000000000000000000000000000000000000000000
000000000000000000000000000000000000000000000000000000000000000000000000
000000000000000000000000000000000000000000000000000000000000000000000000
000000000000000000000000000000000000000000000000000000000000000000000000
000000000000000000000000000000000000000000000000000000000000000000000000
000000000000000000000000000000000000000000000000000000000000000000000000
000000000000000000000000000000000000000000000000000000000000000000000000
000000000000000000000000000000000000000000000000000000000000000000000000
000000000000000000000000000000000000000000000000000000000000000000000000
000000000000000000000000000000000000000000000000000000000000000000000000
000000000000000000000000000000000000000000000000000000000000000000000000
000000000000000000000000000000000000000000000000000000000000000000000000
000000000000000000111100000000000000000000000000000000000000000000000000
000000000000001111111100000000000000000000000000000000000000000000000000
000000000000011111111100000000000000000000000000000000000000000000000000
000000000000000001111100000000000000000000000000000000000000000000000000
000000000000000001111100000000000000000000000000000000000000000000000000
000000000000000001111100000000000000000000000000000000000000000000000000
000000000000000001111100000000000000000000000000000000000000000000000000
000000000000000001111100000000000000000000000000000000000000000000000000
000000000000000001111100000000000000000000000000000000000000000000000000
000000000000000001111100000000000000000000000000000000000000000000000000
000000000000000001111100000000000000000000000000000000000000000000000000
000000000000000001111100000000000000000000000000000000000000000000000000
000000000000000001111100000111110000000000000000000011111000000000000000
000000000000000001111100011111111100000000000000011111111110000000000000
000000000000000001111100111111111110000000000001111111111111000000000001
000000000000000001111101111001111111000000000011100000011111100000000111
000000000000000001111111000000011111100000000011000000001111100000001111
000000000000000001111110000000001111100000000011000000000111110000000000
000000000000000001111100000000000111100000000010000000000011110000000000
000000000000000001111100000000000111100000000000000000000011110000000000
000000000000000001111100000000000111110000000000000000000011110000000000
000000000000000001111100000000000111110000000000000000000111110000000000
000000000000000001111100000000000111110000000000000011111111110000000000
000000000000000001111100000000000111110000000000011111100011110000000000
000000000000000001111100000000000111110000000001111000000011110000000000
000000000000000001111100000000000111110000000111110000000011110000000000
000000000000000001111100000000000111110000000111100000000011110000000000
000000000000000001111100000000000111110000001111000000000011110000000000
000000000000000001111100000000000111110000001111000000000011110000000000
000000000000000001111100000000000111110000001111000000000011110000000000
000000000000000001111100000000000111110000001111000000000111110000000000
000000000000000001111100000000000111110000001111000000001111110000000000
000000000000000001111100000000000111110000001111100000111011110000000000
000000000000000001111100000000000111110000001111111111100011110000000000
