000000000000000000000000000000000000000000000000000000000000000000000000
000000000000000000000000000000000000000000000000000000000000000000000000
000000000000000000000000000000000000000000000000000000000000000000000000
000000000000000000000000000000000000000000000000000000000000000000000000
000000000000000000000000000000000000000000000000000000000000000000000000
000000000000000000000000000000000000000000000000000000000000000000000000
000000000000000000000000000000000000000000000000000000000000000000000000
000000000000000000000000000000000000000000000000000000000000000000000000
000000000000000000000000000000000000000000000000000000000000000000000000
000000000000000000000000000000000000000000000000000000000000000000000000
000000000000000000000000000000000000000000000000000000000000000000000000
000000000000000000000000000000000000000000000000000000000000000000000000
000000000000000000000000000000000000000000000000000000000000000000000000
000000000000000000000000000000000000000000000000000000000000000000000000
000000000000000000000000000000000000000000000000000000000000000000000000
000000000000000000000000000000000000000000000000000000000000000000000000
000000000000000000000000000000000000000000000000000000000000000000000000
000000000000000000000000000000000000000000000000000000000000000000000000
000000000000000000000000000000000000000000000000000000000000000000000000
000000000000000000000000000000000000000000000000000000000000000000000000
000000000000000000000000000000000000000000000000000000000000000000000000
000000000000000000000000000000000000000000000000000000000000000000000000
000000000000000000000000000000000000000000000000000000000000000000000000
000000000000000000000000000000000000000000000000000000000000000000000000
000000000000000000000000000000000000000000000000000000000000000000000000
000000000000000000000000000000000000000000000000000000000000000000000000
000000000000000000000000000000000000000000000000000000000000000000000000
000000000000000000000000000000000000000000000000000000000000000000000000
000000000000000000000000000000000000000000000000000000000000000000000000
000000000000000000000000000000000000000000000000000000000000000000000000
000000000000000000000000000000000000000000000000000000000000000000000000
000000000000000000000000000000001111110000000000000000111111110000000000
000000000000000000000000000001111111111100000000000011111111111000000000
100000000000000000000000000011100000011110000000001111111111111100000000
110000000000000000000000001111000000001111000000011100000001111110000000
110000000000000000000000011110000000000111100000011100000000111110000000
110000000000000000000000011100000000000111100000011000000000011110000000
111000000000000000000000111100000000000111110000000000000000011111000000
111000000000000000000000111100000000000111110000000000000000001111000000
111000000000000000000000111100000000000011110000000000000000001111000000
111000000000000000000001111100000000000011110000000000000011111111000000
111000000000000000000001111111111111111111110000000000111111111111000000
000000000000000000000001111111111111111110000000000111111000001111000000
000000000000000000000001111100000000000000000000001111000000001111000000
000000000000000000000001111100000000000000000000011110000000001111000000
000000000000000000000001111100000000000000000000111100000000001111000000
000000000000000000000001111100000000000000000000111100000000001111000000
000000000000000000000000111110000000000000000001111100000000001111000000
000000000000000000000000111110000000000000000001111100000000011111000000
000000000000000000000000111111000000000000000001111100000000111111000000
000000000000000000000000011111100000000000000001111100000001111111000000
110000000000000000000000001111110000000001100000111111000111001111000000
110000000000000000000000000111111110001111000000111111111100001111000000
000000000000000000000000000011111111111110000000011111111000001111111000
000000000000000000000000000000111111111000000000000111100000000000000000
000000000000000000000000000000000000000000000000000000000000000000000000
000000000000000000000000000000000000000000000000000000000000000000000000
000000000000000000000000000000000000000000000000000000000000000000000000
000000000000000000000000000000000000000000000000000000000000000000000000
000000000000000000000000000000000000000000000000000000000000000000000000
000000000000000000000000000000000000000000000000000000000000000000000000
000000000000000000000000000000000000000000000000000000000000000000000000
000000000000000000000000000000000000000000000000000000000000000000000000
000000000000000000000000000000000000000000000000000000000000000000000000
000000000000000000000000000000000000000000000000000000000000000000000000
000000000000000000000000000000000000000000000000000000000000000000000000
000000000000000000000000000000000000000000000000000000000000000000000000
000000000000000000000000000000000000000000000000000000000000000000000000
000000000000000000000000000000000000000000000000000000000000000000000000
000000000000000000000000000000000000000000000000000000000000000000000000
000000000000000000000000000000000000000000000000000000000000000000000000
000000000000000000000000000000000000000000000000000000000000000000000000
000000000000000000000000000000000000000000000000000000000000000000000000
000000000000000000000000000000000000000000000000000000000000000000000000
000000000000000000000000000000000000000000000000000000000000000000000000
000000000000000000000000000000000000000000000000000000000000000000000000
000000000000000000000000000000000000000000000000000000000000000000000000
000000000000000000000000000000000000000000000000000000000000000000000000
000000000000000000000000000000000000000000000000000000000000000000000000
000000000000000000000000000000000000000000000000000000000000000000000000
000000000000000000000000000000000000000000000000000000000000000000000000
000000000000000000000010000000000000000000000000000000000000000000000000
000000000000000000011111000000000000000000000000000000000000000000000000
000000000000000111111111000000000000000000000000000000000000000000000000
000000000000000011111111000000000000000000000000000000000000000000000000
000000000000000000011111000000000000000000000000000000000000000000000000
000000000000000000011111000000000000000000000000000000000000000000000000
000000000000000000011111000000000000000000000000000000000000000000000000
000000000000000000011111000000000000000000000000000000000000000000000000
000000000000000000011111000000000000000000000000000000000000000000000000
000000000000000000011111000000000000000000000000000000000000000000000000
000000000000000000011111000000000000000000000000000000000000000000000000
000000000000000000011111000000000000000000000000000000000000000000000000
000000000000000000011111000000000000000000000000000000000000000000000000
000000000000000000011111000000111110000000000000000000111110000000000000
000000000000000000011111000111111111100000000000000111111111110000000000
000000000000000000011111001111111111110000000000001110000001111000000001
000000000000000000011111011110001111111000000000111100000000111100000111
000000000000000000011111110000000011111100000001111000000000111110000000
000000000000000000011111100000000001111100000001110000000000011110000000
000000000000000000011111000000000000111110000011110000000000011110000000
000000000000000000011111000000000000111110000011110000000000011111000000
000000000000000000011111000000000000111110000111110000000000011111000000
000000000000000000011111000000000000011110000111110000000000011111000000
000000000000000000011111000000000000011110000111111111111111111111000000
000000000000000000011111000000000000011110000111111111111111111110000000
000000000000000000011111000000000000011110000111110000000000000000000000
100000000000000000011111000000000000011110000111110000000000000000000000
100000000000000000011111000000000000011110000111110000000000000000000000
100000000000000000011111000000000000111100000111110000000000000000000000
100000000000000000011111000000000000111100000111110000000000000000000000
100000000000000000011111000000000000111000000011111000000000000000000000
100000000000000000011111000000000001110000000011111000000000000000000000
100000000000000000011111000000000011100000000011111100000000000000000000
000000000000000000011111110000000111000000000001111110000000000110000000
000000000000000000011111111110111100000000000000111111110000111100000000
000000000000000000011111111111111000000000000000011111111111111000000111
000000000000000000010000111111100000000000000000000111111111100000000111
000000000000000000000000000000000000000000000000000000000000000000000000
000000000000000000000000000000000000000000000000000000000000000000000000
000000000000000000000000000000000000000000000000000000000000000000000000
000000000000000000000000000000000000000000000000000000000000000000000000
000000000000000000000000000000000000000000000000000000000000000000000000
000000000000000000000000000000000000000000000000000000000000000000000000
000000000000000000000000000000000000000000000000000000000000000000000000
000000000000000000000000000000000000000000000000000000000000000000000000
000000000000000000000000000000000000000000000000000000000000000000000000
000000000000000000000000000000000000000000000000000000000000000000000000
000000000000000000000000000000000000000000000000000000000000000000000000
000000000000000000000000000000000000000000000000000000000000000000000000
000000000000000000000000000000000000000000000000000000000000000000000000
000000000000000000000000000000000000000000000000000000000000000000000000
000000000000000000000000000000000000000000000000000000000000000000000000
000000000000000000000000000000000000000000000000000000000000000000000000
000000000000000000000000000000000000000000000000000000000000000000000000
000000000000000000000000000000000000000000000000000000000000000000000000
000000000000000000000000000000000000000000000000000000000000000000000000
000000000000000000000000000000000000000000000000000000000000000000000000
000000000000000000000000000000000000000000000000000000000000000000000000
000000000000000000000000000000000000000000000000000000000000000000000000
000000000000000000000000000000000000000000000000000000000000000000000000
000000000000000000000000000000000000000000000000000000000000000000000000
000000000000000000000000000000000000000000000000000000000000000000000000
000000000000000000000000000000000000000000000000000000000000000000000000
000000000000000000000000000000000000000000000000000000000000000000000000
000000000000000000000000000000000000000000000000000000000000000000000000
000000000000000000000000000000000000000000000000000000000000000000000000
000000000000000000000000000000000000000000000000000000000000000000000000
000000000000000000000000000000000000000000000000000000000000000000000000
000000000000000000000000000000000000000000000000000000000000000000000000
000000000000000000000000000000000000000000000000000000000000000000000000
000000000000000000000000000000000000000000000000000000000000000000000000
000000000000000000000000000000000000000000000000000000000000000000000000
000000000000000000000000000000000000000000000000000000000000000000000000
000000000000000000000000000000000000000000000000000000000000000000000000
000000000000000000000000000000000000000000000000000000000000000000000000
000000000000000000000000000000000000000000000000000000000000000000000000
000000000000111100000000000111100000000000000000000001111000000000000000
001111000011111111000000011111111000000000000000001111111110000000000011
111111000111111111100000111111111100000000000000111000001111100000011111
111111001110001111110001110001111110000000000011110000000111110000111111
001111111000000111111011000000111111000000000111100000000011110000000011
001111110000000011111110000000011111000000000111000000000011111000000011
001111100000000001111100000000001111000000001111000000000001111000000011
001111100000000001111100000000001111000000011111000000000001111000000011
001111000000000001111000000000001111000000011110000000000001111100000011
001111000000000001111000000000001111000000011110000000000001111100000011
001111000000000001111000000000001111000000011111111000001111111100000011
001111000000000001111000000000001111000000011111111111111111111000000011
001111000000000001111000000000001111000000011110000000000000000000000011
001111000000000001111000000000001111000000011110000000000000000000000011
001111000000000001111000000000001111000000011110000000000000000000000011
001111000000000001111000000000001111000000011111000000000000000000000011
001111000000000001111000000000001111000000011111000000000000000000000011
001111000000000001111000000000001111000000011111000000000000000000000011
001111000000000001111000000000001111000000001111100000000000000000000011
001111000000000001111000000000001111000000001111110000000000000000000011
001111100000000001111100000000001111100000000111111000000000011000000011
001111100000000001111100000000001111100000000011111110000001110000000011
