000000000000000110000000000000000000001111111111100000001111111111111000
000000000000000000000000000000000000000001111000000000000000000000000000
000000000000000000000000000000000000000000000000000000000000000000000000
000000000000000000000000000000000000000000000000000000000000000000000000
000000000000000000000000000000000000000000000000000000000000000000000000
000000000000000000000000000000000000000000000000000000000000000000000000
000000000000000000000000000000000000000000000000000000000000000000000000
000000000000000000000000000000000000000000000000000000000000000000000000
000000000000000000000000000000000000000000000000000000000000000000000000
000000000000000000000000000000000000000000000000000000000000000000000000
000000000000000000000000000000000000000000000000000000000000000000000000
000000000000000000000000000000000000000000000000000000000000000000000000
000000000000000000000000000000000000000000000000000000000000000000000000
000000000000000000000000000000000000000000000000000000000000000000000000
000000000000000000000000000000000000000000000000000000000000000000000000
000000000000000000000000000000000000000000000000000000000000000000000000
000000000000000000000000000000000000000000000000000000000000000000000000
000000000000000000000000000000000000000000000000000000000000000000000000
000000000000000000000000000000000000000000000000000000000000000000000000
000000000000000000000000000000000000000000000000000000000000000000000000
000000000000000000000000000000000000000000000000000000000000000000000000
000000000000000000000000000000000000000000000000000000000000000000000000
000000000000000000000000000000000000000000000000000000000000000000000000
000000000000000000000000000000000000000000000000000000000000000000000000
000000000000000000000000000000000000000000000000000000000000000000000000
000000000000000000000000000000000000000000000000000000000000000000000000
000000000000000000000000000000000000000000000000000000000000000000000000
000000000000000000000000000000000000000000000000000000000000000000000000
000000000000000000000000000000000000000000000000000000000000000000000000
000000000000000000000000000000000000000000000000000000000000000000000000
000000000000000000000000000000000000000000000000000000000000000000000000
000000000000000000000000000000000000000000000000000000000000000000000000
000000000000000000000000000000000000000000000000000000000000000000000000
000000000000000000000000000000000000000000000000000000000000000000000000
000000000000000000000000000000000000000000000000000000000000000000000000
000000000000000000000000000000000000000000000000000000000000000000000000
000000000000000000000000000000000000000000000000000000000000000000000000
000000000000000000000000000000000000000000000000000000000000000000000000
000000000000000000000000000000000000000000000000000000000000000000000000
000000000000000000000000000000000000000000000000000000000000000000000000
000000000000000000000000000000000000000000000000000000000000000000000000
011111111000000000000000001111111111000000000000000111000000000000111100
111111111110000000000000111100001111110000000011111111000000001111111100
111111111111000000000001110000000011111000000011111111000000001111111100
000000111111000000000011110000000001111100000000011111000000000001111100
000000011111000000000111100000000000111110000000001111000000000001111100
000000001111100000000111000000000000011111000000001111000000000000111100
000000001111100000001111000000000000011111000000001111000000000000111100
000000000111100000001111000000000000001111100000001111000000000000111100
000000000111100000011111000000000000001111100000001111000000000000111100
000000000111100000011111000000000000001111100000001111000000000000111100
000000000111100000011111000000000000001111100000001111000000000000111100
000000000111100000011111000000000000001111100000001111000000000000111100
000000000111100000011111000000000000001111100000001111000000000000111100
000000000111100000011111000000000000001111100000001111000000000000111100
000000000111100000011111000000000000001111100000001111000000000000111100
000000000111100000011111000000000000001111000000001111000000000001111100
000000000111100000001111100000000000001111000000001111000000000001111100
000000000111100000001111100000000000001110000000001111000000000011111100
000000000111100000000111110000000000011110000000001111100000000011111100
000000000111100000000111110000000000011100000000001111100000001100111100
000000000111100000000011111000000000111000000000001111111111111001111100
000000000111111100000001111110000001110000000000000111111111110001111111
100000000111111110000000111111111111000000000000000011111111100001111111
000000000000000000000000000111111000000000000000000000000000000000000000
000000000000000000000000000000000000000000000000000000000000000000000000
000000000000000000000000000000000000000000000000000000000000000000000000
000000000000000000000000000000000000000000000000000000000000000000000000
000000000000000000000000000000000000000000000000000000000000000000000000
000000000000000000000000000000000000000000000000000000000000000000000000
000000000000000000000000000000000000000000000000000000000000000000000000
000000000000000000000000000000000000000000000000000000000000000000000000
000000000000000000000000000000000000000000000000000000000000000000000000
000000000000000000000000000000000000000000000000000000000000000000000000
000000000000000000000000000000000000000000000000000000000000000000000000
000000000000000000000000000000000000000000000000000000000000000000000000
000000000000000000000000000000000000000000000000000000000000000000000000
000000000000000000000000000000000000000000000000000000000000000000000000
000000000000000000000000000000000000000000000000000000000000000000000000
000000000000000000000000000000000000000000000000000000000000000000000000
000000000000000000000000000000000000000000000000000000000000000000000000
000000000000000000000000000000000000000000000000000000000000000000000000
000000000000000000000000000000000000000000000000000000000000000000000000
000000000000000000000000000000000000000000000000000000000000000000000000
000000000000000000000000000000000000000000000000000000000000000000000000
000000000000000000000000000000000000000000000000000000000000000000000000
000000000000000000000000000000000000000000000000000000000000000000000000
000000000000000000000000000000000000000000000000000000000000000000000000
000000000000000000000000000000000000000000000000000000000000000000000000
000000000000000000000000000000000000000000000000000000000000000000000000
000000000000000000000000000000000000000000000000000000000000000000000000
000000000000000000000000000000000000000000000000000000000000000000000000
000000000000000000000000000000000000000000000000000000000000000000000000
000000000000000000000000000000000000000000000000000000000000000000000000
000000000000000000000000000000000000000000000000000000000000000000000000
000000000000000000000000000000000000000000000000000000000000000000000000
000000000000000000000000000000000000000000000000000000000000000000000000
000000000000000000000000000000000000000000000000000000000000000000000000
000000000000000000000000000000000000000000000000000000000000000000000000
000000000000000000000000000000000000000000000000000000000000000000000000
000000000000000000000000000000000000000000000000000000000000000000000000
000000000000000000000000000000000000000000000000000000000000000000000000
000000000000000000000000000000000000000000000000000000000000000000000000
000000000000000000000000000000000000000000000000000000000000000000000000
111110000000000000001110000111110000000000111111100000000000000000000000
011111100000000011111110001111110000000011110011111000000000000000000000
000111110000000111111110011111110000001110000000111100000000000000000000
000011111000000000111110111111110000011100000000011110000000000000000000
000001111100000000011111110001110000111100000000011111000000000000000000
000000111110000000011111000000110001111000000000001111000000000000000000
000000111110000000011111000000000001111000000000001111000000000000000000
000000111110000000011110000000000011111000000000001111100000000000000000
000000011111000000011110000000000011111000000000001111100000000000000000
000000011111000000011110000000000011111000000000001111100000000000000000
000000011111000000011110000000000011111111111111111111100000000000000000
000000011111000000011110000000000011111111111111100000000000000000000000
000000011111000000011110000000000011110000000000000000000000000000000000
000000011111000000011110000000000011110000000000000000000000000000000000
000000011111000000011110000000000011111000000000000000000000000000000000
000000011110000000011110000000000011111000000000000000000000000000000000
000000011110000000011110000000000011111000000000000000000000000000000000
000000011110000000011110000000000001111100000000000000000000000000000000
000000111100000000011110000000000001111100000000000000000000111110000000
000000111000000000011110000000000000111110000000000001000000111110000000
000001110000000000011110000000000000111111100000000111000000111110000000
000011100000000001111111100000000000011111111111111110000000111110000000
111111000000000111111111111100000000000111111111111000000000011100000000
111000000000000000000000000000000000000001111111100000000000000000000000
000000000000000000000000000000000000000000000000000000000000000000000000
000000000000000000000000000000000000000000000000000000000000000000000000
000000000000000000000000000000000000000000000000000000000000000000000000
000000000000000000000000000000000000000000000000000000000000000000000000
000000000000000000000000000000000000000000000000000000000000000000000000
000000000000000000000000000000000000000000000000000000000000000000000000
000000000000000000000000000000000000000000000000000000000000000000000000
000000000000000000000000000000000000000000000000000000000000000000000000
000000000000000000000000000000000000000000000000000000000000000000000000
000000000000000000000000000000000000000000000000000000000000000000000000
000000000000000000000000000000000000000000000000000000000000000000000000
000000000000000000000000000000000000000000000000000000000000000000000000
000000000000000000000000000000000000000000000000000000000000000000000000
000000000000000000000000000000000000000000000000000000000000000000000000
000000000000000000000000000000000000000000000000000000000000000000000000
000000000000000000000000000000000000000000000000000000000000000000000000
000000000000000000000000000000000000000000000000000000000000000000000000
000000000000000000000000000000000000000000000000000000000000000000000000
000000000000000000000000000000000000000000000000000000000000000000000000
000000000000000000000000000000000000000000000000000000000000000000000000
000000000000000000000000000000000000000000000000000000000000000000000000
000000000000000000000000000000000000000000000000000000000000000000000000
000000000000000000000000000000000000000000000000000000000000000000000000
000000000000000000000000000000000000000000000000000000000000000000000000
000000000000000000000000000000000000000000000000000000000000000000000000
000000000000000000000000000000000000000000000000000000000000000000000000
000000000000000000000000000000000000000000000000000000000000000000000000
000000000000000000000000000000000000000000000000000000000000000000000000
000000000000000000000000000000000000000000000000000000000000000000000000
000000000000000000000000000000000000000000000000000000000000000000000000
000000000000000000000110000000000000000000000000000000000000000000000000
000000000000000000001111000000000000000000000000000000000000000000000000
000000000000000000011111100000000000000000000000000000000000000000000000
000000000000000000011111000000000000000000000000000000000000000000000000
000000110000000000001111000000000000000000000000000000000000000000000000
000111110000000000000110000000000000000000000000000000000000000000000000
000111110000000000000000000000000000000000000000000000000000000000000000
000111110000000000000000000000000000000000000000000000000000000000000000
000111110000000000000000000000000000000000000000000000000000000000000000
000011110000000000000000000000000000000000000000000000000000000000000000
000011110000000000000000000000000000000000000000000000000000000000000000
000011110000000000000011000000000000010000011111100000000011111000000000
000111110000000000011111000000000111110000111111111000000111111111000000
001111111111110011111111000000111111110011111111111100011111111111000000
111111111111110000111111000000001111110111100011111100111100011111100000
100111110000000000001111000000000011111110000000111111110000000111110000
000111110000000000001111000000000011111000000000111111000000000111110000
000111110000000000001111000000000011111000000000011111000000000011110000
000111110000000000001111000000000011110000000000011110000000000011110000
000111110000000000001111000000000011110000000000011110000000000011110000
000111110000000000001111000000000011110000000000011110000000000011110000
