000111110000000000001111000000000011110000000000011110000000000011110000
000111110000000000001111000000000011110000000000011110000000000011110000
000111110000000000001111000000000011110000000000011110000000000011110000
000111110000000000001111000000000011110000000000011110000000000011110000
000111110000000000001111000000000011110000000000011110000000000011110000
000111110000000000001111000000000011110000000000011110000000000011110000
000111110000000000001111000000000011110000000000011110000000000011110000
000111110000000000001111000000000011110000000000011110000000000011110000
000111110000000000001111000000000011110000000000011110000000000011110000
000011111000110000001111000000000011110000000000011110000000000011110000
000011111111100000011111100000000011111000000000011111000000000011111000
000001111111000011111111111100111111111111000111111111111000000011111111
000000111110000011000000001100110000000011000110000000011000000000000001
000000000000000000000000000000000000000000000000000000000000000000000000
000000000000000000000000000000000000000000000000000000000000000000000000
000000000000000000000000000000000000000000000000000000000000000000000000
000000000000000000000000000000000000000000000000000000000000000000000000
000000000000000000000000000000000000000000000000000000000000000000000000
000000000000000000000000000000000000000000000000000000000000000000000000
000000000000000000000000000000000000000000000000000000000000000000000000
000000000000000000000000000000000000000000000000000000000000000000000000
000000000000000000000000000000000000000000000000000000000000000000000000
000000000000000000000000000000000000000000000000000000000000000000000000
000000000000000000000000000000000000000000000000000000000000000000000000
000000000000000000000000000000000000000000000000000000000000000000000000
000000000000000000000000000000000000000000000000000000000000000000000000
000000000000000000000000000000000000000000000000000000000000000000000000
000000000000000000000000000000000000000000000000000000000000000000000000
000000000000000000000000000000000000000000000000000000000000000000000000
000000000000000000000000000000000000000000000000000000000000000000000000
000000000000000000000000000000000000000000000000000000000000000000000000
000000000000000000000000000000000000000000000000000000000000000000000000
000000000000000000000000000000000000000000000000000000000000000000000000
000000000000000000000000000000000000000000000000000000000000000000000000
000000000000000000000000000000000000000000000000000000000000000000000000
000000000000000000000000000000000000000000000000000000000000000000000000
000000000000000000000000000000000000000000000000000000000000000000000000
000000000000000000000000000000000000000000000000000000000000000000000000
000000000000000000000000000000000000000000000000000000000000000000000000
000000000000000000000000000000000000000000000000000000000000000000000000
000000000000000000000000000000000000000000000000000000000000000000000000
000000000000000000000000000000000000000000000000000000000000000000000000
000000000000000000000000000000000000000000000000000000000000000000000000
000000000000000000000000000000000000000000000000000000000000000000000000
000000000000000000000000000000000000000000000000000000000000000000000000
000000000000000000000000000000000000000000000000000000000000000000000000
000000000000000000000000000000000000000000000000000000000000000000000000
000000000000000000000000000000000000000000000000000000000000000000000000
000000000000000000000000000000000000000000000000000000000000000000000000
000000000000000000000000000000000000000000000000000000000000000000000000
000000000000000000000000000000000000000000000000000000000000000000000000
000000000000000000000000000000000000000000000000000000000000000000000000
000000000000000111100000000000111100000000000000000000001111100000000000
000001111100011111111100000011111111100000000000000001111111111100000000
001111111100111111111110000111111111110000000000000111100000111111000000
001111111101111001111111001111001111110000000000001110000000001111100000
000001111111000000011111011000000011111000000000011100000000000111110000
000001111110000000011111110000000011111000000000111100000000000111110000
000001111100000000001111100000000001111100000000111000000000000011111000
000000111100000000001111100000000001111100000001111000000000000011111000
000000111100000000001111100000000001111100000001111000000000000001111100
000000111100000000001111100000000001111100000001111000000000000001111100
000000111100000000001111100000000001111100000011111000000000000001111100
000000111100000000001111100000000001111100000011111000000000000001111100
000000111100000000001111100000000001111100000011111000000000000001111100
000000111100000000001111100000000001111100000011111000000000000000111100
000000111100000000001111100000000001111100000011111000000000000001111100
000000111100000000001111100000000001111100000011111000000000000001111100
000000111100000000001111100000000001111100000001111100000000000001111000
000000111100000000001111100000000001111100000001111100000000000001111000
000000111100000000001111100000000001111100000001111100000000000001110000
000001111100000000001111100000000001111100000000111110000000000011110000
000001111100000000001111100000000001111100000000111111000000000011100000
000001111100000000001111100000000001111100000000011111100000000111000000
001111111111100001111111111110000001111111110000001111110000011110000000
001111111111100001111111111110000000111111110000000011111111111000000000
000000000000000000000000000000000000000000000000000000011110000000000000
000000000000000000000000000000000000000000000000000000000000000000000000
000000000000000000000000000000000000000000000000000000000000000000000000
000000000000000000000000000000000000000000000000000000000000000000000000
000000000000000000000000000000000000000000000000000000000000000000000000
000000000000000000000000000000000000000000000000000000000000000000000000
000000000000000000000000000000000000000000000000000000000000000000000000
000000000000000000000000000000000000000000000000000000000000000000000000
000000000000000000000000000000000000000000000000000000000000000000000000
000000000000000000000000000000000000000000000000000000000000000000000000
000000000000000000000000000000000000000000000000000000000000000000000000
000000000000000000000000000000000000000000000000000000000000000000000000
000000000000000000000000000000000000000000000000000000000000000000000000
000000000000000000000000000000000000000000000000000000000000000000000000
000000000000000000000000000000000000000000000000000000000000000000000000
000000000000000000000000000000000000000000000000000000000000000000000000
000000000000000000000000000000000000000000000000000000000000000000000000
000000000000000000000000000000000000000000000000000000000000000000000000
000000000000000000000000000000000000000000000000000000000000000000000000
000000000000000000000000000000000000000000000000000000000000000000000000
000000000000000000000000000000000000000000000000000000000000000000000000
000000000000000000000000000000000000000000000000000000000000000000000000
000000000000000000000000000000000000000000000000000000000000000000000000
000000000000000000000000000000000000000000000000000000000000000000000000
000000000000000000000000000000000000000000000000000000000000000000000000
000000000000000000000000000000000000000000000000000000000000000000000000
000000000000000000000000000000000000000000000000000000000000000000000000
000000000000000000000000000000000000000000000000000000000000000000000000
000000000000000000000000000000000000000000000000000000000000000000000000
000000000000000000000000000000000000000000000000000000000000000000000000
000000000000000000000000000000000000000000000000000000000000000000000000
000000000000000000000000000000000000000000000000000000000000000000000000
000000000000000000000000000000000000000000000000000000000000000000000000
000000000000000000000000000000000000000000000000000000000000000000000000
000000000000000000000000000000000000000000000000000000000000000000000000
000000000000000000000000000000000000000000000000000000000000000000000000
000000000000000000000000000000000000000000000000000000000000000000000000
000000000000000000000000000000000000000000000000000000000000000000000000
000000000000000000000000000000000000000000000000000000000000000000000000
000000000000000000000000000000000000000000000000000000000000000000000000
111110000000000000000000000001111111111110000000011000000001111111111000
011111000000000000000000000000011111111000000000011000000000011111110000
000111000000000000000000000000001111100000000000111100000000000111000000
000011000000000000000000000000000111100000000000111100000000000111000000
000011000000000000000000000000000111110000000001111100000000000110000000
000011000000000000000000000000000011110000000001111110000000001110000000
000000000000000000000000000000000011110000000011111110000000001100000000
000000000000000000000000000000000011110000000011011111000000001100000000
000000000000000000000000000000000011111000000011001111000000011000000000
100000000000000000000000000000000001111000000110001111000000011000000000
111100000000000000000000000000000001111000000110001111100000011000000000
111111000000000000000000000000000001111100001100000111100000110000000000
111111100000000000000000000000000000111100001100000111110000110000000000
111111100000000000000000000000000000111100011000000011110001100000000000
001111110000000000000000000000000000111110011000000011110001100000000000
000011110000000000000000000000000000011110111000000011111001000000000000
000011110000000000000000000000000000011110110000000001111011000000000000
000011100000000000000000000000000000011111110000000001111111000000000000
000011100000000000000000000000000000011111100000000000111110000000000000
000111100000000000000000000000000000001111100000000000111110000000000000
000111000000000000000000000000000000001111000000000000111110000000000000
011100000000000000000000000000000000001111000000000000011100000000000000
111000000000000000000000000000000000000111000000000000011100000000000000
000000000000000000000000000000000000000000000000000000000000000000000000
000000000000000000000000000000000000000000000000000000000000000000000000
000000000000000000000000000000000000000000000000000000000000000000000000
000000000000000000000000000000000000000000000000000000000000000000000000
000000000000000000000000000000000000000000000000000000000000000000000000
000000000000000000000000000000000000000000000000000000000000000000000000
000000000000000000000000000000000000000000000000000000000000000000000000
000000000000000000000000000000000000000000000000000000000000000000000000
000000000000000000000000000000000000000000000000000000000000000000000000
000000000000000000000000000000000000000000000000000000000000000000000000
000000000000000000000000000000000000000000000000000000000000000000000000
000000000000000000000000000000000000000000000000000000000000000000000000
000000000000000000000000000000000000000000000000000000000000000000000000
000000000000000000000000000000000000000000000000000000000000000000000000
000000000000000000000000000000000000000000000000000000000000000000000000
000000000000000000000000000000000000000000000000000000000000000000000000
000000000000000000000000000000000000000000000000000000000000000000000000
000000000000000000000000000000000000000000000000000000000000000000000000
000000000000000000000000000000000000000000000000000000000000000000000000
000000000000000000000000000000000000000000000000000000000000000000000000
000000000000000000000000000000000000000000000000000000000000000000000000
000000000000000000000000000000000000000000000000000000000000000000000000
000000000000000000000000000000000000000000000000000000000000000000000000
000000000000000000000000000000000000000000000000000000000000000000000000
000000000000000000000000000000000000000000000000000000000000000000000000
000000000000000000000000000000000000000000000000000000000000000000000000
000000000000000000000000000000000000000000000000000000000000000000000000
000000000000000000000000000000000000000000000000000000000000000000000000
000000000000000000000000000000000000000000000000000000000000000000000000
000000000000000000000000000000000000000000000000000000000000000000000000
000000000000000000000000000000000000000000000000000000000000000000000000
000000000000000000000000000000000000000000000000000000000000000000000000
000000000000000000000000000000000000000000000000000000000000000000000000
000000000000000000000000000000000000000000000000000000000000000000000000
000000000000000000000000000000000000000000000000000000000000000000000000
000000000000000000000000000000000000000000000000000000000000000000000000
000000000000000000000000000000000000000000000000000000000000000000000000
000000000000000000000000000000000000000000000000000000000000000000000000
000000000000000000000000000000000000000000000000000000000000000000000000
000000000000000000000000000000000000000000000000000000000000000000000000
