000000000000000000000000000000000000011111111000000000000000000000000000
000000000000000000000000000000000000000001111000000000000000000000000000
000000000000000000000000000000000000000001111000000000000000000000000000
000000000000000000000000000011000000000001111000000000000000000000000000
000000000000000000000000001111000000000001111000000000000000000000000000
000000000000000000000000011111000000000001111000000000000000000000000000
000000000000000000000000011111000000000001111000000000000000000000000000
000000000000000000000000011110000000000001111000000000000000000000000000
000000000000000000000000011110000000000001111000000000000000000000000000
000000000000000000000000011110000000000001111000000000000000000000000000
000000000000000000000000011110000000000001111000000011000000000000000000
111111110000000000000000011110000000000001111000011111111100000000000000
111111100000000000000000011111111111000001111000111111111110000000000001
001110000000000000000011111111111111000001111001111111111111000000000011
001110000000000000000111111111111111000001111011000000011111000000000111
001100000000000000000000011110000000000001111110000000001111100000000110
011100000000000000000000011110000000000001111100000000001111100000000110
011000000000000000000000011110000000000001111000000000000111100000000000
111000000000000000000000011110000000000001111000000000000111100000000000
110000000000000000000000011110000000000001111000000000000111100000000000
110000000000000000000000011110000000000001111000000000000111100000000000
100000000000000000000000011110000000000001111000000000000111100000000000
100000000000000000000000011110000000000001111000000000000111100000000011
000000000000000000000000011110000000000001111000000000000111100000000111
000000000000000000000000011110000000000001111000000000000111100000001111
000000000000000000000000011110000000000001111000000000000111100000001111
000000000000000000000000011110000000000001111000000000000111100000011111
000000000000000000000000011110000000000001111000000000000111100000011110
000000000000000000000000011110000000000001111000000000000111100000011111
000000000000000000000000011111000000000001111000000000000111100000011111
000000000000000000000000011111000000000001111000000000000111100000011111
000000000000000000000000001111111110000001111000000000000111100000001111
000000000000000000000000001111111100011111111111100000000111111110000111
000000000000000000000000000111111100011111111111100000000111111110000011
000000000000000000000000000000000000000000000000000000000000000000000000
000000000000000000000000000000000000000000000000000000000000000000000000
000000000000000000000000000000000000000000000000000000000000000000000000
000000000000000000000000000000000000000000000000000000000000000000000000
000000000000000000000000000000000000000000000000000000000000000000000000
000000000000000000000000000000000000000000000000000000000000000000000000
000000000000000000000000000000000000000000000000000000000000000000000000
000000000000000000000000000000000000000000000000000000000000000000000000
000000000000000000000000000000000000000000000000000000000000000000000000
000000000000000000000000000000000000000000000000000000000000000000000000
000000000000000000000000000000000000000000000000000000000000000000000000
000000000000000000000000000000000000000000000000000000000000000000000000
000000000000000000000000000000000000000000000000000000000000000000000000
000000000000000000000000000000000000000000000000000000000000000000000000
000000000000000000000000000000000000000000000000000000000000000000000000
000000000000000000000000000000000000000000000000000000000000000000000000
000000000000000000000000000000000000000000000000000000000000000000000000
000000000000000000000000000000000000000000000000000000000000000000000000
000000000000000000000000000000000000000000000000000000000000000000000000
000000000000000000000000000000000000000000000000000000000000000000000000
000000000000000000000000000000000000000000000000000000000000000000000000
000000000000000000000000000000000000000000000000000000000000000000000000
000000000000000000000000000000000000000000000000000000000000000000000000
000000000000000000000000000000000000000000000000000000000000000000000000
000000000000000000000000000000000000000000000000000000000000000000000000
000000000000000000000000000000000000000000000000000000000000000000000000
000000000000000000000000000000000000000000000000000000000000000000000000
000000000000000000000000000000000000000000000000000000000000000000000000
000000000000000000000000000000000000000000000000000000000000000000000000
000000000000000000000000000000000000000000000011111111111111111111111000
000000000000000000000000000000000000000000000000001111111110001111111110
000000000000000000000000000000000000000000000000000111110000000000111111
000000000000000000000000000000000000000000000000000111110000000000011111
000000000000000000000000000000000000000000000000000111110000000000001111
000000000000000000000000000000000000000000000000000111110000000000001111
000000000000000000000000000000000000000000000000000111110000000000000111
000000000000000000000000000000000000000000000000000111110000000000000111
000000000000000000000000000000000000000000000000000111110000000000000111
000000000000000000000000000000000000000000000000000111110000000000000111
000000000000000000000000000000000000000000000000000111110000000000000111
001111111111100000011111111100000000000000000000000111110000000000001111
001111111111100000011111111100000000000000000000000111110000000000001111
000011111100000000000011110000000000000000000000000111110000000000011111
000001111100000000000011100000000000000000000000000111110000000000111110
000000111100000000000011000000000000000000000000000111110000000001111100
000000111110000000000111000000000000000000000000000111110001111111110000
000000111110000000000110000000000000000000000000000111110001111110000000
000000011110000000000110000000000000000000000000000111110000000000000000
000000011111000000001100000000000000000000000000000111110000000000000000
000000001111000000001100000000000000000000000000000111110000000000000000
000000001111000000011100000000000000000000000000000111110000000000000000
000000001111100000011000000000000000000000000000000111110000000000000000
000000000111100000011000000000000000000000000000000111110000000000000000
000000000111110000110000000000000000000000000000000111110000000000000000
000000000011110000110000000000000000000000000000000111110000000000000000
000000000011110001100000000000000000000000000000000111110000000000000000
000000000001111001100000000000000000000000000000000111110000000000000000
000000000001111001100000000000000000000000000000000111110000000000000000
000000000001111111000000000000000000000000000000000111110000000000000000
000000000000111111000000000000000000000000000000000111110000000000000000
000000000000111110000000000000000000000000000000000111110000000000000000
000000000000011110000000000000000000000000000000011111111100000000000000
000000000000011100000000000000000000000000000011111111111111100000000000
000000000000011100000000000000000000000000000000000000000000000000000000
000000000000011000000000000000000000000000000000000000000000000000000000
000000000000011000000000000000000000000000000000000000000000000000000000
000000000000011000000000000000000000000000000000000000000000000000000000
000000000000110000000000000000000000000000000000000000000000000000000000
000000000000110000000000000000000000000000000000000000000000000000000000
000000000001100000000000000000000000000000000000000000000000000000000000
000000000001100000000000000000000000000000000000000000000000000000000000
000000000011000000000000000000000000000000000000000000000000000000000000
000000000111000000000000000000000000000000000000000000000000000000000000
000011001110000000000000000000000000000000000000000000000000000000000000
000111111110000000000000000000000000000000000000000000000000000000000000
000111111100000000000000000000000000000000000000000000000000000000000000
000111110000000000000000000000000000000000000000000000000000000000000000
000000000000000000000000000000000000000000000000000000000000000000000000
000000000000000000000000000000000000000000000000000000000000000000000000
000000000000000000000000000000000000000000000000000000000000000000000000
000000000000000000000000000000000000000000000000000000000000000000000000
000000000000000000000000000000000000000000000000000000000000000000000000
000000000000000000000000000000000000000000000000000000000000000000000000
000000000000000000000000000000000000000000000000000000000000000000000000
000000000000000000000000000000000000000000000000000000000000000000000000
000000000000000000000000000000000000000000000000000000000000000000000000
000000000000000000000000000000000000000000000000000000000000000000000000
000000000000000000000000000000000000000000000000000000000000000000000000
000000000000000000000000000000000000000000000000000000000000000000000000
000000000000000000000000000000000000000000000000000000000000000000000000
000000000000000000000000000000000000000000000000000000000000000000000000
000000000000000000000000000000000000000000000000000000000000000000000000
000000000000000000000000000000000000000000000000000000000000000000000000
000000000000000000000000000000000000000000000000000000000000000000000000
000000000000000000000000000000000000000000000000000000000000000000000000
000000000000000000000000000000000000000000000000000000000000000000000000
000000000000000000000000000000000000000000000000000000000000000000000000
000000000000000000000000000000000000000000000000000000000000000000000000
000000000000000000000000000000000000000000000000000000000000000000000000
000000000000000000000000000000000000000000000000000000000000000000000000
000000000000000000000000000000000000000000000000000000000000000000000000
000000000000000000000000000000000000000000000000000000000000000000000000
000000000000000000000000000000000000000000000000000000000000000000000000
011111100000000111111111110000001111111110000000000001111110000000000000
111111111100000111111111110000001111111110000000001111111111110000000011
000000111110000000111110000000000001111000000000011100000011111000001111
000000011110000000111110000000000001110000000001111000000001111000000001
000000001111000000011110000000000001110000000011110000000000111100000000
000000001111000000011111000000000001100000000011110000000000111100000000
000000001111100000001111000000000001100000000111100000000000111110000000
000000000111100000001111100000000011000000000111100000000000011110000000
000000000111100000001111100000000011000000000111100000000000011110000000
000000000111100000000111100000000110000000001111100000000000011110000000
111111111111100000000111110000000110000000001111111111111111111110000000
111111111100000000000011110000000100000000001111111111111111110000000000
000000000000000000000011111000001100000000001111100000000000000000000000
000000000000000000000001111000001000000000001111100000000000000000000000
000000000000000000000001111000011000000000001111100000000000000000000000
000000000000000000000001111100011000000000001111100000000000000000000000
000000000000000000000000111100110000000000000111110000000000000000000000
000000000000000000000000111110110000000000000111110000000000000000000000
000000000000000000000000011111100000000000000111111000000000000000000000
000000000001000000000000011111100000000000000011111100000000000100000000
100000000011000000000000011111000000000000000001111110000000001100000000
111100011110000000000000001111000000000000000000111111110001111000000001
111111111100000000000000001111000000000000000000011111111111110000001111
111111110000000000000000000110000000000000000000000111111111000000000000
000000000000000000000000000000000000000000000000000000000000000000000000
000000000000000000000000000000000000000000000000000000000000000000000000
000000000000000000000000000000000000000000000000000000000000000000000000
000000000000000000000000000000000000000000000000000000000000000000000000
000000000000000000000000000000000000000000000000000000000000000000000000
000000000000000000000000000000000000000000000000000000000000000000000000
000000000000000000000000000000000000000000000000000000000000000000000000
000000000000000000000000000000000000000000000000000000000000000000000000
000000000000000000000000000000000000000000000000000000000000000000000000
000000000000000000000000000000000000000000000000000000000000000000000000
000000000000000000000000000000000000000000000000000000000000000000000000
000000000000000000000000000000000000000000000000000000000000000000000000
000000000000000000000000000000000000000000000000000000000000000000000000
000000000000000000000000000000000000000000000000000000000000000000000000
000000000000000000000000000000000000000000000000000000000000000000000000
000000000000000000000000000000000000000000000000000000000000000000000000
000000000000000000000000000000000000000000000000000000000000000000000000
000000000000000000000000000000000000000000000000000000000000000000000000
