000000000000000000000000000000000000000000000000000000000000000000000000
000000000000000000000000000000000000000000000000000000000000000000000000
000000000000000000000000000000000000000000000000000000000000000000000000
000000000000000000000000001100000000000000000000000000000000000000000000
000000000000000000000000111100000000000000000000000000000000000000000000
000000000000000000000001111100000000000000000000000000000000000000000000
000000000000000000000001111100000000000000000000000000000000000000000000
000000000000000000000001111100000000000000000000000000000000000000000000
000000000000000000000001111100000000000000000000000000000000000000000000
000000000000000000000001111100000000000000000000000000000000000000000000
000001100000000000000001111000000000000000000000000000001110000000000000
011111111100000000000001111000000000000000000000000011111111111000000000
111111111111000000000001111111111100000000000000000111000001111100000000
100000111111000000001111111111111100000000000000011100000000011100000000
000000001111100000001111111111111100000000000000011100000000001100000000
000000000111100000000001111000000000000000000000111100000000001100000001
000000000111100000000001111000000000000000000000111100000000001100000011
000000000111110000000001111000000000000000000000111100000000000000000011
000000000011110000000001111000000000000000000000111110000000000000000011
000000000111110000000001111000000000000000000000111111100000000000000111
000011111111110000000001111000000000000000000000011111111110000000000111
011111100011110000000001111000000000000000000000001111111111110000000111
111000000011110000000001111000000000000000000000000111111111111100000111
100000000011110000000001111000000000000000000000000001111111111110000111
000000000011110000000001111000000000000000000000000000000111111110000111
000000000011110000000001111000000000000000000000000000000000111111000111
000000000011110000000001111000000000000000000000000000000000011111000111
000000000011110000000001111000000000000000000000110000000000001111000011
000000000111110000000001111100000000000000000000110000000000001110000011
000000001111110000000001111100000000000000000000110000000000001110000011
100000111011110000000001111100000000000000000000110000000000011100000001
110011100011110000000000111111111000000000000000111000000000111100000000
111111000111111110000000111111111000000000000000111110000001110000000000
111100000111111110000000011111110000000000000000111111111111100000000000
000000000000000000000000000000000000000000000000000111111100000000000000
000000000000000000000000000000000000000000000000000000000000000000000000
000000000000000000000000000000000000000000000000000000000000000000000000
000000000000000000000000000000000000000000000000000000000000000000000000
000000000000000000000000000000000000000000000000000000000000000000000000
000000000000000000000000000000000000000000000000000000000000000000000000
000000000000000000000000000000000000000000000000000000000000000000000000
000000000000000000000000000000000000000000000000000000000000000000000000
000000000000000000000000000000000000000000000000000000000000000000000000
000000000000000000000000000000000000000000000000000000000000000000000000
000000000000000000000000000000000000000000000000000000000000000000000000
000000000000000000000000000000000000000000000000000000000000000000000000
000000000000000000000000000000000000000000000000000000000000000000000000
000000000000000000000000000000000000000000000000000000000000000000000000
000000000000000000000000000000000000000000000000000000000000000000000000
000000000000000000000000000000000000000000000000000000000000000000000000
000000000000000000000000000000000000000000000000000000000000000000000000
000000000000000000000000000000000000000000000000000000000000000000000000
000000000000000000000000000000000000000000000000000000000000000000000000
000000000000000000000000000000000000000000000000000000000000000000000000
000000000000000000000000000000000000000000000000000000000000000000000000
000000000000000000000000000000000000000000000000000000000000000000000000
000000000000000000000000000000000000000000000000000000000000000000000000
000000000000000000000000000000000000000000000000000000000000000000000000
000000000000000000000000000000000000000000000000000000000000000000000000
000000000000000000000000000000000000000000000000000000000000000000000000
000000000000000000000000000000000000000000000000000000000000000000000000
000000000000000000000000000000000000000000000000000000000000000001100000
000000000000000000000000000000000000000000000000000000000000111111100000
000000000000000000000000000000000000000000000000000000000001111111100000
000000000000000000000000000000000000000000000000000000000000000111100000
000000000000000000000000000000000000000000000000000000000000000111100000
100000000000000000000000000000000000000000000000000000000000000111100000
100000000000000000000000000000000000000000000000000000000000000111100000
110000000000000000000000000000000000000000000000000000000000000111100000
110000000000000000000000000000000000000000000000000000000000000111100000
110000000000000000000000000000000000000000000000000000000000000111100000
110000000000000000000000000000000000000000000000000000000000000111100000
110000000000000000000000000000000000000000000000000000000000000111100000
100000000000000000000000000000000000000000000000000000000000000111100000
100000000001111111110000000000000011100000000000001110000000000111100000
000000000111111111111000000000111111100000000011111110000000000111100000
000000011110000111111100000001111111100000000111111110000000000111100000
000000011000000001111100000000001111100000000000111110000000000111100000
000000011000000000111110000000000111100000000000011110000000000111100000
000000010000000000011110000000000111100000000000011110000000000111100000
000000000000000000011110000000000111100000000000011110000000000111100000
000000000000000000011110000000000111100000000000011110000000000111100000
000000000000000000011110000000000111100000000000011110000000000111100000
000000000000000111111110000000000111100000000000011110000000000111100000
000000000001111111011110000000000111100000000000011110000000000111100000
000000001111100000011110000000000111100000000000011110000000000111100000
000000011110000000011110000000000111100000000000011110000000000111100000
000000111100000000011110000000000111100000000000011110000000000111100000
000001111100000000011110000000000111100000000000011110000000000111100000
000001111000000000011110000000000111100000000000011110000000000111100000
000001111000000000011110000000000111100000000000111110000000000111100000
000001111000000000011110000000000111110000000000111110000000000111100000
000001111000000000111110000000000111110000000001111110000000000111100000
000001111100000011011110000000000111111000000011011110000000000111100000
000001111111001110011110000000000011111110011110011110000000000111110000
000000111111111100011111000000000011111111111100011111100000011111111000
000000011111110000011111111000000001111111110000011111111001111111111111
000000000011000000000000000000000000001111000000000000000000000000000000
000000000000000000000000000000000000000000000000000000000000000000000000
000000000000000000000000000000000000000000000000000000000000000000000000
000000000000000000000000000000000000000000000000000000000000000000000000
000000000000000000000000000000000000000000000000000000000000000000000000
000000000000000000000000000000000000000000000000000000000000000000000000
000000000000000000000000000000000000000000000000000000000000000000000000
000000000000000000000000000000000000000000000000000000000000000000000000
000000000000000000000000000000000000000000000000000000000000000000000000
000000000000000000000000000000000000000000000000000000000000000000000000
000000000000000000000000000000000000000000000000000000000000000000000000
000000000000000000000000000000000000000000000000000000000000000000000000
000000000000000000000000000000000000000000000000000000000000000000000000
000000000000000000000000000000000000000000000000000000000000000000000000
000000000000000000000000000000000000000000000000000000000000000000000000
000000000000000000000000000000000000000000000000000000000000000000000000
000000000000000000000000000000000000000000000000000000000000000000000000
000000000000000000000000000000000000000000000000000000000000000000000000
000000000000000000000000000000000000000000000000000000000000000000000000
000000000000000000000000000000000000000000000000000000000000000000000000
000000000000000000000000000000000000000000000000000000000000000000000000
000000000000000000000000000000000000000000000000000000000000000000000000
000000000000000000000000000000000000000000000000000000000000000000000000
000000000000000000000000000000000000000000000000000000000000000000000000
000000000000000000000000000000000000000000000000000000000000000000000000
000000000000000000000000000000000000000000000000000000000000000000000000
000000000000000000000000000000000000000000000000000000000000000000000000
000000000000000000000000000000000000000000000000000000000000000000000000
000000000000000000000000000000000000000000000000000000000000000000000000
000000000000000000000000000000000000000000000000000000000000000000000000
000000000000000000000000000000000000000000000000000000000000000000000000
000000000000000000000000000000000000000000000000000000000000000000000000
000000000000000000000000000000000000000000000000000000000000000000000000
000000000000000000000000000000000000000000000000000000000000000000000000
000000000000000000000000000000000000000000000000000000000000000000000000
000000000000000000000000000000000000000000000000000000000000000000000000
000000000000000000000000000000000000000000000000000000000000000000000000
000000000000000000000000000000000000000000000000000000000000000000000000
000000000000000000000000000000000000000000000000000000000000000000000000
000000000000000000000000000000000000000000000000000000000000000000000000
001100000111100000000000000000000001100000111111110000000000000000110000
111100011111100000000000000000001111100001111111111100000000001111110000
111100111111100000000000000001111111100011111111111110000001111111110000
111101111111100000000000000000001111100111000001111111000000000111110000
111101100011100000000000000000000111111100000000011111100000000111110000
111111000001100000000000000000000111111000000000001111100000000111110000
111110000000000000000000000000000111110000000000000111110000000111110000
111100000000000000000000000000000111100000000000000111110000000111110000
111100000000000000000000000000000111100000000000000111110000000111110000
111100000000000000000000000000000111100000000000000011110000000111110000
111100000000000000000000000000000111100000000000000011110000000111110000
111100000000000000000000000000000111100000000000000011110000000111110000
111100000000000000000000000000000111100000000000000011110000000111110000
111100000000000000000000000000000111100000000000000011100000000111110000
111100000000000000000000000000000111100000000000000111100000000111110000
111100000000000000000000000000000111100000000000000111100000000111110000
111100000000000000000000000000000111100000000000000111000000000111110000
111100000000000000000000000000000111100000000000001110000000000011110000
111100000000000000000000000000000111110000000000001110000000000011110000
111100000000000000000000000000000111111000000000011100000000000011111000
111100000000000000000000000000000111111100000001110000000000000011111110
111110000000000000000000000000000111111111111111100000000000000001111111
111111111000000000000000000000000111111111111110000000000000000000111111
000000000000000000000000000000000111100011111000000000000000000000001111
000000000000000000000000000000000111100000000000000000000000000000000000
000000000000000000000000000000000111100000000000000000000000000000000000
000000000000000000000000000000000111100000000000000000000000000000000000
000000000000000000000000000000000111100000000000000000000000000000000000
000000000000000000000000000000000111100000000000000000000000000000000000
000000000000000000000000000000000111100000000000000000000000000000000000
000000000000000000000000000000000111100000000000000000000000000000000000
000000000000000000000000000000000111100000000000000000000000000000000000
000000000000000000000000000000000111100000000000000000000000000000000000
000000000000000000000000000000000111100000000000000000000000000000000000
000000000000000000000000000000000111110000000000000000000000000000000000
000000000000000000000000000000001111111000000000000000000000000000000000
000000000000000000000000000001111111111110000000000000000000000000000000
000000000000000000000000000000000000000000000000000000000000000000000000
000000000000000000000000000000000000000000000000000000000000000000000000
000000000000000000000000000000000000000000000000000000000000000000000000
000000000000000000000000000000000000000000000000000000000000000000000000
000000000000000000000000000000000000000000000000000000000000000000000000
