000001111100000001111000000000000111100000000011111111111110000000000111
000001111100000001111000000000000111100000000001111111111111000000011111
000000111100000001111000000000000111100000000000001111111111100000111100
000001111100000001111000000000000111100000000000000000111111100001111100
000001111100000001111000000000000111100000000000000000000111100001111000
000001111000000001111000000000001111100000001000000000000111100001111000
000001111000000001111000000000001111100000001000000000000011100001111000
000001110000000001111000000000011111100000001000000000000011100001111000
000011110000000001111100000000111111100000001100000000000111000001111100
000111100000000001111111000011100111100000001100000000000111000001111110
000111000000000000111111111111000111100000001110000000011110000001111111
011100000000000000011111111110001111111110011111110001111000000000111111
110000000000000000001111111000000100000100001111111111100000000000001111
000000000000000000000000000000000000000000000000000000000000000000000000
000000000000000000000000000000000000000000000000000000000000000000000000
000000000000000000000000000000000000000000000000000000000000000000000000
000000000000000000000000000000000000000000000000000000000000000000000000
000000000000000000000000000000000000000000000000000000000000000000000000
000000000000000000000000000000000000000000000000000000000000000000000000
000000000000000000000000000000000000000000000000000000000000000000000000
000000000000000000000000000000000000000000000000000000000000000000000000
000000000000000000000000000000000000000000000000000000000000000000000000
000000000000000000000000000000000000000000000000000000000000000000000000
000000000000000000000000000000000000000000000000000000000000000000000000
000000000000000000000000000000000000000000000000000000000000000000000000
000000000000000000000000000000000000000000000000000000000000000000000000
000000000000000000000000000000000000000000000000000000000000000000000000
000000000000000000000000000000000000000000000000000000000000000000000000
000000000000000000000000000000000000000000000000000000000000000000000000
000000000000000000000000000000000000000000000000000000000000000000000000
000000000000000000000000000000000000000000000000000000000000000000000000
000000000000000000000000000000000000000000000000000000000000000000000000
000000000000000000000000000000000000000000000000000000000000000000000000
000000000000000000000000000000000000000000000000000000000000000000000000
000000000000000000000000000000000000000000000000000000000000000000000000
000000000000000000000000000000000000000000000000000000000000000000000000
000000000000000000000000000000000000000000000000000000000000000000000000
000000000000000000000000000000000000000000000000000000000000000000000000
000000000000000000000000000000000000000000000000000000000000000000000000
000000000000000000000000000000000000000000000000000000000000000000000000
000000000000000000000000000000000000000000000000000000000000000000000000
111111111100000000100000000000000000000000000000000000000000000000000000
111111111100000011111000000000000000000000000000000000000000000000000000
111111000000000011111000000000000000000000000000000000000000000000000000
011111000000000011111000000000000000000000000000000000000000000000000000
011111000000000011111000000000000000000000000000000000011000000000000000
011111000000000001110000000000000000000000000000000011111000000000000000
011110000000000000000000000000000000000000000000000011110000000000000000
011110000000000000000000000000000000000000000000000011110000000000000000
011110000000000000000000000000000000000000000000000011110000000000000000
011110000000000000000000000000000000000000000000000011110000000000000000
011110000000000000000000000000000000000000000000000011110000000000000000
011110000000000000001000000000000001111100000000000011110000000000000000
011110000000000001111000000000011111111111100000000011110000000000000000
011110000000011111111000000000111000000111110000000111111111111000000011
011110000000011111111000000001110000000001100000011111111111111000000111
111110000000000011111000000001110000000000100000111111111111110000001110
111110000000000001111000000011100000000000100000000011110000000000011110
111110000000000001111000000011100000000000100000000011110000000000111100
011110000000000001111000000011110000000000000000000011110000000000111100
011110000000000001111000000011111000000000000000000011110000000000111100
011110000000000001111000000011111110000000000000000011110000000001111100
011110000000000001111000000001111111111100000000000011110000000001111100
011110000000000001111000000000111111111111100000000011110000000001111100
011110000000000001111000000000011111111111110000000011110000000001111100
011110000000000001111000000000000011111111111000000011110000000001111100
011110000000000001111000000000000000001111111000000011110000000001111100
011110000000000001111000000000000000000011111000000011110000000001111100
011110000000000001111000000000000000000001111000000011110000000001111100
011110000000000001111000000011000000000000111000000011110000000000111110
011111000000000001111000000011000000000000111000000011110000000000111110
011111000000000001111000000011000000000000111000000011110000000000011111
011111000000000001111000000011000000000001110000000011111000010000011111
111111000000000011111000000011100000000011100000000011111111110000001111
111111111100011111111111100011111100001111000000000001111111100000000111
111111111100011111111111100011111111111100000000000000111111000000000001
000000000000000000000000000000001111100000000000000000000000000000000000
000000000000000000000000000000000000000000000000000000000000000000000000
000000000000000000000000000000000000000000000000000000000000000000000000
000000000000000000000000000000000000000000000000000000000000000000000000
000000000000000000000000000000000000000000000000000000000000000000000000
000000000000000000000000000000000000000000000000000000000000000000000000
000000000000000000000000000000000000000000000000000000000000000000000000
000000000000000000000000000000000000000000000000000000000000000000000000
000000000000000000000000000000000000000000000000000000000000000000000000
000000000000000000000000000000000000000000000000000000000000000000000000
000000000000000000000000000000000000000000000000000000000000000000000000
000000000000000000000000000000000000000000000000000000000000000000000000
000000000000000000000000000000000000000000000000000000000000000000000000
000000000000000000000000000000000000000000000000000000000000000000000000
000000000000000000000000000000000000000000000000000000000000000000000000
000000000000000000000000000000000000000000000000000000000000000000000000
000000000000000000000000000000000000000000000000000000000000000000000000
000000000000000000000000000000000000000000000000000000000000000000000000
000000000000000000000000000000000000000000000000000000000000000000000000
000000000000000000000000000000000000000000000000000000000000000000000000
000000000000000000000000000000000000000000000000000000000000000000000000
000000000000000000000000000000000000000000000000000000000000000000000000
000000000000000000000000000000000000000000000000000000000000000000000000
000000000000000000000000000000000000000000000000000000000000000000000000
000000000000000000000000000000000000000000000000000000000000000000000000
000000000000000000000000000000000000000000000000000000000000000000000000
000000000000000000000000000000000000000000000000000000000000000000000000
000000000000000000000000000000000000000000000000000000000000000000000000
000000000000000000000000000000000000000000000000000000000000000000000000
000000000000000000000000000000000000000000000000000000000000000000000000
000000000000000000000000000000000000000000000000000000000000000000000000
000000000000000000000000000000000000000000000000000000000000000000000000
000000000000000000000000000000000000000000000000000000000000000000000000
000000000000000000000000000000000000000000000000000000000000000000000000
000000000000000000000000000000000000000000000000000000000000000000000000
000000000000000000000000000000000000000000000000000000000000000000000000
000000000000000000000000000000000000000000000000000000000000000000000000
000000000000000000000000000000000000000000000000000000000000000000000000
000000000000000000000000000000000000000000000000000000000000000000000000
000011000000000000000000000000000000000000000000001000000000000000000000
111111111110000000000000000000000000000111100001111111100000000000000000
110000111110000000000000000000000001111111100011111111111000000000000011
000000001110000000000000000000000001111111100111111111111000000000000111
000000000110000000000000000000000000001111111100000011111100000000001110
000000000010000000000000000000000000000111110000000001111100000000011110
000000000010000000000000000000000000000111110000000000111110000000111100
000000000000000000000000000000000000000111100000000000111110000000111100
000000000000000000000000000000000000000111100000000000011110000000111100
110000000000000000000000000000000000000111100000000000011110000001111100
111111000000000000000000000000000000000111100000000000011110000001111100
111111111100000000000000000000000000000111100000000000011110000001111100
111111111110000000000000000000000000000111100000000000011110000001111100
011111111111000000000000000000000000000111100000000000011110000001111100
000011111111100000000000000000000000000111100000000000011110000001111100
000000001111100000000000000000000000000111100000000000011110000001111100
000000000111100000000000000000000000000111100000000000011110000001111100
000000000111100000000000000000000000000111100000000000011110000000111110
000000000111100000000000000000000000000111100000000000011110000000111110
000000000111000000000000000000000000000111100000000000011110000000111111
000000000111000000000000000000000000000111100000000000011110000000011111
000000001110000000000000000000000000001111100000000000011110000000001111
100000111100000000000000000000000001111111111110000000011111110000000111
111111110000000000000000000000000001111111111110000000011111111000000011
111110000000000000000000000000000000000000000000000000000000000000000000
000000000000000000000000000000000000000000000000000000000000000000000000
000000000000000000000000000000000000000000000000000000000000000000000000
000000000000000000000000000000000000000000000000000000000000000000000000
000000000000000000000000000000000000000000000000000000000000000000000000
000000000000000000000000000000000000000000000000000000000000000000000000
000000000000000000000000000000000000000000000000000000000000000000000000
000000000000000000000000000000000000000000000000000000000000000000000000
000000000000000000000000000000000000000000000000000000000000000000000000
000000000000000000000000000000000000000000000000000000000000000000000000
000000000000000000000000000000000000000000000000000000000000000000000000
000000000000000000000000000000000000000000000000000000000000000000000000
000000000000000000000000000000000000000000000000000000000000000000000000
000000000000000000000000000000000000000000000000000000000000000000000000
000000000000000000000000000000000000000000000000000000000000000000000000
000000000000000000000000000000000000000000000000000000000000000000000000
000000000000000000000000000000000000000000000000000000000000000000000000
000000000000000000000000000000000000000000000000000000000000000000000000
000000000000000000000000000000000000000000000000000000000000000000000000
000000000000000000000000000000000000000000000000000000000000000000000000
000000000000000000000000000000000000000000000000000000000000000000000000
000000000000000000000000000000000000000000000000000000000000000000000000
000000000000000000000000000000000000000000000000000000000000000000000000
000000000000000000000000000000000000000000000000000000000000000000000000
000000000000000000000000000000000000000000000000000000000000000000000000
000000000000000000000000000000000000000000000000000000000000000000000000
000000000000000000000000000000000000000000000000000000000000000000000000
000000000000000000000000000000000000000000000000000000000000000000000000
000000000000000000000000000000000000000000000000000000000000000000000000
000000000000000000000000000000000000000000000000000000000000000000000000
000000000000000000000000000000000000000000000000000000000000000000000000
000000000000000000000000000000000000000000000000000000000000000000000000
000000000000000000000000000000000000000000000000000000000000000000000000
000000000000000000000000000000000000000000000000000000000000000000000000
000000000000000000000000000000000000000000000000000000000000000000000000
000000000000000000000000000000000000000000000000000000000000000000000000
000000000000000000000000000000000000000000000000000000000000000000000000
000000000000000000000000000000000000000000000000000000000000000000000000
000000000000000000000000000000000000000000000000000000000000000000000000
000000000000000000000000000000000000000000000000000000000000000000000000
