000000000000000000000000000011111000001100001111000001100000000001111100
000000000000000000000000000001111000011000001111000001100000000001111100
000000000000000000000000000001111000011000001111100001100000000001111100
000000000000000000000000000001111000110000000111100011000000000001111100
000000000000000000000000000001111100110000000111110011000000000001111100
000000000000000000000000000000111101100000000011110010000000000000111110
000000000000000000000000000000111101100000000011110110000000000000111110
000000000000000000000000000000111111100000000011111110000000000000111110
000000000000000000000000000000011111000000000001111100000000000000011111
000000000000000000000000000000011111000000000001111100000000000000001111
000000000000000000000000000000011110000000000000111100000000000000001111
110000000000000000000000000000001110000000000000111000000000000000000011
100000000000000000000000000000001100000000000000011000000000000000000001
000000000000000000000000000000000000000000000000000000000000000000000000
000000000000000000000000000000000000000000000000000000000000000000000000
000000000000000000000000000000000000000000000000000000000000000000000000
000000000000000000000000000000000000000000000000000000000000000000000000
000000000000000000000000000000000000000000000000000000000000000000000000
000000000000000000000000000000000000000000000000000000000000000000000000
000000000000000000000000000000000000000000000000000000000000000000000000
000000000000000000000000000000000000000000000000000000000000000000000000
000000000000000000000000000000000000000000000000000000000000000000000000
000000000000000000000000000000000000000000000000000000000000000000000000
000000000000000000000000000000000000000000000000000000000000000000000000
000000000000000000000000000000000000000000000000000000000000000000000000
000000000000000000000000000000000000000000000000000000000000000000000000
000000000000000000000000000000000000000000000000000000000000000000000000
000000000000000000000000000000000000000000000000000000000000000000000000
000000000000000000000000000000000000000000000000000000000000000000000000
000000000000000000000000000000000000000000000000000000000000000000000000
000000000000000000000000000000000000000000000000000000000000000000000000
000000000000000000000000000000000000000000000000000000000000000000000000
000000000000000000000000000000000000000000000000000000000000000000000000
000000000000000000000000000000000000000000000000000000000000000000000000
000000000000000000000000000000000000000000000000000000000000000000000000
000000000000000000000000000000000000000000000000000000000000000000000000
000000000000000000000000000000000000000000000000000000000000000000000000
000000000000000000000000000000000000000000000000000000000000000000000000
000000000000000000000000000000000000000000000000000000000000000000000000
000000000000000000000000000000000000000000000000000000000000000000000000
000000000000000000000000000000000000000000000000000000000000000000000000
000000000000000000000000000000000000000000000000000000000000000000000000
000000000000000000000000000000000000000000000000000000000000000000000000
000000000000000000000000000000000000000000000000000000000000000000000000
000000000000000000000000000000000000000000000000000000000000000000000000
000000000000000000000000000000000000000000000000000000000000000000000000
000000000000000000000000000000000000000000000000000000000000000000000000
000000000000000000000000000000000000000000000000000000000000000000000000
000000000000000000000000000000000000000000000000000000000000000000000000
000000000000000000000000000000000000000000000000000000000000000000000000
000000000000000000000000000000000000000000000000000000000000000000000000
000000000000000000000000000000000000000000000000000000000000000000000000
000000000000000000010000011100000000000011111000000000000000010000001111
000000000000000011110001111110000000011111111110000000000011110000111111
000000000000111111110011111110000000111000001111100000111111110001111111
000000000000111111110011111110000011110000000111110000111111110011111111
000000000000000111110111111110000111100000000011110000000111110110000000
000000000000000011111100000110001111000000000011111000000011111000000000
000000000000000011111000000110001111000000000001111000000011111000000000
000000000000000011110000000000011111000000000001111000000011110000000000
000000000000000011110000000000011110000000000001111100000011110000000000
000000000000000011110000000000011110000000000001111100000011110000000000
000000000000000011110000000000011111111111111111111100000011110000000000
000000000000000011110000000000011111111111111111111000000011110000000000
000000000000000011110000000000011110000000000000000000000011110000000000
000000000000000011110000000000011110000000000000000000000011110000000000
000000000000000011110000000000011110000000000000000000000011110000000000
000000000000000011110000000000011111000000000000000000000011110000000000
000000000000000011110000000000011111000000000000000000000011110000000000
000000000000000011110000000000011111000000000000000000000011110000000000
000000000000000011110000000000001111100000000000000000000011110000000000
000000000000000011110000000000001111110000000000000000000011111000000000
000000000000000011110000000000000111111000000000011000000011111100000000
000000000000000111110000000000000011111110000001110000000011111111100011
000000000000111111111111100000000001111111111111100000000011111111111111
000000000000111111111111100000000000011111111110000000000011110111111110
000000000000000000000000000000000000000011100000000000000011110000000000
000000000000000000000000000000000000000000000000000000000011110000000000
000000000000000000000000000000000000000000000000000000000011110000000000
000000000000000000000000000000000000000000000000000000000011110000000000
000000000000000000000000000000000000000000000000000000000011110000000000
000000000000000000000000000000000000000000000000000000000011110000000000
000000000000000000000000000000000000000000000000000000000011110000000000
000000000000000000000000000000000000000000000000000000000011110000000000
000000000000000000000000000000000000000000000000000000000011110000000000
000000000000000000000000000000000000000000000000000000000011110000000000
000000000000000000000000000000000000000000000000000000000011110000000000
000000000000000000000000000000000000000000000000000000000111110000000000
000000000000000000000000000000000000000000000000000000111111111111000000
000000000000000000000000000000000000000000000000000000111100001111000000
000000000000000000000000000000000000000000000000000000000000000000000000
000000000000000000000000000000000000000000000000000000000000000000000000
000000000000000000000000000000000000000000000000000000000000000000000000
000000000000000000000000000000000000000000000000000000000000000000000000
000000000000000000000000000000000000000000000000000000000000000000000000
000000000000000000000000000000000000000000000000000000000000000000000000
000000000000000000000000000000000000000000000000000000000000000000000000
000000000000000000000000000000000000000000000000000000000000000000000000
000000000000000000000000000000000000000000000000000000000000000000000000
000000000000000000000000000000000000000000000000000000000000000000000000
000000000000000000000000000000000000000000000000000000000000000000000000
000000000000000000000000000000000000000000000000000000000000000000000000
000000000000000000000000000000000000000000000000000000000000000000000000
000000000000000011100000000000000000000000001110000000000000000000000000
000000000000111111100000000000000000000111111110000000000000000000000000
000000000001111111100000000000000000000111111110000000000000000000000000
000000000000000111100000000000000000000000111110000000000000000000000000
000000000000000111100000000000000000000000011110000000000000000000000000
000000000000000111100000000000000000000000011110000000000000000000000000
000000000000000111100000000000000000000000011110000000000000000000000000
000000000000000111100000000000000000000000011110000000000000000000000000
000000000000000111100000000000000000000000011110000000000000000000000000
000000000000000111100000000000000000000000011110000000000000000000000000
000000000000000111100000000000000000000000011110000000000000000000000000
000000000000000111100000000000000000000000011110000000000000000000000000
000000000000000111100000000010000000000000011110000000011000000000000000
111100000000000111100000111111110000000000011110000111111111000000000000
111111000000000111100011111111111100000000011110001111111111100000000000
001111100000000111100111111111111110000000011110011111111111110000000000
000111110000000111101110000001111111000000011110111000000111111000000001
000111110000000111111000000000111111000000011111100000000011111100000011
000011111000000111110000000000011111000000011111000000000001111100000011
000001111000000111110000000000001111100000011110000000000001111100000111
000001111100000111100000000000001111100000011110000000000000111110000111
000001111100000111100000000000000111100000011110000000000000111110000111
000001111100000111100000000000000111100000011110000000000000111110001111
000000111100000111100000000000000111100000011110000000000000111110001111
000000111100000111100000000000000111100000011110000000000000111110001111
000000111100000111100000000000000111100000011110000000000000111100001111
000000111100000111100000000000000111100000011110000000000000111100001111
000000111100000111100000000000000111000000011110000000000000111100001111
000001111100000111100000000000001111000000011110000000000000111000000111
000001111000000111100000000000001110000000011110000000000001111000000111
000001111000000111100000000000011110000000011110000000000001110000000111
000001110000000111110000000000011100000000011110000000000011100000000011
000011100000000111111000000000110000000000011111000000000111000000000011
000111000000000111111110000011100000000000011111111000011100000000000001
001110000000000111111111111111000000000000011111111111111000000000000000
111000000000000110011111111100000000000000110001111111110000000000000000
000000000000000000000000000000000000000000000000000000000000000000000000
000000000000000000000000000000000000000000000000000000000000000000000000
000000000000000000000000000000000000000000000000000000000000000000000000
000000000000000000000000000000000000000000000000000000000000000000000000
000000000000000000000000000000000000000000000000000000000000000000000000
000000000000000000000000000000000000000000000000000000000000000000000000
000000000000000000000000000000000000000000000000000000000000000000000000
000000000000000000000000000000000000000000000000000000000000000000000000
000000000000000000000000000000000000000000000000000000000000000000000000
000000000000000000000000000000000000000000000000000000000000000000000000
000000000000000000000000000000000000000000000000000000000000000000000000
000000000000000000000000000000000000000000000000000000000000000000000000
000000000000000000000000000000000000000000000000000000000000000000000000
000000000000000000000000000000000000000000000000000000000000000000000000
000000000000000000000000000000000000000000000000000000000000000000000000
000000000000000000000000000000000000000000000000000000000000000000000000
000000000000000000000000000000000000000000000000000000000000000000000000
000000000000000000000000000000000000000000000000000000000000000000000000
000000000000000000000000000000000000000000000000000000000000000000000000
000000000000000000000000000000000000000000000000000000000000000000000000
000000000000000000000000000000000000000000000000000000000000000000000000
000000000000000000000000000000000000000000000000000000000000000000000000
000000000000000000000000000000000000000000000000000000000000000000000000
000000000000000000000000000000000000000000000000000000000000000000000000
000000000000000000000000000000000000000000000000000000000000000000000000
000000000000000000000000000000000000000000000000000000000000000000000000
000000000000000000000000000000000000000000000000000000000000000000000000
000000000000000000000000000000000000000000000000000000000000000000000000
000000000000000000000000000000000000000000000000000000000000000000000000
000000000000000000000000000000000000000000000000000000000000000000000000
000000000000000000000000000000000000000000000000000000000000000000000000
000000000000000000000000000000000000000000000000000000000000000000000000
000000000000000000000000000000000000000000000000000000000000000000000000
000000000000000000000000000000000000000000000000000000000000000000000000
000000000000000000000000000000000000000000000000000000000000000000000000
000000000000000000000000000000000000000000000000000000000000000000000000
000000000000000000000000000000000000000000000000000000000000000000000000
000000000000000000000000000000000000000000000000000000000000000000000000
000000000000000000000000000000000000000000000000000000000000000000000000
000000000000000000000000000000000000000000000000000000000000000000000000
