110000000011111111111110000111110000000000001111000000000000000000000001
110000000111111111111110000111110000000000000110000000000000000000000011
110000000000111110000000000011111000000000001110000000000000000000000000
110000000000111100000000000011111000000000001100000000000000000000000000
110000000000111100000000000001111000000000011100000000000000000000000000
110000000000111100000000000001111100000000011000000000000000000000000000
110000000000111100000000000000111100000000011000000000000000000000000000
110000000000111100000000000000111100000000110000000000000000000000000000
110000000000111100000000000000111110000000110000000000000000000000000000
110000000000111100000000000000011110000001110000000000000000000000000000
110000000000111100000000000000011111000001100000000000000000000000000000
110000000000111100000000000000001111000001100000000000000000000000000000
110000000000111100000000000000001111000011000000000000000000000000000000
110000000000111100000000000000001111100011000000000000000000000000000000
110000000000111100000000000000000111100110000000000000000000000000000000
110000000000111100000000000000000111110110000000000000000000000000000000
110000000000111110000000000000000011111100000000000000000000000000000000
110000000000111110000000000000000011111100000000000000000000000000000000
110000000000011111101110000000000011111100000000000000000000000000000000
111000000000011111111100000000000001111000000000000000000000000000000000
111111000000001111111000000000000001111000000000000000000000000000000111
000000000000000011100000000000000000110000000000000000000000000000000000
000000000000000000000000000000000000110000000000000000000000000000000000
000000000000000000000000000000000001100000000000000000000000000000000000
000000000000000000000000000000000001100000000000000000000000000000000000
000000000000000000000000000000000001100000000000000000000000000000000000
000000000000000000000000000000000011000000000000000000000000000000000000
000000000000000000000000000000000011000000000000000000000000000000000000
000000000000000000000000000000000110000000000000000000000000000000000000
000000000000000000000000000000000110000000000000000000000000000000000000
000000000000000000000000000000001100000000000000000000000000000000000000
000000000000000000000000001100011100000000000000000000000000000000000000
000000000000000000000000001111111000000000000000000000000000000000000000
000000000000000000000000011111110000000000000000000000000000000000000000
000000000000000000000000011111100000000000000000000000000000000000000000
000000000000000000000000000000000000000000000000000000000000000000000000
000000000000000000000000000000000000000000000000000000000000000000000000
000000000000000000000000000000000000000000000000000000000000000000000000
000000000000000000000000000000000000000000000000000000000000000000000000
000000000000000000000000000000000000000000000000000000000000000000000000
000000000000000000000000000000000000000000000000000000000000000000000000
000000000000000000000000000000000000000000000000000000000000000000000000
000000000000000000000000000000000000000000000000000000000000000000000000
000000000000000000000000000000000000000000000000000000000000000000000000
000000000000000000000000000000000000000000000000000000000000000000000000
000000000000000000000000000000000000000000000000000000000000000000000000
000000000000000000000000000000000000000000000000000000000000000000000000
000000000000000000000000000000000000000000000000000000000000000000000000
000000000000000000000000000000000000000000000000000000000000000000000000
000000000000000000000000000000000000000000000000000000001100000000000000
000000000000000000000000000000000000000000000000000001111100000000000000
000000000000000000000000000000000000000000000000000001111000000000000000
000000000000000000000000000000000000000000000000000011111000000000000000
000000000000000000000000000000000000000000000000000011110000000000000000
000000000000000000000000000000000000000000000000000011110000000000011100
000000000000000000000000000000000000000000000000000011100000000001111100
000000000000000000000000000000000000000000000000000111100000000001111100
000000000000000000000000000000000000000000000000000111000000000001111100
000000000000000000000000000000000000000000000000000111000000000001111100
000000000000000000000000000000000000000000000000001110000000000001111000
000000000000000000000000000000000000000000000000011100000000000001111000
001111110000000000000000110000011111100000000000011000000000000001111000
111111111100000000000111110000111111111000000000000000000000000001111100
111111111110000000111111110011111111111100000000000000000000000011111111
000000111111000000000111110111000001111110000000000000000000001111111111
000000011111000000000011111100000000111110000000000000000000000001111100
000000001111000000000011111000000000011111000000000000000000000001111000
000000001111100000000011110000000000011111000000000000000000000001111000
000000000111100000000011110000000000001111000000000000000000000001111000
000000000111100000000011110000000000001111000000000000000000000001111000
000000111111100000000011110000000000001111000000000000000000000001111000
011111111111100000000011110000000000001111000000000000000000000001111000
111100000111100000000011110000000000001111000000000000000000000001111000
100000000111100000000011110000000000001111000000000000000000000001111000
000000000111100000000011110000000000001111000000000000000000000001111000
000000000111100000000011110000000000001111000000000000000000000001111000
000000000111100000000011110000000000001111000000000000000000000001111000
000000000111100000000011110000000000001111000000000000000000000001111000
000000001111100000000011110000000000001111000000000000000000000001111000
000000001111100000000011110000000000001111000000000000000000000001111100
000000111111100000000011110000000000001111000000000000000000000001111100
000011100111100000000011110000000000001111000000000000000000000001111110
111111000111100000000111111000000000001111100000000000000000000000111111
111100000111111100111111111111000000001111111100000000000000000000011111
111000000000000000000000000000000000000000000000000000000000000000001111
000000000000000000000000000000000000000000000000000000000000000000000000
000000000000000000000000000000000000000000000000000000000000000000000000
000000000000000000000000000000000000000000000000000000000000000000000000
000000000000000000000000000000000000000000000000000000000000000000000000
000000000000000000000000000000000000000000000000000000000000000000000000
000000000000000000000000000000000000000000000000000000000000000000000000
000000000000000000000000000000000000000000000000000000000000000000000000
000000000000000000000000000000000000000000000000000000000000000000000000
000000000000000000000000000000000000000000000000000000000000000000000000
000000000000000000000000000000000000000000000000000000000000000000000000
000000000000000000000000000000000000000000000000000000000000000000000000
000000000000000000000000000000000000000000000000000000000000000000000000
000000000000000000000000000000000000000000000000000000000000000000000000
000000000000000000000000000000000000000000000000000000000000000000000000
000000000000000000000000000000000000000000000000000000000000000000000000
000000000000000000000000000000000000000000000000000000000000000000000000
000000000000000000000000000000000000000000000000000000000000000000000000
000000000000000000000000000000000000000000000000000000000000000000000000
000000000000000000000000000000000000000000000000000000000000000000000000
000000000000000000000000000000000000000000000000000000000000000000000000
000000000000000000000000000000000000000000000000000000000000000000000000
000000000000000000000000000000000000000000000000000000000000000000000000
000000000000000000000000000000000000000000000000000000000000000000000000
000000000000000000000000000000000000000000000000000000000000000000000000
000000000000000000000000000000000000000000000000000000000000000000000000
000000000000000000000000000000000000000000000000000000000000000000000000
000000000000000000000000000000000000000000000000000000000000000000000000
100000000000000000000000000000000000000000000000000000000000000000000000
100000000000000000000000000000000000000000000000000000000000000000000000
100000000000000000000000000000000000000000000000000000000000000000000000
100000000000000000000000000000000000000000000000000000000000000000000000
100000000000000000000000000000000000000000000000000000000000000000000000
100000000000000000000000000000000000000000000000000000000000000000000000
100000000000000000000000000000000000000000000000000000000000000000000000
100000000000000000000000000000000000000000000000000000000000000000000000
100000000000000000000000000000000000000000000000000000000000000000000000
100000000000000000000000000000000000000000000000000000000000000000000000
100000000000000000000000000000000000000000000000000000000000000000000000
100000000000000000000000000000000000000000000000000000000000000000000000
100000001111100000000000000000001111100000000000000000001111110000000000
100001111111111000000000000001111111111100000000000001111111111100000000
100011111111111100000000000011100000111110000000000011100000111111111111
100111100111111110000000001111000000011111000000001111000000011111111111
101100000000111111000000011110000000001111000000011110000000001111111110
111000000000011111000000011100000000000111100000011110000000001111100000
110000000000011111100000111100000000000111100000111100000000000111100000
110000000000001111100000111100000000000111110000111100000000000111100000
100000000000001111100001111100000000000111110000111100000000000111100000
100000000000000111100001111000000000000111110000111100000000000111100000
100000000000000111100001111111111111111111110000111110000000000111000000
100000000000000111100001111111111111111111100000111110000000001111000000
100000000000000111100001111000000000000000000000011111000000001110000000
100000000000000111100001111000000000000000000000001111100000011100000000
100000000000000111000001111100000000000000000000000111111111110000000000
100000000000001111000001111100000000000000000000000001111111000000000000
100000000000001111000001111100000000000000000000000001100000000000000000
100000000000001110000000111100000000000000000000000011000000000000000000
100000000000011100000000111110000000000000000000001111000000000000000000
110000000000111000000000111111000000000000000000001111000000000000000000
111000000001110000000000011111100000000001100000011111100000000000000000
111111100111000000000000001111111000001111000000011111111111111111110000
111111111110000000000000000111111111111110000000001111111111111111111000
001111111000000000000000000001111111111000000000000011111111111111111100
000000000000000000000000000000000110000000000000000111100000000111111110
000000000000000000000000000000000000000000000000001110000000000000111110
000000000000000000000000000000000000000000000000111100000000000000011110
000000000000000000000000000000000000000000000001111000000000000000011110
000000000000000000000000000000000000000000000001111000000000000000011110
000000000000000000000000000000000000000000000001111000000000000000011110
000000000000000000000000000000000000000000000001111000000000000000011100
000000000000000000000000000000000000000000000001111000000000000000111100
000000000000000000000000000000000000000000000001111000000000000000111000
000000000000000000000000000000000000000000000000111100000000000001110000
000000000000000000000000000000000000000000000000011110000000000011100000
000000000000000000000000000000000000000000000000001111100000011111000000
000000000000000000000000000000000000000000000000000011111111111100000000
000000000000000000000000000000000000000000000000000000011111000000000000
000000000000000000000000000000000000000000000000000000000000000000000000
000000000000000000000000000000000000000000000000000000000000000000000000
000000000000000000000000000000000000000000000000000000000000000000000000
000000000000000000000000000000000000000000000000000000000000000000000000
000000000000000000000000000000000000000000000000000000000000000000000000
000000000000000000000000000000000000000000000000000000000000000000000000
000000000000000000000000000000000000000000000000000000000000000000000000
000000000000000000000000000000000000000000000000000000000000000000000000
000000000000000000000000000000000000000000000000000000000000000000000000
000000000000000000000000000000000000000000000000000000000000000000000000
000000000000000000000000000000000000000000000000000000000000000000000000
000000000000000000000000000000000000000000000000000000000000000000000000
000000000000000000000000000000000000000000000000000000000000000000000000
000000000000000000000000000000000000000000000000000000000000000000000000
000000000000000000000000000000000000000000000000000000000000000000000000
000000000000000000000000000000000000000000000000000000001110000000000000
000000000000000000000000000000000000000000000000000111111110000000000000
