000000000000000000000000000000000000000000000000000000000000000000000000
000000000000000000000000000000000000000000000000000000000000000000000000
000000000000000000000000000000000000000000000000000000000000000000000000
000000000000000000000000000000000000000000000000000000000000000000000000
000000000000000000000000000000000000000000000000000000000000000000000000
000000000000000000000000000000000000000000000000000000000000000000000000
000000000000000000000000000000000000000000000000000000000000000000000000
000000000000000000000000000000000000000000000000000000000000000000000000
000000000000000000000000000000000000000000000000000000000000000000000000
000000000000000000000000000000000000000000000000000000000000000000000000
000000000000000000000000000000000000000000000000000000000000000000000000
000000000000000000000000000000000000000000000000000000000000000000000000
000000000000000000000000000000000000000000000000000000000000000000000000
000000000000000000001110000000000000000000000000000000000000000000000000
000000000000000000111100000000000000000000000000000000000000000000000000
000000000000000000111100000000000000000000000000000000000000000000000000
000000000000000000111100000000000000000000000000000000000000000000000000
000000000000000000111100000000000000000000000000000000000000000000000000
000000000000000000111100000000000000000000000000000000000000000000000000
000000000000000000111100000000000000000000000000000000000000000000000000
000000000000000000111100000000000000000011111100000000000000000000001111
000000000000000000111100000000000000011111111111100000000000000000111111
000000000000000011111111111110000001111000000111111000000000000011110001
000000000000001111111111111110000011110000000001111100000000001111000000
000000000000001101111100000000000111100000000001111100000000011110000000
000000000000000000111100000000000111000000000000111110000000111100000000
000000000000000000111100000000001111000000000000011111000000111000000000
000000000000000000111100000000001111000000000000011111000001111000000000
000000000000000000111100000000011111000000000000011111000001111000000000
000000000000000000111100000000011110000000000000001111100001111000000000
000000000000000000111100000000011110000000000000001111100011110000000000
000000000000000000111100000000011110000000000000001111100011110000000000
000000000000000000111100000000011110000000000000001111100011111000000000
000000000000000000111100000000011111000000000000001111100011111000000000
000000000000000000111100000000011111000000000000001111000011111000000000
000000000000000000111100000000011111000000000000001111000011111000000000
000000000000000000111100000000011111000000000000001111000001111100000000
000000000000000000111100000000001111100000000000001110000001111100000000
000000000000000000111100000000001111100000000000011110000001111110000000
000000000000000000111100000000000111110000000000011100000000111111000000
000000000000000000111110000100000111110000000000111000000000011111100000
000000000000000000111111111100000011111100000001110000000000011111111111
000000000000000000011111111000000001111111000111100000000000000111111111
000000000000000000001111110000000000011111111110000000000000000001111111
000000000000000000000000000000000000000000000000000000000000000000000000
000000000000000000000000000000000000000000000000000000000000000000000000
000000000000000000000000000000000000000000000000000000000000000000000000
000000000000000000000000000000000000000000000000000000000000000000000000
000000000000000000000000000000000000000000000000000000000000000000000000
000000000000000000000000000000000000000000000000000000000000000000000000
000000000000000000000000000000000000000000000000000000000000000000000000
000000000000000000000000000000000000000000000000000000000000000000000000
000000000000000000000000000000000000000000000000000000000000000000000000
000000000000000000000000000000000000000000000000000000000000000000000000
000000000000000000000000000000000000000000000000000000000000000000000000
000000000000000000000000000000000000000000000000000000000000000000000000
000000000000000000000000000000000000000000000000000000000000000000000000
000000000000000000000000000000000000000000000000000000000000000000000000
000000000000000000000000000000000000000000000000000000000000000000000000
000000000000000000000000000000000000000000000000000000000000000000000000
000000000000000000000000000000000000000000000000000000000000000000000000
000000000000000000000000000000000000000000000000000000000000000000000000
000000000000000000000000000000000000000000000000000000000000000000000000
000000000000000000000000000000000000000000000000000000000000000000000000
000000000000000000000000000000000000000000000000000000000000000000000000
000000000000000000000000000000000000000000000000000000000000000000000000
000000000000000000000000000000000000000000000000000000000000000000000000
000000000000000000000000000000000000000000000000000000000000000000000000
000000000000000000000000000000000000000000000000000000000000000000000000
000000000000000000000000000000000000000000000000000000000000000000000000
000000000000000000000000000000000000000000000000000000000000000000000000
000000000000000000000000000000000000000000000000000000000000000000000000
000000000000000000000000000000000000000000000000000000000000000000000000
000000000000000000000000000000000000000000000000000000000000000000000000
000000000000000000000000000000000000000000000000000000000000000000000000
000000000000000000000000000000000000000000000000000000000000000000000000
000000000000000000000000000000000000000000000000000000000000000000000000
000000000000000000000000000000000000000000000000000000000000000000000000
000000000000000000000000000000000000000000000000000000000000000000000000
000000000000000000000000000000000000000000000000000000000000000000000000
000000000000000000000000000000000000000000000000000000000000000000000000
000000000000000000000000000000000000000000000000000000000000000000000000
000000000000000000000000000000000000000000000000000000000000000000000000
000000000000000000000001111100000000000000000011111000000000000000001111
000000000000000000001111111111000000000000011111111111100000000011111111
000000000000000000111111111111100000000000111000000111100000000111000000
000000000000000001110000001111110000000001110000000001100000001110000000
000000000000000001100000000111110000000011100000000001100000001110000000
000000000000000001100000000011111000000011100000000000100000011100000000
000000000000000001000000000001111000000011100000000000100000011100000000
000000000000000000000000000001111000000011110000000000000000011110000000
000000000000000000000000000001111000000011111000000000000000011111000000
000000000000000000000000000011111000000011111110000000000000011111110000
000000000000000000000001111111111000000001111111111000000000001111111111
000000000000000000001111110001111000000001111111111111000000001111111111
000000000000000000111100000001111000000000011111111111110000000011111111
000000000000000011111000000001111000000000000111111111111000000000011111
000000000000000011110000000001111000000000000000011111111000000000000011
000000000000000111100000000001111000000000000000000011111000000000000000
000000000000000111100000000001111000000000000000000001111000000000000000
000000000000000111100000000001111000000010000000000000111000011000000000
000000000000000111100000000011111000000010000000000000111000011000000000
000000000000000111100000000111111000000011000000000001111000011000000000
000000000000000111110000011101111000000011000000000001110000011000000000
000000000000000111111111110001111000000011100000000011100000011100000000
000000000000000011111111100001111111000011111000001111000000011111100001
000000000000000001111110000001111111000011111111111100000000011111111111
000000000000000000000000000000000000000000001111100000000000000001111100
000000000000000000000000000000000000000000000000000000000000000000000000
000000000000000000000000000000000000000000000000000000000000000000000000
000000000000000000000000000000000000000000000000000000000000000000000000
000000000000000000000000000000000000000000000000000000000000000000000000
000000000000000000000000000000000000000000000000000000000000000000000000
000000000000000000000000000000000000000000000000000000000000000000000000
000000000000000000000000000000000000000000000000000000000000000000000000
000000000000000000000000000000000000000000000000000000000000000000000000
000000000000000000000000000000000000000000000000000000000000000000000000
000000000000000000000000000000000000000000000000000000000000000000000000
000000000000000000000000000000000000000000000000000000000000000000000000
000000000000000000000000000000000000000000000000000000000000000000000000
000000000000000000000000000000000000000000000000000000000000000000000000
000000000000000000000000000000000000000000000000000000000000000000000000
000000000000000000000000000000000000000000000000000000000000000000000000
000000000000000000000000000000000000000000000000000000000000000000000000
000000000000000000000000000000000000000000000000000000000000000000000000
000000000000000000000000000000000000000000000000000000000000000000000000
000000000000000000000000000000000000000000000000000000000000000000000000
000000000000000000000000000000000000000000000000000000000000000000000000
000000000000000000000000000000000000000000000000000000000000000000000000
000000000000000000000000000000000000000000000000000000000000000000000000
000000000000000000000000000000000000000000000000000000000000000000000000
000000000000000000000000000000000000000000000000000000000000000000000000
000000000000000000000000000000000000000000000000000000000000000000000000
000000000000000000000000000000000000000000000000000000000000000000000000
000000000000000001110000000000000000000000000000000000000000000000000000
000000000000011111110000000000000000000000000000000000000000000000000000
000000000000111111110000000000000000000000000000000000000000000000000000
000000000000000011110000000000000000000000000000000000000000000000000000
000000000000000011110000000000000000000000000000000000000000000000000000
000000000000000011110000000000000000000000000000000000000000000000000000
000000000000000011110000000000000000000000000000000000000000000000000000
000000000000000011110000000000000000000000000000000000000000000000000000
000000000000000011110000000000000000000000000000000000000000000000000000
000000000000000011110000000000000000000000000000000000000000000000000000
000000000000000011110000000000000000000000000000000000000000000000000000
000000000000000011110000000000000000000000000000000000000000000000000000
000000000000000011110000000000000000000000000000000000100000000000000000
000000000000000011110000011111111000000000000000011111111110000000001111
000000000000000011110001111111111110000000000001111000011111100000000111
000000000000000011110011111111111111000000000011100000000111110000000001
000000000000000011110111000000111111100000000111100000000011111000000000
000000000000000011111100000000011111100000001111000000000001111100000000
000000000000000011111000000000001111100000001110000000000000111110000000
000000000000000011111000000000000111110000011110000000000000111110000000
000000000000000011110000000000000111110000011110000000000000011111000000
000000000000000011110000000000000011110000011110000000000000011111000000
000000000000000011110000000000000011110000111110000000000000011111000000
000000000000000011110000000000000011110000111110000000000000011111000000
000000000000000011110000000000000011110000111110000000000000011111000000
000000000000000011110000000000000011110000111110000000000000011111000000
000000000000000011110000000000000011110000111110000000000000011111000000
000000000000000011110000000000000011100000111110000000000000011111000000
000000000000000011110000000000000111100000111110000000000000011110000000
000000000000000011110000000000000111000000011111000000000000011110000000
000000000000000011110000000000001111000000011111000000000000011100000000
000000000000000011111000000000001110000000001111100000000000111100000000
000000000000000011111100000000011000000000001111100000000000111000000000
000000000000000011111111000001110000000000000111110000000001110000000000
000000000000000011111111111111100000000000000011111100000111100000000000
000000000000000011001111111110000000000000000000111111111110000000000000
000000000000000000000000000000000000000000000000001111110000000000000000
000000000000000000000000000000000000000000000000000000000000000000000000
000000000000000000000000000000000000000000000000000000000000000000000000
000000000000000000000000000000000000000000000000000000000000000000000000
000000000000000000000000000000000000000000000000000000000000000000000000
000000000000000000000000000000000000000000000000000000000000000000000000
000000000000000000000000000000000000000000000000000000000000000000000000
000000000000000000000000000000000000000000000000000000000000000000000000
000000000000000000000000000000000000000000000000000000000000000000000000
