000000000000000000000000000000000000000000000000000000000000000000000000
000000000000000000000000000000000000000000000000000000000000000000000000
000000000000000000000000000000000000000000000000000000000000000000000000
000000000000000000000000000000000000000000000000000000000000000000000000
000000000000000000000000000000000000000000000000000000000000000000000000
000000000000000000000000000000000000000000000000000000000000000000000000
000000000000000000000000000000000000000000000000000000000000000000000000
000000000000000000000000000000000000000000000000000000000000000000000000
000000000000000000000000000000000000000000000000000000000000000000000000
000000000000000000000000000000000000000000000000000000000000000000000000
000000000000000000000000000000000000000000000000000000000000000000000000
000000000000000000000000000000000000000000000000000000000000000000000000
000000000000000000000000000000000000000000000000000000000000000000000000
000000000000000000000000000000000000000000000000000000000000000000000000
000000000000000000000000000000000000000000000000000000000000000000000000
000000000000000000000000000000000000000000000000000000000000000000000000
000000000000000000000000000000000000000000000000000000000000000000000000
000000000000000000000000000000000000000000000000000000000000000000000000
000000000000000000000000000000000000000000000000000000000000000000000000
000000000000000000000000000000000000000000000000000000000000000000000000
000000000000000000000000000000000000000000000000000000000000000000000000
000000000000000000000000000000000000000000000000000000000000000000000000
000000000000000000000000000000000000000000000000000000000000000000000000
000000000000000000000000000000000000000000000000000000000000000000000000
000000000000000000000000000000000000000000000000000000000000000000000000
000000000000000000000000000000000000000000000000000000000000000000000000
000000000000000000000000000000000000000000000000000000000000000000000000
000000000000000000000000000000000000000000000000000000000000000000000000
000000000000000000000000000000000000000000000000000000000000000000000000
000000000000000000000000000000000000000000000000000000000000000000000000
000000000000000000000000000000000000000000000000000000000000000000000000
000000000000000000000000000000000000000000000000000000000000000000000000
000000000000000000000000000000000000000000000000000000000000000000000000
000000000000000000000000000000000000000000000000000000000000000000000000
000000000000000000000000000000000000000000000000000000000000000000000000
000000000000000000000000000000000000000000000000000000000000000000000000
000000000000000000000000000000000000000000000000000000000000000000000000
000000000000000000000000000000000000000000000000000000000000000000000000
000000000000000000000000000000000000000000000000000000000000000000000000
000000000000000000000000000000000000000000000000000000000000000000000000
000000000000000000000000000000000000000000000000000000000000000000000000
000000000000000000000000000000000000000000000000000000000000000000000000
000000000000000000000000000000000000000000000000000000000000000000000000
000000000000000000000000000000000000000000000000000000000000000000000000
000000000000000000000000000000000000000000000000000000000000000000000000
000000000000000000000000000000000000000000000000000000000000000000000000
000000000000000000000000000000000000000000000000000000000000000000000000
000000000000000000000000000000000000000000000000000000000000000000000000
000000000000000000000000000000000000000000000000000000000000000000000000
000000000000000000000000000000000000000000000000000000000000000000000000
000000000000000000000000000000000000000000000000000000000000000000000000
000001000000000000000000000000000000000000000000000000000000000000000000
011111000000000000000000000000000000000000000000000000000000000000000000
111111000000000000000000000000000000000000110000000000000000000000000000
011111000000000000000000000000000000000001111000000000000000000000000000
001111000000000000000000000000000000000011111100000000000000000000000000
001111000000000000000000000000000000000011111100000000000000000000000000
001111000000000000000000000000000000000001111000000000000111000000000000
001111000000000000000000000000000000000000110000000000011111000000000000
001111000000000000000000000000000000000000000000000000011111000000000000
001111000000000000000000000000000000000000000000000000011111000000000000
001111000000000000000000000000000000000000000000000000011110000000000000
001111000000000000000000000000000000000000000000000000011110000000000000
001111000000000000000000000000000000000000000000000000011110000000000000
001111000000000000000000000000000000000000001000000000011110000000000000
111111000000000000000000000000000000000011111000000000011110000000000000
111111000000000000000000000000000000011111111000000000111111111111000000
111111000000000000000000000000000000000111111000000011111111111111000000
111111000000000000000000000000000000000001111000000010011111000000000000
011111000000000000000000000000000000000001111000000000011110000000000000
001111000000000000000000000000000000000001111000000000011110000000000000
001111000000000000000000000000000000000001111000000000011110000000000000
001111000000000000000000000000000000000001111000000000011110000000000000
001111000000000000000000000000000000000001111000000000011110000000000000
001111000000000000000000000000000000000001111000000000011110000000000000
001111000000000000000000000000000000000001111000000000011110000000000000
001111000000000000000000000000000000000001111000000000011110000000000000
001111000000000000000000000000000000000001111000000000011110000000000000
001111000000000000000000000000000000000001111000000000011110000000000000
001111000000000000000000000000000000000001111000000000011110000000000000
011111000000000000000000000000000000000001111000000000011110000000000000
011111000000000000000100000000000000000001111000000000011110000000000000
111111000000000000111100000000000000000001111000000000011110000000000000
101111000000000001111100000000000000000001111000000000011111000000000000
001111000000000001111000000000000000000001111000000000011111100010000000
001111100000000011111000000000000000000011111100000000001111111110000000
001111111100000011110000000000000000011111111111100000001111111100000000
001000000100000011110000000000000000010000000000100000000011111000000000
000000000000000111100000000000000000000000000000000000000000000000000000
000000000000000111100000000000000000000000000000000000000000000000000000
000000000000000111000000000000000000000000000000000000000000000000000000
000000000000001110000000000000000000000000000000000000000000000000000000
000000000000001100000000000000000000000000000000000000000000000000000000
000000000000011100000000000000000000000000000000000000000000000000000000
000000000000010000000000000000000000000000000000000000000000000000000000
000000000000000000000000000000000000000000000000000000000000000000000000
000000000000000000000000000000000000000000000000000000000000000000000000
000000000000000000000000000000000000000000000000000000000000000000000000
000000000000000000000000000000000000000000000000000000000000000000000000
000000000000000000000000000000000000000000000000000000000000000000000000
000000000000000000000000000000000000000000000000000000000000000000000000
000000000000000000000000000000000000000000000000000000000000000000000000
000000000000000000000000000000000000000000000000000000000000000000000000
000000000000000000000000000000000000000000000000000000000000000000000000
000000000000000000000000000000000000000000000000000000000000000000000000
000000000000000000000000000000000000000000000000000000000000000000000000
000000000000000000000000000000000000000000000000000000000000000000000000
000000000000000000000000000000000000000000000000000000000000000000000000
000000000000000000000000000000000000000000000000000000000000000000000000
000000000000000000000000000000000000000000000000000000000000000000000000
000000000000000000000000000000000000000000000000000000000000000000000000
000000000000000000000000000000000000000000000000000000000000000000000000
000000000000000000000000000000000000000000000000000000000000000000000000
000000000000000000000000000000000000000000000000000000000000000000000000
000000000000000000000000000000000000000000000000000000000000000000000000
000000000000000000000000000000000000000000000000000000000000000000000000
000000000000000000000000000000000000000000000000000000000000000000000000
000000000000000000000000000000000000000000000000000000000000000000000000
000000000000000000000000000000000000000000000000000000000000000000000000
000000000000000000000000000000000000000000000000000000000000000000000000
000000000000000000000000000000000000000000000000000110000000000000011000
000000000000000000000000000000000000000000000000111110000000000001111000
000000000000000000000000000000000000000000000000111110000000000011111000
000000000000000000000000000000000000000000000000111110000000000011111000
000000000000000000000000000000000000000000000000111100000000000011111000
000000000000000000000000000000000000000000000000111100000000000011111000
000000000000000000000000000000000000000000000000111100000000000011111000
000011110000000000000000000011111000000000000000111100000000000011111000
001111111100000000000000011111111111000000000000111100000000000011111000
011111111110000000000000111111111111100000000001111111111110000111111111
111000111111000000000011100000011111100000000111111111111110011111111111
100000001111100000000011000000000111110000000111111111111100011111111111
000000001111100000000011000000000011110000000000111100000000000011111000
000000000111100000000011000000000011110000000000111100000000000011111000
000000000111100000000000000000000011110000000000111100000000000011111000
000000000111100000000000000000000011110000000000111100000000000011111000
000000000111100000000000000000000111110000000000111100000000000011111000
000000000111100000000000000011111111110000000000111100000000000011111000
000000000111100000000000011111100001110000000000111100000000000011111000
000000000111100000000001111000000001110000000000111100000000000011111000
000000000111100000000011110000000001110000000000111100000000000011111000
000000000111100000000111100000000001110000000000111100000000000011111000
000000000111100000001111100000000001110000000000111100000000000011111000
000000000111100000001111000000000001110000000000111100000000000011111000
000000000111100000001111000000000011110000000000111100000000000011111000
000000000111100000001111000000000011110000000000111100000000000011111000
000000000111110000001111100000001111110000000000111110000000000011111000
000000000111110000001111110000011011111000000000111110000100000001111100
000000000111110000000111111111110011111000000000011111111100000001111111
110000000111111111000011111111000011111111000000011111111000000001111111
110000000111111111000001111110000011111111000000001111110000000000111111
000000000000000000000000000000000000000000000000000000000000000000000000
000000000000000000000000000000000000000000000000000000000000000000000000
000000000000000000000000000000000000000000000000000000000000000000000000
000000000000000000000000000000000000000000000000000000000000000000000000
000000000000000000000000000000000000000000000000000000000000000000000000
000000000000000000000000000000000000000000000000000000000000000000000000
000000000000000000000000000000000000000000000000000000000000000000000000
000000000000000000000000000000000000000000000000000000000000000000000000
000000000000000000000000000000000000000000000000000000000000000000000000
000000000000000000000000000000000000000000000000000000000000000000000000
000000000000000000000000000000000000000000000000000000000000000000000000
000000000000000000000000000000000000000000000000000000000000000000000000
000000000000000000000000000000000000000000000000000000000000000000000000
000000000000000000000000000000000000000000000000000000000000000000000000
000000000000000000000000000000000000000000000000000000000000000000000000
000000000000000000000000000000000000000000000000000000000000000000000000
000000000000000000000000000000000000000000000000000000000000000000000000
000000000000000000000000000000000000000000000000000000000000000000000000
000000000000000000000000000000000000000000000000000000000000000000000000
000000000000000000000000000000000000000000000000000000000000000000000000
000000000000000000000000000000000000000000000000000000000000000000000000
000000000000000000000000000000000000000000000000000000000000000000000000
000000000000000000000000000000000000000000000000000000000000000000000000
000000000000000000000000000000000000000000000000000000000000000000000000
000000000000000000000000000000000000000000000000000000000000000000000000
000000000000000000000000000000000000000000000000000000000000000000000000
000000000000000000000000000000000000000000000000000000000000000000000000
000000000000000000000000000000000000000000000001110000000000000000000000
