000000000000000000000000000000000000000000000000000000000000000000000000
000000000000000000000000000000000000000000000000000000000000000000000000
000000000000000000000000000000000000000000000000000000000000000000000000
000000000000000000000000000000000000000000000000000000000000000000000000
000000000000000000000000000000000000000000000000000000000000000000000000
000000000000000000000000000000000000000000000000000000000000000000000000
000000000000000000000000000000000000000000000000000000000000000000000000
000000000000000000000000000000000000000000000000000000000000000000000000
000000000000000000000000000000000000000000000000110000000000000000000000
000000000000000000000000000000000000000000000001111000000000000000000000
000000000000000000000000000000000000000000000011111000000000000000000000
000000000000000000000000000000000000000000000011111000000000000000000000
000000000000000000000000000000000000000000000011111000000000000000000000
000000000000000000000000000000000000000000000000110000000000000000000000
000000000000000000000000000000000000000000000000000000000000000000000000
000000000000000000000000000000000000000000000000000000000000000000000000
000000000000000000000000000000000000000000000000000000000000000000000000
000000000000000000000000000000000000000000000000000000000000000000000000
000000000000000000000000000000000000000000000000000000000000000000000000
000000000011111100000000000000000000000000000000001000000000000011111100
100000011111111111100000000000000000000000000011111000000000001111111111
100000111000000111100000000000000000000000011111111000000000111000000011
100001110000000001100000000000000000000000011111111000000001110000000001
000011100000000001100000000000000000000000000001111000000001110000000000
000011100000000000100000000000000000000000000001111000000011110000000000
000011100000000000100000000000000000000000000001111000000011110000000000
000011110000000000000000000000000000000000000001111000000011110000000000
000011111000000000000000000000000000000000000001111000000011111000000000
000011111110000000000000000000000000000000000001111000000011111111000000
000001111111111100000000000000000000000000000001111000000001111111111100
000001111111111111100000000000000000000000000001111000000000111111111111
000000011111111111110000000000000000000000000001111000000000011111111111
000000000011111111111000000000000000000000000001111000000000000011111111
000000000000001111111000000000000000000000000001111000000000000000001111
000000000000000011111000000000000000000000000001111000000000000000000001
000010000000000001111000000000000000000000000001111000000000000000000000
000010000000000000111000000000000000000000000001111000000011000000000000
000010000000000000111000000000000000000000000001111000000011000000000000
000011000000000001110000000000000000000000000001111000000011000000000000
000011000000000001110000000000000000000000000001111000000011100000000001
000011100000000011100000000000000000000000000011111100000011110000000011
000111111100011111000000000000000000000000011111111111100011111100001111
000011111111111100000000000000000000000000011111111111100011111111111100
000000000110000000000000000000000000000000000000000000000000000010000000
000000000000000000000000000000000000000000000000000000000000000000000000
000000000000000000000000000000000000000000000000000000000000000000000000
000000000000000000000000000000000000000000000000000000000000000000000000
000000000000000000000000000000000000000000000000000000000000000000000000
000000000000000000000000000000000000000000000000000000000000000000000000
000000000000000000000000000000000000000000000000000000000000000000000000
000000000000000000000000000000000000000000000000000000000000000000000000
000000000000000000000000000000000000000000000000000000000000000000000000
000000000000000000000000000000000000000000000000000000000000000000000000
000000000000000000000000000000000000000000000000000000000000000000000000
000000000000000000000000000000000000000000000000000000000000000000000000
000000000000000000000000000000000000000000000000000000000000000000000000
000000000000000000000000000000000000000000000000000000000000000000000000
000000000000000000000000000000000000000000000000000000000000000000000000
000000000000000000000000000000000000000000000000000000000000000000000000
000000000000000000000000000000000000000000000000000000000000000000000000
000000000000000000000000000000000000000000000000000000000000000000000000
000000000000000000000000000000000000000000000000000000000000000000000000
000000000000000000000000000000000000000000000000000000000000000000000000
000000000000000000000000000000000000000000000000000000000000000000000000
000000000000000000000000000000000000000000000000000000000000000000000000
000000000000000000000000000000000000000000000000000000000000000000000000
000000000000000000000000000000000000000000000000000000000000000000000000
000000000000000000000000000000000000000000000000000000000000000000000000
000000000000000000000000000000000000000000000000000000000000000000000000
000000000000000000000000000000000000000000000000000000000000000000000000
000001110000000000000000000000000000000000000000000000000000000000000000
111111110000000000000000000000000001000000000000000000000000000000000000
111111110000000000000000000000000011110000000000000000000000000000000000
000011110000000000000000000000000111110000000000000000000000000000000000
000011110000000000000000000000000111110000000000000000000000000000000000
000011110000000000000000000000000111110000000000000000000000000000000000
000011110000000000000000000000000011100000000000000000000000000000000000
000011110000000000000000000000000000000000000000000000000000000000000000
000011110000000000000000000000000000000000000000000000000000000000000000
000011110000000000000000000000000000000000000000000000000000000000000000
000011110000000000000000000000000000000000000000000000000000000000000000
000011110000000000000000000000000000000000000000000000000000000000000000
000011110000001111000000000000000000010000000000000000000011110000000000
000011110000111111111000000000000011110000000000111100001111111100000000
000011110001111111111100000000111111110000001111111100111111111111000000
000011110011100011111110000000111111110000001111111101111001111111000000
000011111110000000111110000000000111110000000001111111000000011111100000
000011111100000000011111000000000011110000000000111110000000001111100000
000011111000000000011111000000000011110000000000111100000000000111110000
000011110000000000001111000000000011110000000000111100000000000111110000
000011110000000000001111000000000011110000000000111100000000000011110000
000011110000000000001111000000000011110000000000111100000000000011110000
000011110000000000001111000000000011110000000000111100000000000011110000
000011110000000000001111000000000011110000000000111100000000000011110000
000011110000000000001111000000000011110000000000111100000000000011110000
000011110000000000001111000000000011110000000000111100000000000011110000
000011110000000000001111000000000011110000000000111100000000000011110000
000011110000000000001111000000000011110000000000111100000000000011110000
000011110000000000001111000000000011110000000000111100000000000011110000
000011110000000000001111000000000011110000000000111100000000000011110000
000011110000000000001111000000000011110000000000111100000000000011110000
000011110000000000001111000000000011110000000000111100000000000011110000
000011110000000000001111000000000011110000000000111100000000000011110000
000011111000000000001111100000000111110000000001111100000000000011110000
111111111111000000001111111100111111111111001111111111110000000011111110
111111111111000000001111111100111111111111001111111111110000000011111111
000000000000000000000000000000000000000000000000000000000000000000000000
000000000000000000000000000000000000000000000000000000000000000000000000
000000000000000000000000000000000000000000000000000000000000000000000000
000000000000000000000000000000000000000000000000000000000000000000000000
000000000000000000000000000000000000000000000000000000000000000000000000
000000000000000000000000000000000000000000000000000000000000000000000000
000000000000000000000000000000000000000000000000000000000000000000000000
000000000000000000000000000000000000000000000000000000000000000000000000
000000000000000000000000000000000000000000000000000000000000000000000000
000000000000000000000000000000000000000000000000000000000000000000000000
000000000000000000000000000000000000000000000000000000000000000000000000
000000000000000000000000000000000000000000000000000000000000000000000000
000000000000000000000000000000000000000000000000000000000000000000000000
000000000000000000000000000000000000000000000000000000000000000000000000
000000000000000000000000000000000000000000000000000000000000000000000000
000000000000000000000000000000000000000000000000000000000000000000000000
000000000000000000000000000000000000000000000000000000000000000000000000
000000000000000000000000000000000000000000000000000000000000000000000000
000000000000000000000000000000000000000000000000000000000000000000000000
000000000000000000000000000000000000000000000000000000000000000000000000
000000000000000000000000000000000000000000000000000000000000000000000000
000000000000000000000000000000000000000000000000000000000000000000000000
000000000000000000000000000000000000000000000000000000000000000000000000
000000000000000000000000000000000000000000000000000000000000000000000000
000000000000000000000000000000000000000000000000000000000000000000000000
000000000000000000000000000000000000000000000000000000000000000000000000
000000000000000000000000000000000000000000000000000000000000000000000000
000000000000000000000000000000000000000000000000000000000000000000000000
000000000000000000000000000000000000000000000000000000000000111111111111
000000000000000000000000000000000000000000000000000000000111111111111111
000000000000000000000000000000000000000000000000000000011111100000000001
000000000000000000000000000000000000000000000000000001111100000000000000
000000000000000000000000000000000000000000000000000011111000000000000000
000000000000000000000000000000000000000000000000000111110000000000000000
000000000000000000000000000000000000000000000000001111100000000000000000
000000000000000000000000000000000000000000000000011111000000000000000000
000000000000000000000000000000000000000000000000011110000000000000000000
000000000000000000000000000000000000000000000000111110000000000000000000
000000000000000000000000000000000000000000000000111110000000000000000000
000000000000000000000000000000000000000000000001111100000000000000000000
011111111000000000000000000000000000000000000001111100000000000000000000
111111111100000000000000000000000000000000000001111100000000000000000000
111111111110000000000000000000000000000000000011111100000000000000000000
000000111111000000000000000000000000000000000011111000000000000000000000
000000011111000000000000000000000000000000000011111000000000000000000000
000000001111000000000000000000000000000000000011111000000000000000000000
000000001111100000000000000000000000000000000011111000000000000000000000
000000001111100000000000000000000000000000000011111100000000000000000000
000000000111100000000000000000000000000000000011111100000000000000000000
000000000111100000000000000000000000000000000011111100000000000000000000
000000000111100000000000000000000000000000000001111100000000000000000000
000000000111100000000000000000000000000000000001111110000000000000000000
000000000111100000000000000000000000000000000001111110000000000000000000
000000000111100000000000000000000000000000000000111110000000000000000000
000000000111100000000000000000000000000000000000111111000000000000000000
000000000111100000000000000000000000000000000000011111100000000000000000
000000000111100000000000000000000000000000000000011111110000000000000000
000000000111100000000001000000000000000000000000001111111000000000000000
000000000111100000000111110000000000000000000000000111111100000000000000
000000000111100000000111110000000000000000000000000011111111000000000000
000000000111100000000111110000000000000000000000000000111111110000000000
000000000111111100000111110000000000000000000000000000011111111111111111
100000000111111110000011100000000000000000000000000000000011111111111111
000000000000000000000000000000000000000000000000000000000000011111111100
000000000000000000000000000000000000000000000000000000000000000000000000
000000000000000000000000000000000000000000000000000000000000000000000000
000000000000000000000000000000000000000000000000000000000000000000000000
000000000000000000000000000000000000000000000000000000000000000000000000
000000000000000000000000000000000000000000000000000000000000000000000000
000000000000000000000000000000000000000000000000000000000000000000000000
000000000000000000000000000000000000000000000000000000000000000000000000
000000000000000000000000000000000000000000000000000000000000000000000000
000000000000000000000000000000000000000000000000000000000000000000000000
