000000000000000000000000000000000000000000000000000000000000000000000000
000000000000000000000000000000000000000000000000000000000000000000000000
000000000000000000000000000000000000000000000000000000000000000000000000
000000000000000000000000000000000000000000000000000000000000000000000000
000000000000000000000000000000000000000000000000000000000000000000000000
000000000000000000000000000000000000000000000000000000000000000000000000
000000000000000000000000000000000000000000000000000000000000000000000000
000000000000000000000000000000000000000000000000000000000000000000000000
000000000000000000000000000000000000000000000000000000000000000000000000
000000000000000000000000000000000000000000000000000000000000000000000000
000000000000000000000000000000000000000000000000000000000000000000000000
000000000000000000000000000000000000000000000000000000000000000000000000
000000000000000000000000000000000000000000000000000000000000000000000000
000000000000000000000000000000000000000000000000000000000000000000000000
000000000000000000000000000000000000000000000000000000000000000000000000
000000000000000000000000000000000000000000000000000000000000000000000000
000000000000000000000000000000000000000000000000000000000000000000000000
000000000000000000000000000000000000000000000000000000000000000000000000
000000000000000000000000000000000000000000000000000000000000000000000000
000000000000000000000000000000000000000000000000000000000000000000000000
000000000000000000000000000000000000000000000000000000000000000000000000
000000000000000000000000000000000000000000000000000000000000000000000000
000000000000000000000000000000000000000000000000000000000000000000000000
000000000000000000000000000000000000000000000000000000000000000000000000
000000000000000000000000000000000000000000000000000000000000000000000000
000000000000000000000000000000000000000000000000000000000000000000000000
000000000000000000000000000000000000000000000000000000000000000000000000
000000000000000000000000000000000000000000000000000000000000000000000000
000000000000000000000000000000000000000000000000000000000000000000000000
000000000000000000000000000000000000000000000000000000000000000000000000
000000000000000000000000000000000000000000000000000000000000000000000000
000000000000000000000000000000000000000000000000000000000000000000000000
000000000000000000000000000000000000000000000000000000000000000000000000
000000000000000000000000000000000000000000000000000000000000000000000000
000000000000000000000000000000000000000000000000000000000000000000000000
000000000000000000000000000000000000000000000000000000000000000000000000
000000000000000000000000000000000000000000000000000000000000000000000000
000000000000000000000000000000000000000000000000000000000000000000000000
000000000000000000000000000000000000000000000000000000000000000000000000
000000000000000000000000000000000000000000000000000000000000000000000000
000000000000000000000000000000000000000000000000000000000000000000000000
000000000000000000000000000000000000000000000000000000000000000000000000
000000000000000000000000000000000000000000000000000000000000000000000000
000000000000000000000000000000000000000000000000000000000000000000000000
000000000000000000000000000000000000000000000000000000000000000000000000
000000000000000000000000000000000000000000000000000000000000000000000000
000000000000000000000000000000000000000000000000000000000000000000000000
000000000000000000000000000000000000000000000000000000000000000000000000
000000000000000000000000000000000000000000000000000000000000000000000000
000000000000000000000000000000000000000000000000000000000000000000000000
000000000000000000000000000000000000000000000000000000000000000000000000
000000000000000000000000000000000000000000000000000000000000000000000000
000000000000000000000000000000000000000000000000000000000000000000000000
000000000000000000000000000000000000000000000000000000000000000000000000
000000000000000000000000000000000000000000000000000000000000000000000000
000000000000000000000000000000000000000000000000000000000000000000000000
000000000000000000000000000000000000000000000000000000000000000000000000
000000000000000000000000000000000000000000000000000000000000000000000000
000000000000000000000000000000000000000000000000000000000000000000000000
000000000000000000000000000000000000000000000000000000000000000000000000
000000000000000000000000000000000000000000000000000000000000000000000000
000000000000000000000000000000000000000000000000000000000000000000000000
000000000000000000000000000000000000000000000000000000000000000000000000
000000000000000000000000000000000000000000000000000000000000000000000000
000110000011110000000000111111110000000000000000010000000000000001000000
111110001111110000000011111111111100000000000111110000000000011111000000
111110011111110000001111000000111111000000111111110000000011111111000000
111110111111110000011110000000001111100000000111110000000000011111000000
111111110011110000111100000000001111110000000011110000000000001111000000
011111000000110000111000000000000111110000000011110000000000001111000000
011111000000000001111000000000000011111000000011110000000000001111000000
011110000000000001111000000000000011111000000011110000000000001111000000
011110000000000011111000000000000011111000000011110000000000001111000000
011110000000000011110000000000000001111100000011110000000000001111000000
011110000000000011110000000000000001111100000011110000000000001111000000
011110000000000011110000000000000001111100000011110000000000001111000000
011110000000000011110000000000000001111100000011110000000000001111000000
011110000000000011111000000000000001111100000011110000000000001111000000
011110000000000011111000000000000001111000000011110000000000001111000000
011110000000000011111000000000000001111000000011111000000000001111000000
011110000000000011111000000000000001111000000011111000000000001111000000
011110000000000001111100000000000001110000000011111000000000011111000000
011110000000000001111100000000000011110000000011111000000000011111000000
011110000000000000111110000000000011100000000001111100000000111111000000
111110000000000000111111000000000111000000000001111110000011101111100000
111110000000000000011111100000001110000000000001111111111111001111100000
111111111100000000001111111000111100000000000000111111111100001111111100
000000001000000000000011111111110000000000000000001111110000000000000100
000000000000000000000000000000000000000000000000000000000000000000000000
000000000000000000000000000000000000000000000000000000000000000000000000
000000000000000000000000000000000000000000000000000000000000000000000000
000000000000000000000000000000000000000000000000000000000000000000000000
000000000000000000000000000000000000000000000000000000000000000000000000
000000000000000000000000000000000000000000000000000000000000000000000000
000000000000000000000000000000000000000000000000000000000000000000000000
000000000000000000000000000000000000000000000000000000000000000000000000
000000000000000000000000000000000000000000000000000000000000000000000000
000000000000000000000000000000000000000000000000000000000000000000000000
000000000000000000000000000000000000000000000000000000000000000000000000
000000000000000000000000000000000000000000000000000000000000000000000000
000000000000000000000000000000000000000000000000000000000000000000000000
000000000000000000000000000000000000000000000000000000000000000000000000
000000000000000000000000000000000000000000000000000000000000000000000000
000000000000000000000000000000000000000000000000000000000000000000000000
000000000000000000000000000000000000000000000000000000000000000000000000
000000000000000000000000000000000000000000000000000000000000000000000000
000000000000000000000000000000000000000000000000000000000000000000000000
000000000000000000000000000000000000000000000000000000000000000000000000
000000000000000000000000000000000000000000000000000000000000000000000000
000000000000000000000000000000000000000000000000000000000000000000000000
000000000000000000000000000000000000000000000000000000000000000000000000
000000000000000000000000000000000000000000000000000000000000000000000000
000000000000000000000000000000000000000000000000000000000000000000000000
000000000000000000000000000000000000000000000000000000000000000000000000
000000000000000000000000000000000000000000000000000000000000000000000000
111000000000000000000000000000000000000000000011110000000000000000000000
111000000000000000000000000000000000000000111111110000000000000000000000
111000000000000000000000000000000000000000111111110000000000000000000000
111000000000000000000000000000000000000000000011110000000000000000000000
111000000000000000000000000000000000000000000011110000000000000000000000
111000000000000000000000000000000000000000000011110000000000000000000000
111000000000000000000000000000000000000000000011110000000000000000000000
111000000000000000000000000000000000000000000011110000000000000000000000
111000000000000000000000000000000000000000000011110000000000000000000000
111000000000000000000000000000000000000000000011110000000000000000000000
111000000000000000000000000000000000000000000011110000000000000000000000
111000000000000000000000000000000000000000000011110000000000000000000000
111000000000000000000000000000000000001111000011110000000000000010000001
111000000000000000000000000000000000111111111011110000000000011110000111
111000000000000000000000000000000011111111111111110000000111111110001111
111000000000000000000000000000001110000000011111110000000111111110011111
111000000000000000000000000000111100000000001111110000000000011110111111
111000000000000000000000000001111000000000000111110000000000011111100000
111000000000000000000000000001110000000000000011110000000000011111000000
111000000000000000000000000011110000000000000011110000000000011111000000
111000000000000000000000000011110000000000000011110000000000011110000000
111000000000000000000000000011110000000000000011110000000000011110000000
111000000000000000000000000111100000000000000011110000000000011110000000
111000000000000000000000000111100000000000000011110000000000011110000000
111000000000000000000000000111100000000000000011110000000000011110000000
111000000000000000000000000111110000000000000011110000000000011110000000
111000000000000000000000000111110000000000000011110000000000011110000000
111000000000000000000000000111110000000000000011110000000000011110000000
111000000000000000000000000011110000000000000011110000000000011110000000
111000000000000000000000000011111000000000000111110000000000011110000000
111000000000000000000000000011111100000000001111110000000000011110000000
111000000000000000000000000001111100000000011111110000000000011110000000
111000000000000000000000000001111111000000110011110000000000011110000000
111000000000000000000000000000111111111111100011110000000000011111000000
111111100000000000000000000000011111111111000011111111000111111111111100
111111100000000000000000000000000111111110000011111111000111111111111100
000000000000000000000000000000000000000000000000000000000000000000000000
000000000000000000000000000000000000000000000000000000000000000000000000
000000000000000000000000000000000000000000000000000000000000000000000000
000000000000000000000000000000000000000000000000000000000000000000000000
000000000000000000000000000000000000000000000000000000000000000000000000
000000000000000000000000000000000000000000000000000000000000000000000000
000000000000000000000000000000000000000000000000000000000000000000000000
000000000000000000000000000000000000000000000000000000000000000000000000
000000000000000000000000000000000000000000000000000000000000000000000000
000000000000000000000000000000000000000000000000000000000000000000000000
000000000000000000000000000000000000000000000000000000000000000000000000
000000000000000000000000000000000000000000000000000000000000000000000000
000000000000000000000000000000000000000000000000000000000000000000000000
000000000000000000000000000000000000000000000000000000000000000000000000
000000000000000000000000000000000000000000000000000000000000000000000000
000000000000000000000000000000000000000000000000000000000000000000000000
000000000000000000000000000000000000000000000000000000000000000000000000
000000000000000000000000000000000000000000000000000000000000000000000000
000000000000000000000000000000000000000000000000000000000000000000000000
000000000000000000000000000000000000000000000000000000000000000000000000
000000000000000000000000000000000000000000000000000000000000000000000000
000000000000000000000000000000000000000000000000000000000000000000000000
000000000000000000000000000000000000000000000000000000000000000000000000
000000000000000000000000000000000000000000000000000000000000000000000000
000000000000000000000000000000000000000000000000000000000000000000000000
000000000000000000000000000000000000000000000000000000000000000000000000
000000000000000000000000000000000000000000000000000000000000000000000000
000000000000000000000000000000000000000000000000000000000000000000000000
