000000000000000000000000000000000000000000000000000000000000011111000000
000000000000000000000000000000000000000000000000000000000011111111111000
000000000000000000000000000000000000000000000000000000000111111111111100
000000000000000000000000000000000000000000000000000000000000000000000000
000000000000000000000000000000000000000000000000000000000000000000000000
000000000000000000000000000000000000000000000000000000000000000000000000
000000000000000000000000000000000000000000000000000000000000000000000000
000000000000000000000000000000000000000000000000000000000000000000000000
000000000000000000000000000000000000000000000000000000000000000000000000
000000000000000000000000000000000000000000000000000000000000000000000000
000000000000000000000000000000000000000000000000000000000000000000000000
000000000000000000000000000000000000000000000000000000000000000000000000
000000000000000000000000000000000000000000000000000000000000000000000000
000000000000000000000000000000000000000000000000000000000000000000000000
000000000000000000000000000000000000000000000000000000000000000000000000
000000000000000000000000000000000000000000000000000000000000000000000000
000000000000000000000000000000000000000000000000000000000000000000000000
000000000000000000000000000000000000000000000000000000000000000000000000
000000000000000000000000001000000000000000000000000000000000000000000000
000000000000000000000011111100000000000000000000000000000000000000000000
000000000000000000011111111100000000000000000000000000000000000000000000
000000000000000000000001111100000000000000000000000000000000000000000000
000000000000000000000001111100000000000000000000000000000000000000000000
000000000000000000000001111100000000000000000000000000000000000000000000
000000000000000000000001111100000000000000000000000000000000000000000000
000000000000000000000001111100000000000000000000000000000000000000000000
000000000000000000000001111100000000000000000000000000000000000000000000
000000000000000000000001111100000000000000000000000000000000000000000000
000000000000000000000001111100000000000000000000000000000000000000000000
000000000000000000000001111100000000000000000000000000000000000000000000
000000000000000000000001111100000000000000000000000000000000000000000000
000000110000011110000001111100000011100001111000000111000111000000000000
001111110001111110000001111100000111111111111000001111111111000000000000
111111110011111110000001111100000000111111000000000001111000000000000000
000111110111111110000001111100000000111110000000000000111000000000000000
000011110110001110000001111100000000011111000000000001110000000000000000
000011111100000110000001111100000000011111000000000001100000000000000000
000011111000000000000001111100000000001111000000000001100000000000000000
000011110000000000000001111100000000001111100000000011000000000000000000
000011110000000000000001111100000000000111100000000011000000000000000000
000011110000000000000001111100000000000111100000000111000000000000000000
000011110000000000000001111100000000000111110000000110000000000000000000
000011110000000000000001111100000000000011110000000110000000000000000000
000011110000000000000001111100000000000011111000001100000000000000000000
000011110000000000000001111100000000000001111000001100000000000000000000
000011110000000000000001111100000000000001111000011000000000000000000000
000011110000000000000001111100000000000001111100011000000000000000000000
000011110000000000000001111100000000000000111100011000000000000000000000
000011110000000000000001111100000000000000111110110000000000000000000000
000011110000000000000001111100000000000000011111110000000000000000000000
000011110000000000000001111100000000000000011111100000000000000000000000
000011110000000000000001111100000000000000001111100000000000000000000000
000111111000000000000001111100000000000000001111000000000000000000000000
111111111111100000011111111111110000000000001111000000000000000000000000
000000000000000000000000000000000000000000000110000000000000000000000000
000000000000000000000000000000000000000000000110000000000000000000000000
000000000000000000000000000000000000000000000110000000000000000000000000
000000000000000000000000000000000000000000001100000000000000000000000000
000000000000000000000000000000000000000000001100000000000000000000000000
000000000000000000000000000000000000000000011000000000000000000000000000
000000000000000000000000000000000000000000011000000000000000000000000000
000000000000000000000000000000000000000000110000000000000000000000000000
000000000000000000000000000000000000000000110000000000000000000000000000
000000000000000000000000000000000000000001110000000000000000000000000000
000000000000000000000000000000000001100011100000000000000000000000000000
000000000000000000000000000000000001111111000000000000000000000000000000
000000000000000000000000000000000011111110000000000000000000000000000000
000000000000000000000000000000000011111100000000000000000000000000000000
000000000000000000000000000000000000000000000000000000000000000000000000
000000000000000000000000000000000000000000000000000000000000000000000000
000000000000000000000000000000000000000000000000000000000000000000000000
000000000000000000000000000000000000000000000000000000000000000000000000
000000000000000000000000000000000000000000000000000000000000000000000000
000000000000000000000000000000000000000000000000000000000000000000000000
000000000000000000000000000000000000000000000000000000000000000000000000
000000000000000000000000000000000000000000000000000000000000000000000000
000000000000000000000000000000000000000000000000000000000000000000000000
000000000000000000000000000000000000000000000000000000000000000000000000
000000000000000000000000000000000000000000000000000000000000000000000000
000000000000000000000000000000000000000000000000000000000000000000000000
000000000000000000000000000000000000000000000000000000000000000000000000
000000001111000000000000000000000000000000000000000000000000000000000000
000000011111000000000000000000000000000000000000000000000000000000000000
000000111111000000000000000000000000000000000000000000000000000000000000
000001110111000000000000000000000000000000000000000000000000000000000000
000011000001000000000000000000000000000000000000000000000000000000000000
000110000000000000000000000000000000000000000000000000000000000000000000
001110000000000000000000000000000000000000000000000000000000000000000000
001110000000000000000000000000000000000000000000000000000000000000000000
011110000000000000000000000000000000000000000000000000000000000000000000
011110000000000000000000000000000000000000000000000000000000000000000000
011110000000000000000000000000000000000000000000000000000000000000000000
011110000000000000000000000000000000000000000000000000000000000000000000
011110000000000000000000000000000000000000000000000000000000000000000000
011110000000000000000001111110000000000000000001000000111000000000000111
011110000000000000001111111111110000000000001111100011111100000000111111
111111111110000000111100000011111000000011111111100111111100000011110000
111111111110000001111000000001111100000001111111101111111100000111000000
111110000000000011110000000000111110000000001111111100111100001110000000
011110000000000011100000000000011111000000001111110000001000011110000000
011110000000000111100000000000001111100000001111110000001000011100000000
011110000000000111100000000000001111100000001111100000000000111100000000
011110000000001111000000000000001111100000001111100000000000111100000000
011110000000001111000000000000001111100000001111100000000000111100000000
011110000000001111000000000000000111110000001111100000000001111111111111
011110000000001111000000000000000111110000001111100000000001111111111111
011110000000001111000000000000000111110000001111100000000001111100000000
011110000000001111000000000000000111100000001111100000000001111100000000
011110000000001111100000000000000111100000001111100000000001111100000000
011110000000001111100000000000000111100000001111100000000000111100000000
011110000000001111100000000000000111100000001111100000000000111110000000
011110000000001111100000000000001111000000001111100000000000111110000000
011110000000000111110000000000001111000000001111100000000000111111000000
011110000000000111111000000000001110000000001111100000000000011111100000
011110000000000011111000000000011100000000001111100000000000001111110000
111110000000000001111100000000111000000000001111100000000000000111111100
111111111000000000111111000011110000000011111111111110000000000011111111
000001111000000000001111111111000000000001110000011110000000000000111111
000000000000000000000000000000000000000000000000000000000000000000000000
000000000000000000000000000000000000000000000000000000000000000000000000
000000000000000000000000000000000000000000000000000000000000000000000000
000000000000000000000000000000000000000000000000000000000000000000000000
000000000000000000000000000000000000000000000000000000000000000000000000
000000000000000000000000000000000000000000000000000000000000000000000000
000000000000000000000000000000000000000000000000000000000000000000000000
000000000000000000000000000000000000000000000000000000000000000000000000
000000000000000000000000000000000000000000000000000000000000000000000000
000000000000000000000000000000000000000000000000000000000000000000000000
000000000000000000000000000000000000000000000000000000000000000000000000
000000000000000000000000000000000000000000000000000000000000000000000000
000000000000000000000000000000000000000000000000000000000000000000000000
000000000000000000000000000000000000000000000000000000000000000000000000
000000000000000000000000000000000000000000000000000000000000000000000000
000000000000000000000000000000000000000000000000000000000000000000000000
000000000000000000000000000000000000000000000000000000000000000000000000
000000000000000000000000000000000000000000000000000000000000000000000000
000000000000000000000000000000000000000000000000000000000000000000000000
000000000000000000000000000000000000000000000000000000000000000000000000
000000000000000000000000000000000000000000000000000000000000000000000000
000000000000000000000000000000000000000000000000000000000000000000000000
000000000000000000000000000000000000000000000000000000000000000000000000
000000000000000000000000000000000000000000000000000000000000000000000000
000000000000000000000000000000000000000000000000000000000000000000000000
000000000000000000000000000000000000000000000000000000000000000000000000
000000000000000000000000000000000000000000000000000000000000000000000000
000000000000000000000000000000000000000000000000000000000000000000000000
000000000000000000000000000000000000000000000111111111111111111111111111
000000000000000000000000000000000000000000000011111111111111111111111111
000000000000000000000000000000000000000000000000001111110000000001111111
000000000000000000000000000000000000000000000000001111100000000000000110
000000000000000000000000000000000000000000000000001111100000000000000110
000000000000000000000000000000000000000000000000001111100000000000000110
000000000000000000000000000000000000000000000000001111100000000000000110
000000000000000000000000000000000000000000000000001111100000000000000110
000000000000000000000000000000000000000000000000001111100000000000000000
000000000000000000000000000000000000000000000000001111100000000000000000
000000000000000000000000000000000000000000000000001111100000000000000000
000000001110000000000000000000000000000000000000001111100000000000000000
111000111111000000000000000000000000000000000000001111100000000000010000
111001111111000000000000000000000000000000000000001111100000000000010000
111011111111000000000000000000000000000000000000001111100000000000110000
111011111111000000000000000000000000000000000000001111100000000000110000
111110000110000000000000000000000000000000000000001111111111111111110000
111100000010000000000000000000000000000000000000001111111111111111110000
111000000000000000000000000000000000000000000000001111100000000001110000
111000000000000000000000000000000000000000000000001111100000000000110000
111000000000000000000000000000000000000000000000001111100000000000110000
111000000000000000000000000000000000000000000000001111100000000000010000
111000000000000000000000000000000000000000000000001111100000000000010000
111000000000000000000000000000000000000000000000001111100000000000000000
111000000000000000000000000000000000000000000000001111100000000000000000
111000000000000000000000000000000000000000000000001111100000000000000000
111000000000000000000000000000000000000000000000001111100000000000000000
111000000000000000000000000000000000000000000000001111100000000000000001
111000000000000000000000000000000000000000000000001111100000000000000001
111000000000001110000000000000000000000000000000001111100000000000000011
111000000000011111000000000000000000000000000000001111100000000000000011
111000000000011111000000000000000000000000000000001111100000000000000011
111000000000011111000000000000000000000000000000001111110000000000111111
