111111111111100000000000000000000000000000000000000000000000000000000000
011111111111110000000000000000000000000000000000000000000000000000000000
000011111111111000000000000000000000000000000000000000000000000000000000
000000001111111000000000000000000000000000000000000000000000000000000000
000000000001111000000000000000000000000000000000000000000000000000000000
000000000001111000000000000000000000000000000000000000000000000000000000
000000000000111000000000000000000000000000000000000000000000000000000000
000000000000111000000011100000000000000000000000000000000000000000000000
000000000001110000000111110000000000000000000000000000000000000000000000
000000000001110000001111110000000000000000000000000000000000000000000000
100000000011100000001111110000000000000000000000000000000000000000000000
111110011110000000000111100000000000000000000000000000000000000000000001
111111111000000000000011000000000000000000000000000000000000000000000000
000000000000000000000000000000000000000000000000000000000000000000000000
000000000000000000000000000000000000000000000000000000000000000000000000
000000000000000000000000000000000000000000000000000000000000000000000000
000000000000000000000000000000000000000000000000000000000000000000000000
000000000000000000000000000000000000000000000000000000000000000000000000
000000000000000000000000000000000000000000000000000000000000000000000000
000000000000000000000000000000000000000000000000000000000000000000000000
000000000000000000000000000000000000000000000000000000000000000000000000
000000000000000000000000000000000000000000000000000000000000000000000000
000000000000000000000000000000000000000000000000000000000000000000000000
000000000000000000000000000000000000000000000000000000000000000000000000
000000000000000000000000000000000000000000000000000000000000000000000000
000000000000000000000000000000000000000000000000000000000000000000000000
000000000000000000000000000000000000000000000000000000000000000000000000
000000000000000000000000000000000000000000000000000000000000000000000000
000000000000000000000000000000000000000000000000000000000000000000000000
000000000000000000000000000000000000000000000000000000000000000000000000
000000000000000000000000000000000000000000000000000000000000000000000000
000000000000000000000000000000000000000000000000000000000000000000000000
000000000000000000000000000000000000000000000000000000000000000000000000
000000000000000000000000000000000000000000000000000000000000000000000000
000000000000000000000000000000000000000000000000000000000000000000000000
000000000000000000000000000000000000000000000000000000000000000000000000
000000000000000000000000000000000000000000000000000000000000000000000000
000000000000000000000000000000000000000000000000000000000000000000000000
000000000000000000000000000000000000000000000000000000000000000000000000
000000000000000000000000000000000000000000000000000000000000000000000000
000000000000000000000000000000000000000000000000000000000000000000000000
000000000000000000000000000000000000000000000000100000000000000000000000
000000000000000000000000000000000000000000000001111000000000000000000000
000000000000000000000000000000000000000000000011111000000000000000000000
000000000000000000000000000000000000000000000011111000000000000000000000
000000000000000000000000000000000000000000000011111000000000000011000000
000000000000000000000000000000000000000000000001110000000000011111000000
000000000000000000000000000000000000000000000000000000000000011111000000
000000000000000000000000000000000000000000000000000000000000011110000000
000000000000000000000000000000000000000000000000000000000000011110000000
000000000000000000000000000000000000000000000000000000000000011110000000
000000000000000000000000000000000000000000000000000000000000011110000000
000000000000011111000000000000000000000000000000001000000000011110000000
000000000111111111111000000000000000000000000001111000000000011110000000
111100001110000001111100000000000000000000011111111000000000111111111111
111000011100000000011100000000000000000000011111111000000011111111111111
111000011100000000001000000000000000000000000011111000000111111111111110
000000111000000000001000000000000000000000000001111000000000011110000000
000000111000000000001000000000000000000000000001111000000000011110000000
000000111100000000000000000000000000000000000001111000000000011110000000
000000111110000000000000000000000000000000000001111000000000011110000000
000000111111100000000000000000000000000000000001111000000000011110000000
000000011111111111000000000000000000000000000001111000000000011110000000
000000001111111111111000000000000000000000000001111000000000011110000000
000000000111111111111100000000000000000000000001111000000000011110000000
000000000000111111111110000000000000000000000001111000000000011110000000
000000000000000011111110000000000000000000000001111000000000011110000000
000000000000000000111110000000000000000000000001111000000000011110000000
000000000000000000011111000000000000000000000001111000000000011110000000
000000110000000000001110000000000000000000000001111000000000011110000000
000000110000000000001110000000000000000000000001111000000000011110000000
000000110000000000001110000000000000000000000001111000000000011110000000
001000110000000000011100000000000000000000000001111000000000011111000010
111000111000000000111000000000000000000000000011111000000000011111111110
110000111111000011110000000000000000000000011111111111100000001111111100
100000111111111111000000000000000000000000011111111111100000000111111000
000000000011111000000000000000000000000000000000000000000000000000000000
000000000000000000000000000000000000000000000000000000000000000000000000
000000000000000000000000000000000000000000000000000000000000000000000000
000000000000000000000000000000000000000000000000000000000000000000000000
000000000000000000000000000000000000000000000000000000000000000000000000
000000000000000000000000000000000000000000000000000000000000000000000000
000000000000000000000000000000000000000000000000000000000000000000000000
000000000000000000000000000000000000000000000000000000000000000000000000
000000000000000000000000000000000000000000000000000000000000000000000000
000000000000000000000000000000000000000000000000000000000000000000000000
000000000000000000000000000000000000000000000000000000000000000000000000
000000000000000000000000000000000000000000000000000000000000000000000000
000000000000000000000000000000000000000000000000000000000000000000000000
000000000000000000000000000000000000000000000000000000000000000000000000
000000000000000000000000000000000000000000000000000000000000000000000000
000000000000000000000000000000000000000000000000000000000000000000000000
000000000000000000000000000000000000000000000000000000000000000000000000
000000000000000000000000000000000000000000000000000000000000000000000000
000000000000000000000000000000000000000000000000000000000000000000000000
000000000000000000000000000000000000000000000000000000000000000000000000
000000000000000000000000000000000000000000000000000000000000000000000000
000000000000000000000000000000000000000000000000000000000000000000000000
000000000000000000000000000000000000000000000000000000000000000000000000
000000000000000000000000000000000000000000000000000000000000000000000000
000000000000000000000000000000000000000000000000000000000000000000000000
000000000000000000000000000000000000000000000000000000000000000000000000
000000000000000000000000000000000000000000000000000000000000000000000000
000000000000000000000000000000000000000000000000000000000000000000000000
000000000000000000000000000000000000000000000000000000001100000000000000
000000000000000000000000000000000000000000000000000000001110000000000000
000000000000000000000000000000000000000000000000000000011110000000000000
000000000000000000000000000000000000000000000000000000011110000000000000
000000000000000000000000000000000000000000000000000000111111000000000000
000000000000000000000000000000000000000000000000000000111111000000000000
000000000000000000000000000000000000000000000000000000111111100000000000
000000000000000000000000000000000000000000000000000001111111100000000000
000000000000000000000000000000000000000000000000000001100111110000000000
000000000000000000000000000000000000000000000000000011100111110000000000
000000000000000000000000000000000000000000000000000011000011110000000000
000000000000000000000000000000000000000000000000000111000011111000000000
000000000000000000000000000000000000000000000000000110000011111000000000
000000000000000000000000000000000000000000000000000110000001111100000000
000000000000000000000000000000000000000000000000001110000001111100000000
000000000000000000000000000000000000000000000000001100000000111110000000
000000000000000000000000000000000000000000000000011100000000111110000000
000000000000000000000000000000000000000000000000011000000000011110000000
000000000000000000000000000000000000000000000000111000000000011111000000
000000000000000000000000000000000000000000000000110000000000011111000000
000000000000000000000000000000000000000000000001110000000000001111100000
000000000000000000000000000000000000000000000001111111111111111111100000
000000000000000000000000000000000000000000000001111111111111111111110000
000000000000000000000000000000000000000000000011100000000000000111110000
000000000000000000000000000000000000000000000011000000000000000111110000
000000000000000000000000000000000000000000000111000000000000000011111000
000000000000000000000000000000000000000000000110000000000000000011111000
000000000000000000000000000000000000000000001110000000000000000001111100
000000000000000000000000000000000000000000001110000000000000000001111100
000000000000000000000000000000000000000000001100000000000000000001111110
000000000000000000000000000000000000000000011100000000000000000000111110
000000000000000000000000000000000000000000011100000000000000000000111111
000000000000000000000000000000000000000000111100000000000000000000111111
000000000000000000000000000000000000000111111111100000000000001111111111
000000000000000000000000000000000000001111111111110000000000001111111111
000000000000000000000000000000000000000000000000000000000000000000000000
000000000000000000000000000000000000000000000000000000000000000000000000
000000000000000000000000000000000000000000000000000000000000000000000000
000000000000000000000000000000000000000000000000000000000000000000000000
000000000000000000000000000000000000000000000000000000000000000000000000
000000000000000000000000000000000000000000000000000000000000000000000000
000000000000000000000000000000000000000000000000000000000000000000000000
000000000000000000000000000000000000000000000000000000000000000000000000
000000000000000000000000000000000000000000000000000000000000000000000000
000000000000000000000000000000000000000000000000000000000000000000000000
000000000000000000000000000000000000000000000000000000000000000000000000
000000000000000000000000000000000000000000000000000000000000000000000000
000000000000000000000000000000000000000000000000000000000000000000000000
000000000000000000000000000000000000000000000000000000000000000000000000
000000000000000000000000000000000000000000000000000000000000000000000000
000000000000000000000000000000000000000000000000000000000000000000000000
000000000000000000000000000000000000000000000000000000000000000000000000
000000000000000000000000000000000000000000000000000000000000000000000000
000000000000000000000000000000000000000000000000000000000000000000000000
000000000000000000000000000000000000000000000000000000000000000000000000
000000000000000000000000000000000000000000000000000000000000000000000000
000000000000000000000000000000000000000000000000000000000000000000000000
000000000000000000000000000000000000000000000000000000000000000000000000
000000000000000000000000000000000000000000000000000000000000000000000000
000000000000000000000000000000000000000000000000000000000000000000000000
000000000000000000000000000000000000000000000000000000000000000000000000
000000000000000000000000000000000000000000000000000000000000000000000000
000000000000000000000000000000000000000000000000000000000000000000000000
000000000000000000000000000000000000000000000000000000000000000000000000
000000000000000000000000000000000000000000000000000000000000000000000000
000000000000000000000000000000000000000000000000000000000000000000000000
000000000000000000000000000000000000000000000000000000000000000000000000
000000000000000000000000000000000000000000000000000000000000000000000000
000000000000000000000000000000000000000000000000000000000000000000000000
000000000000000000000000000000000000000000000000000000000000000000000000
000000000000000000000000000000000000000000000000000000000000000000000000
000000000000000000000000000000000000000000000000000000000000000000000000
000000000000000000000000000000000000000000000000000000000000000000000000
000000000000000000000000000000000000000000000000000000000000000000000000
000000000000000000000000000000000000000000000000000000000000000000000000
