000000000000000000000000000000000000000000000000000000000000000000000000
000000000000000000000000000000000000000000000000000000000000000000000000
000000000000000000000000000000000000000000000000000000000000000000000000
000000000000000000000000000000000000000000000000000000000000000000000000
000000000000000000000000000000000000000000000000000000000000000000000000
000000000000000000000000000000000000000000000000000000000000000000000000
000000000000000000000000000000000000000000000000000000000000000000000000
000000000000000000000000000000000000000000000000000000000000000000000000
000000000000000000000000000000000000000000000000000000000000000000000000
000000000000000000000000000000000000000000000000000000000000000000000000
000000000000000000000000000000000000000000000000000000000000000000000000
000000000000000000000000000000000000000000000000000000000000000000000000
000000000000000000000000000000000000000000000000000000000000000000000000
000000000000000000000000000000000000000000000000000000000000000000000000
000000000000000000000000000000000000000000000000000000000000000000000000
000000000000000000000000000000000000000000000000000000000000000000000000
000000000000000000000000000000000000000000000000000000000000000000000000
000000000000000000000001111000000000000000000000000000000000000000000000
000000000000000000000111111000000000000000000000000000000000000000000000
000000000000000000001111111000000000000000000000000000000000000000000000
000000000000000000011100011000000000000000000000000000000000000000000000
000000000000000000111000000000000000000000000000000000000000000000000000
000000000000000000110000000000000000000000000000000000000000000000000000
000000000000000001110000000000000000000000000000000000000000000000000000
000000000000000011110000000000000000000000000000000000000000000000000000
000000000000000011110000000000000000000000000000000000000000000000000000
000000000000000011110000000000000000000000000000000000000000000000000000
000000000000000011110000000000000000000000000000000000000000000000000000
000000000000000011110000000000000000000000000000000000000000000000000000
000000000000000011110000000000000000000000000000000000000000000000000000
000011111000000011110000000000000000111111110000000000000000001111111100
000111111000000111111111110000000011110001111100000000000001111111111110
001111111000011111111111110000000111000000011110000000000011110001111110
011111111000111111111111110000011110000000011111000000001110000000001110
111000111000000011110000000000111100000000001111000000011100000000000110
110000011000000011110000000000111100000000001111100000111100000000000110
100000000000000011110000000001111000000000000111100000111000000000000110
000000000000000011110000000001111000000000000111100001111000000000000000
000000000000000011110000000001111000000000000111100001111000000000000000
000000000000000011110000000001111000000000000111100001111000000000000000
000000000000000011110000000011111111111111111111100011111000000000000000
000000000000000011110000000011111111111111100000000011111000000000000000
000000000000000011110000000011111000000000000000000011111000000000000000
000000000000000011110000000011111000000000000000000011111000000000000000
000000000000000011110000000011111000000000000000000011111000000000000000
000000000000000011110000000001111100000000000000000011111000000000000000
000000000000000011110000000001111100000000000000000001111100000000000000
000000000000000011110000000001111100000000000000000001111100000000000000
000000000000000011110000000000111110000000000000000000111110000000000000
000000000000000011110000000000111111000000000001100000111111000000000000
000000000000000111110000000000011111110000000111000000011111110000000010
110000000000001111111000000000001111111111111110000000001111111111111110
111110000000111111111111000000000111111111111100000000000011111111111100
000000000000000000000000000000000000111111100000000000000000111111100000
000000000000000000000000000000000000000000000000000000000000000000000000
000000000000000000000000000000000000000000000000000000000000000000000000
000000000000000000000000000000000000000000000000000000000000000000000000
000000000000000000000000000000000000000000000000000000000000000000000000
000000000000000000000000000000000000000000000000000000000000000000000000
000000000000000000000000000000000000000000000000000000000000000000000000
000000000000000000000000000000000000000000000000000000000000000000000000
000000000000000000000000000000000000000000000000000000000000000000000000
000000000000000000000000000000000000000000000000000000000000000000000000
000000000000000000000000000000000000000000000000000000000000000000000000
000000000000000000000000000000000000000000000000000000000000000000000000
000000000000000000000000000000000000000000000000000000000000000000000000
000000000000000000000000000000000000000000000000000000000000000000000000
000000000000000000000000000000000000000000000000000000000000000000000000
000000000000000000000000000000000000000000000000000000000000000000000000
000000000000000000000000000000000000000000000000000000000000000000000000
000000000000000000000000000000000000000000000000000000000000000000000000
000000000000000000000000000000000000000000000000000000000000000000000000
000000000000000000000000000000000000000000000000000000000000000000000000
000000000000000000000000000000000000000000000000000000000000000000000000
000000000000000000000000000000000000000000000000000000000000000000000000
000000000000000000000000000000000000000000000000000000000000000000000000
000000000000000000000000000000000000000000000000000000000000000000000000
000000000000000000000000000000000000000000000000000000000000000000000000
000000000000000000000000000000000000000000000000000000000000000000000000
000000000000000000000000000000000000000000000000000000000000000000000000
000000000000000000000000000000000000000000000000000000000000000000000000
000000000000000000000000000000000000000000000000000000000000000000000000
000000000000000000000000000000000000000000000000000000000000000000000000
000000000000000000000000000000000000000000000000000000000000000000000000
000000000000000000000000000000000000000000000000000000000000000000000000
000000000000000000000000000000000000000000000000000000000000000000000000
000000000000000000000000000000000000000000000000000000000000000000000000
000000000000000000000000000000000000000000000000000000000000000000000000
000000000000000000000000000000000000000000000000000000000000000000000000
000000000000000000000000000000000000000000000000000000000000000000000000
000000000000000000000000000000000000000000000000000000000000000000000000
000000000000000000000000000000000000000000000000000000000000000000000000
000000000000000000000000000000000000000000000000000000000000000000000000
111000001111111000000000000000001111111100000000000000001100000111100000
111000111111111110000000000000111111111110000000000011111100011111100000
111001111111111111000000000011111111111111000000001111111100111111100000
111011100000111111100000000111000000011111100000000001111101111111100000
111110000000001111110000000111000000000111100000000000111101100011100001
111100000000000111110000000110000000000111100000000000111111000001100011
111000000000000011111000000010000000000111110000000000111110000000000011
111000000000000011111000000000000000000011110000000000111100000000000111
111000000000000001111000000000000000000011110000000000111100000000000111
111000000000000001111000000000000000011111110000000000111100000000000111
111000000000000001111000000000001111111111110000000000111100000000000111
111000000000000001111000000001111110000011110000000000111100000000000111
111000000000000001111000000011110000000011110000000000111100000000000111
111000000000000001111000000111100000000011110000000000111100000000000111
111000000000000001110000001111000000000011110000000000111100000000000111
111000000000000011110000001111000000000011110000000000111100000000000111
111000000000000011100000011111000000000011110000000000111100000000000111
111000000000000011100000011111000000000011110000000000111100000000000011
111000000000000111000000011111000000001111110000000000111100000000000011
111100000000001110000000001111000000011111110000000000111100000000000011
111110000000111000000000001111110001110011110000000000111100000000000001
111111111111110000000000001111111111000011110000000001111110000000000000
111111111111000000000000000111111110000011111110001111111111111000000000
111001111100000000000000000001111100000000000000000000000000000000000000
111000000000000000000000000000000000000000000000000000000000000000000000
111000000000000000000000000000000000000000000000000000000000000000000000
111000000000000000000000000000000000000000000000000000000000000000000000
111000000000000000000000000000000000000000000000000000000000000000000000
111000000000000000000000000000000000000000000000000000000000000000000000
111000000000000000000000000000000000000000000000000000000000000000000000
111000000000000000000000000000000000000000000000000000000000000000000000
111000000000000000000000000000000000000000000000000000000000000000000000
111000000000000000000000000000000000000000000000000000000000000000000000
111000000000000000000000000000000000000000000000000000000000000000000000
111000000000000000000000000000000000000000000000000000000000000000000000
111100000000000000000000000000000000000000000000000000000000000000000000
111111100000000000000000000000000000000000000000000000000000000000000000
000000000000000000000000000000000000000000000000000000000000000000000000
000000000000000000000000000000000000000000000000000000000000000000000000
000000000000000000000000000000000000000000000000000000000000000000000000
000000000000000000000000000000000000000000000000000000000000000000000000
000000000000000000000000000000000000000000000000000000000000000000000000
000000000000000000000000000000000000000000000000000000000000000000000000
000000000000000000000000000000000000000000000000000000000000000000000000
000000000000000000000000000000000000000000000000000000000000000000000000
000000000000000000000000000000000000000000000000000000000000000000000000
000000000000000000000000000000000000000000000000000000000000000000000000
000000000000000000000000000000000000000000000000000000000000000000000000
000000000000000000000000000000000000000000000000000000000000000000000000
000000000000000000000000000000000000000000000000000000000000000000000000
000000000000000000000000000000000000000000000000000000000000000000000000
000000000000000000000000000000000000000000000000000000000000000000000000
000000000000000000000000000000000000000000000000000000000000000000000000
000000000000000000000000000000000000000000000000000000000000000000000000
000000000000000000000000000000000000000000000000000000000000000000000000
000000000000000000000000000000000000000000000000000000000000000000000000
000000000000000000000000000000000000000000000000000000000000000000000000
000000000000000000000000000000000000000000000000000000000000000000000000
000000000000000000000000000000000000000000000000000000000000000000000000
000000000000000000000000000000000000000000000000000000000000000000000000
000000000000000000000000000000000000000000000000000000000000000000000000
000000000000000000000000000000000000000000000000000000000000000000000000
000000000000000000000000000000000000000000000000000000000000000000000000
000000000000000000000000000000000000000000000000000000000000000000000000
000000000000000000000000000000000000000000000000000000000000000000000000
000000000000000000000000000000000000000000000000000000000000000000000000
000000000000000000000000000000000000000000000000000000000000000000000000
000000000000000000000000000000000000000000000000000000000000000000000000
000000000000000000000000000000000000000000000000000000000000000000000000
000000000000000000000000000000000000000000000000000000000000000000000000
000000000000000000000000000000000000000000000000000000000000000000000000
000000000000000000000000000000000000000000000000000000000000000000000000
000000000000000000000000000000000000000000000000000000000000000000000000
000000000000000000000000000000000000000000000000000000000000000000000000
000000000000000000000000000000000000000000000000000000000000000000000000
000000000000000000000000000000000000000000000000000000000000000000000000
000000000000000000000000000000000000000000000000000000000000000000000000
000000000000000000000000000000000000000000000000000000000000000000000000
000000000000000000000000000000000000000000000000000000000000000000000000
000000000000000000000000000000000000000000000000000000000000000000000000
000000000000000000000000000000000000000000000000000000000000000000000000
000000000000000000000000000000000000000000000000000000000000000000000000
000000000000000000000000000000000000000000000000000000000000000000000000
000000000000000000000000000000000000000000000000000000000000000000000000
000000000000000000000000000000000000000000000000000000000000000000000000
000000000000000000000000000000000000000000000000000000000000000000000000
