000000000000000000000000000000000000000000000000000000000000000000000000
000000000000000000000000000000000000000000000000000000000000000000000000
000000000000000000000000000000000000000000000000000000000000000000000000
000000000000000000000000000000000000000000000000000000000000000000000000
000000000000000000000000000000000000000000000000000000000000000000000000
000000000000000000000000000000000000000000000000000000000000000000000000
000000000000000000000000000000000000000000000000000000000000000000000000
000000000000000000000000000000000000000000000000000000000000000000000000
000000000000000000000000000000000000000000000000000000000000000000000000
000000000000000000000000000000000000000000000000000000000000000000000000
000000000000000000000000000000000000000000000000000000000000000000000000
000000000000000000000000000000000000000000000000000000000000000000000000
000000000000000000000000000000000000000000000000000000000000000000000000
000000000000000000000000000000000000000000000000000000000000000000000000
000000000000000000000000000000000000000000000000000000000000000000000000
000000000000000000000000000000000000000000000000000000000000000000000000
000000000000000000000000000000000000000000000000000000000000000000000000
000000000000000000000000000000000000000000000000000000000000000000000000
000000000000000000000000000000000000000000000000000000000000000000000000
000000000000000000000000000000000000000000000000000000000000000000000000
000000000000000000000000000000000000000000000000000000000000000000000000
000000000000000000000000000000000000000000000000000000000000000000000000
000000000000000000000000000000000000000000000000000000000000000000000000
000000000000000000000000000000000000000000000000000000000000000000000000
000000000000000000000000000000000000000000000000000000000000000000000000
000000000000000000000000000000000000000000000000000000000000000000000000
000000000000000000000000000000000000000000000000000000000000000000000000
000000000000000000000000000000000000000000000000000000000000000000000000
000000000000000000000000000000000000000000000000000000000000000000000000
000000000000000000000000000000000000000000000000000000000000000000000000
000000000000000000000000000000000000000000000000000000000000000000000000
000000000000000000000000000000000000000000000000000000000000000000000000
000000000000000000000000000000000000000000000000000000000000000000000000
000000000000000000000000000000000000000000000000000000000000000000000000
000000000000000000000000000000000000000000000000000000000000000000000000
000000000000000000000000000000000000000000000000000000000000000000000000
000000000000000000000000000000000000000000000000000000000000000000000000
000000000000000000000000000000000000000000000000000000000000000000000000
000000000000100000000000000000000000000000000000000000000000000000000000
000000000011111000000000000000000000000000000000000000000000000000000000
000000000011111000000000000000000000000000000000000000000000000000000000
000000000011111000000000000000000000000000000000000000000000000000000000
000000000011111000000000000000000000000000000000000000000000000000000000
000000000001110000000000000000000000000000000000000000000000000000000000
000000000000000000000000000000000000000000000000000000000000000000000000
000000000000000000000000000000000000000000000000000000000000000000000000
000000000000000000000000000000000000000000000000000000000000000000000000
000000000000000000000000000000000000000000000000000000000000000000000000
000000000000000000000000000000000000000000000000000000000000000000000000
000000000000001000000000000011111100000000000000000000000000000001111100
000000000011111000000000011111111111100000000000000000000000001111111111
000000011111111000000000111000000111100000000000000000000000111000001111
000000011111111000000001110000000001100000000000000000000001110000000111
000000000011111000000011100000000001100000000000000000000011100000000011
000000000001111000000011100000000000100000000000000000000111100000000011
000000000001111000000011100000000000100000000000000000000111100000000001
000000000001111000000011110000000000000000000000000000001111000000000001
000000000001111000000011111000000000000000000000000000001111000000000001
000000000001111000000011111110000000000000000000000000001111100000000001
000000000001111000000001111111111100000000000000000000001111100000000001
000000000001111000000001111111111111000000000000000000000111100000000001
000000000001111000000000011111111111110000000000000000000111110000000011
000000000001111000000000000011111111111000000000000000000011111000000111
000000000001111000000000000000001111111000000000000000000001111111111110
000000000001111000000000000000000011111000000000000000000000011111110000
000000000001111000000010000000000001111000000000000000000000011000000000
000000000001111000000010000000000000111000000000000000000000110000000000
000000000001111000000010000000000000111000000000000000000001110000000000
000000000001111000000011000000000001111000000000000000000011110000000000
000000000001111000000011000000000001110000000000000000000011111000000000
000000000011111000000011100000000011100000000000000000000011111111111111
000000011111111111100011111100001111000000000000000000000011111111111111
000000011111111111100011111111111100000000000000000000000000111111111111
000000000000000000000000001111000000000000000000000000000000111000000001
000000000000000000000000000000000000000000000000000000000011100000000000
000000000000000000000000000000000000000000000000000000001111000000000000
000000000000000000000000000000000000000000000000000000001110000000000000
000000000000000000000000000000000000000000000000000000011110000000000000
000000000000000000000000000000000000000000000000000000011110000000000000
000000000000000000000000000000000000000000000000000000011110000000000000
000000000000000000000000000000000000000000000000000000011110000000000000
000000000000000000000000000000000000000000000000000000001111000000000000
000000000000000000000000000000000000000000000000000000001111000000000000
000000000000000000000000000000000000000000000000000000000111100000000000
000000000000000000000000000000000000000000000000000000000011111000000011
000000000000000000000000000000000000000000000000000000000000111111111111
000000000000000000000000000000000000000000000000000000000000000111110000
000000000000000000000000000000000000000000000000000000000000000000000000
000000000000000000000000000000000000000000000000000000000000000000000000
000000000000000000000000000000000000000000000000000000000000000000000000
000000000000000000000000000000000000000000000000000000000000000000000000
000000000000000000000000000000000000000000000000000000000000000000000000
000000000000000000000000000000000000000000000000000000000000000000000000
000000000000000000000000000000000000000000000000000000000000000000000000
000000000000000000000000000000000000000000000000000000000000000000000000
000000000000000000000000000000000000000000000000000000000000000000000000
000000000000000000000000000000000000000000000000000000000000000000000000
000000000000000000000000000000000000000000000000000000000000000000000000
000000000000000000000000000000000000000000000000000000000000000000000000
000000000000000000000000000000000000000000000000000000000000000000000000
000000000000000000000000000000000000000000000000000000000000000000000000
000000000000000000000000000000000000000000000000000000000000000000000000
000000000000000000000000000000000000000000000000000000000000000000000000
000000000000000000000000000000000000000000000000000000000000000000000000
000000000000111100000000000000000000000000000000000000000000000000000000
000000000001111100000000000000000000000000000000000000000000000000000000
000000000001111100000000000000000000000000000000000000000000000000000000
000000000001111100000000000000000000000000000000000000000000000000001000
000000000000111100000000000000000000000000000000000000000000000001111000
000000000000000000000000000000000000000000000000000000000000000011111000
000000000000000000000000000000000000000000000000000000000000000011111000
000000000000000000000000000000000000000000000000000000000000000011111000
000000000000000000000000000000000000000000000000000000000000000001111000
000000000000000000000000000000000000000000000000000000000000000001111000
000000000000000000000000000000000000000000000000000000000000000001111000
000000000000011100000000000111111111110000000000000000000000000001111000
000000000111111100000000001110000111111000000000000000000000000011111111
000000001111111100000000011100000000111000000000000000000000001111111111
000000000001111100000000111000000000011000000000000000000000011111111111
000000000000111100000001111000000000011000000000000000000000000011111000
000000000000111100000001111000000000011000000000000000000000000011111000
000000000000111100000001111000000000000000000000000000000000000011111000
000000000000111100000001111100000000000000000000000000000000000011111000
000000000000111100000001111110000000000000000000000000000000000011111000
000000000000111100000000111111111100000000000000000000000000000011111000
000000000000111100000000111111111111100000000000000000000000000011111000
000000000000111100000000001111111111111000000000000000000000000011111000
000000000000111100000000000011111111111100000000000000000000000011111000
000000000000111100000000000000011111111100000000000000000000000011111000
000000000000111100000000000000000001111110000000000000000000000011111000
000000000000111100000000000000000000111110000000000000000000000011111000
000000000000111100000001100000000000011110000000000000000000000011111000
000000000000111100000001100000000000011100000000000000000000000011111000
000000000000111100000001100000000000011100000000000000000000000011111000
000000000000111100000001100000000000111000000000000000000000000011111000
000000000000111100000001110000000000111000000000000000000000000001111111
000000000111111111100001111100000011110000000000000000000000000001111111
000000001111111111110001111111111111000000000000000000000000000000111111
000000000000000000000000001111111000000000000000000000000000000000000110
000000000000000000000000000000000000000000000000000000000000000000000000
000000000000000000000000000000000000000000000000000000000000000000000000
000000000000000000000000000000000000000000000000000000000000000000000000
000000000000000000000000000000000000000000000000000000000000000000000000
000000000000000000000000000000000000000000000000000000000000000000000000
000000000000000000000000000000000000000000000000000000000000000000000000
000000000000000000000000000000000000000000000000000000000000000000000000
000000000000000000000000000000000000000000000000000000000000000000000000
000000000000000000000000000000000000000000000000000000000000000000000000
000000000000000000000000000000000000000000000000000000000000000000000000
000000000000000000000000000000000000000000000000000000000000000000000000
000000000000000000000000000000000000000000000000000000000000000000000000
000000000000000000000000000000000000000000000000000000000000000000000000
000000000000000000000000000000000000000000000000000000000000000000000000
000000000000000000000000000000000000000000000000000000000000000000000000
000000000000000000000000000000000000000000000000000000000000000000000000
000000000000000000000000000000000000000000000000000000000000000000000000
000000000000000000000000000000000000000000000000000000000000000000000000
000000000000000000000000000000000000000000000000000000000000000000000000
000000000000000000000000000000000000000000000000000000000000000000000000
000000000000000000000000000000000000000000000000000000000000000000000000
000000000000000000000000000000000000000000000000000000000000000000000000
000000000000000000000000000000000000000000000000000000000000000000000000
000000000000000000000000000000000000000000000000000000000000000000000000
000000000000000000000000000000000000000000000000000000000000000000000000
000000000000000000000000000000000000000000000000000000000000000000000000
000000000000000000000000000000000000000000000000000000000000000000000000
000000000000000000000000000000000000000000000000000000000000000000000000
000000000000000000000000000000000000000000000000000000000000000000000000
000000000000000000000000000000000000000000000000000000000000000000000000
000000000000000000000000000000000000000000000000000000000000000000000000
000000000000000000000000000000000000000000000000000000000000000000000000
000000000000000000000000000000000000000000000000000000000000000000000000
000000000000000000000000000000000000000000000000000000000000000000000000
000000000000000000000000000000000000000000000000000000000000000000000000
000000000000000000000000000000000000000000000000000000000000000000000000
000000000000000000000000000000000000000000000000000000000000000000000000
000000000000000000000000000000000000000000000000000000000000000000000000
000000000000000000000000000000000000000000000000000000000000000000000000
000000000000000000000011100000111111100000000000000000111111111000000000
