000000000000011111111111100000000111111110000011111100000011111110000000
000000000000000000000000000000000000000000000000000000000000000000000000
000000000000000000000000000000000000000000000000000000000000000000000000
000000000000000000000000000000000000000000000000000000000000000000000000
000000000000000000000000000000000000000000000000000000000000000000000000
000000000000000000000000000000000000000000000000000000000000000000000000
000000000000000000000000000000000000000000000000000000000000000000000000
000000000000000000000000000000000000000000000000000000000000000000000000
000000000000000000000000000000000000000000000000000000000000000000000000
000000000000000000000000000000000000000000000000000000000000000000000000
000000000000000000000000000000000000000000000000000000000000000000000000
000000000000000000000000000000000000000000000000000000000000000000000000
000000000000000000000000000000000000000000000000000000000000000000000000
000000000000000000000000000000000000000000000000000000000000000000000000
000000000000000000000000000000000000000000000000000000000000000000000000
000000000000000000000000000000000000000000000000000000000000000000000000
000000000000000000000000000000000000000000000000000000000000000000000000
000000000000000000000000000000000000000000000000000000000000000000000000
000000000000000000000000000000000000000000000000000000000000000000000000
000000000000000000000000000000000000000000000000000000000000000000000000
000000000000000000000000000000000000000000000000000000000000000000000000
000000000000000000000000000000000000000000000000000000000000000000000000
000000000000000000000000000000000000000000000000000000000000000000000000
000000000000000000000000000000000000000000000000000000000000000000000000
000000000000000000000000000000000000000000000000000000000000000000000000
000000000000000000000000000000000000000000000000000000000000000000000000
000000000000000000000000000000000000000000000000000000000000000000000000
000000000000000000000000000000000000000000000000000000000000000000000000
000000000000000000000000000000000000000000000000000000000000000000000000
000000000000000000000000000000000000000000000000000000000000000000000000
000000000000000000000000000000000000000000000000000000000000000000000000
000000000000000000000000000000000000000000000000000000000000000000000000
000000000000000000000000000000000000000000000000000000000000000000000000
000000000000000000000100000000000000000000000000000000000000000000000000
000000000000000000011100000000000000000000000000000000000000000000000000
000000000000000000111100000000000000000000000000000000000000000000000000
000000000000000000111100000000000000000000000000000000000000000000000000
000000000000000000111100000000000000000000000000000000000000000000000000
000000000000000000111100000000000000000000000000000000000000000000000000
000000000000000000111100000000000000000000000000000000000000000000000000
000000000000000000111100000000000000000000000000000000000000000000000000
000000000000000000111100000000000001110000000000000111000000000001111000
000000000000000001111111111110011111110000000001111111000000011111111001
000000000000000111111111111110111111110000000011111111000000111111111001
000000000000001111111111111100000011110000000000011111000000000011111011
000000000000000000111100000000000011110000000000001111000000000011111110
000000000000000000111100000000000011110000000000001111000000000011111100
000000000000000000111100000000000011110000000000001111000000000011111000
000000000000000000111100000000000011110000000000001111000000000011111000
000000000000000000111100000000000011110000000000001111000000000011111000
000000000000000000111100000000000011110000000000001111000000000011111000
000000000000000000111100000000000011110000000000001111000000000011111000
000000000000000000111100000000000011110000000000001111000000000011111000
000000000000000000111100000000000011110000000000001111000000000011111000
000000000000000000111100000000000011110000000000001111000000000011111000
000000000000000000111100000000000011110000000000001111000000000011111000
000000000000000000111100000000000011110000000000001111000000000011111000
000000000000000000111100000000000011110000000000011111000000000011111000
000000000000000000111100000000000011111000000000011111000000000011111000
000000000000000000111100000000000011111000000000111111000000000011111000
000000000000000000111110000000000001111100000001101111000000000011111000
000000000000000000111111111100000001111111111111001111100000000011111000
000000000000000000011111111000000000111111111110001111111100011111111111
000000000000000000001111110000000000011111111000001111111100111111111111
000000000000000000000000000000000000000000000000000000000000000000000000
000000000000000000000000000000000000000000000000000000000000000000000000
000000000000000000000000000000000000000000000000000000000000000000000000
000000000000000000000000000000000000000000000000000000000000000000000000
000000000000000000000000000000000000000000000000000000000000000000000000
000000000000000000000000000000000000000000000000000000000000000000000000
000000000000000000000000000000000000000000000000000000000000000000000000
000000000000000000000000000000000000000000000000000000000000000000000000
000000000000000000000000000000000000000000000000000000000000000000000000
000000000000000000000000000000000000000000000000000000000000000000000000
000000000000000000000000000000000000000000000000000000000000000000000000
000000000000000000000000000000000000000000000000000000000000000000000000
000000000000000000000000000000000000000000000000000000000000000000000000
000000000000000000000000000000000000000000000000000000000000000000000000
000000000000000000000000000000000000000000000000000000000000000000000000
000000000000000000000000000000000000000000000000000000000000000000000000
000000000000000000000000000000000000000000000000000000000000000000000000
000000000000000000000000000000000000000000000000000000000000000000000000
000000000000000000000000000000000000000000000000000000000000000000000000
000000000000000000000000000000000000000000000000000000000000000000000000
000000000000000000000000000000000000000000000000000000000000000000000000
000000000000000000000000000000000000000000000000000000000000000000000000
000000000000000000000000000000000000000000000000000000000000000000000000
000000000000000000000000000000000000000000000000000000000000000000000000
000000000000000000000000000000000000000000000000000000000000000000000000
000000000000000000000000000000000000000000000000000000000000000000000000
000000000000000000000000000000000000000000000000000000000000000000000000
000000000000000000000000000000000000000000000110000000000000000000000000
000000000000000000000000000000000000000011111110000000000000000000000000
000000000000000000000000000000000000000111111110000000000000000000000000
000000000000000000000000000000000000000000111110000000000000000000000000
000000000000000000000000000000000000000000011110000000000000000000000000
000000000000000000000000000000000000000000011110000000000000000000000000
000000000000000000000000000000000000000000011110000000000000000000000000
000000000000000000000000000000000000000000011110000000000000000000000000
000000000000000000000000000000000000000000011110000000000000000000000000
000000000000000000000000000000000000000000011110000000000000000000000000
000000000000000000000000000000000000000000011110000000000000000000000000
000000000000000000000000000000000000000000011110000000000000000000000000
000000000000000000000000000000000000000000011110000000000000000000000000
000000000000000000000111111110000000000000011110000000000001110000111110
000000000000000000011111111111100000000000011110000000011111110001111110
000000000000000001111000111111110000000000011110000001111111110011111110
000000000000000001100000000111110000000000011110000000000111110111111110
000000000000000001100000000011110000000000011110000000000111111100001110
000000000000000001000000000011111000000000011110000000000111111000000110
000000000000000000000000000001111000000000011110000000000011110000000000
000000000000000000000000000001111000000000011110000000000011110000000000
000000000000000000000000000001111000000000011110000000000011110000000000
000000000000000000000000011111111000000000011110000000000011110000000000
000000000000000000000111111101111000000000011110000000000011110000000000
000000000000000000111110000001111000000000011110000000000011110000000000
000000000000000001111000000001111000000000011110000000000011110000000000
000000000000000011110000000001111000000000011110000000000011110000000000
000000000000000111100000000001111000000000011110000000000011110000000000
000000000000000111100000000001111000000000011110000000000011110000000000
000000000000000111100000000001111000000000011110000000000011110000000000
000000000000000111100000000001111000000000011110000000000011110000000000
000000000000000111100000000011111000000000011110000000000011110000000000
000000000000000111110000001101111000000000011110000000000111110000000000
000000000000000111111000111001111000000000011110000000000111110000000000
000000000000000011111111100001111100000000111111100000001111111000000000
000000000000000001111111000001111111000111111111111001111111111111100000
000000000000000000011100000000000000000000000000000000000000000000000000
000000000000000000000000000000000000000000000000000000000000000000000000
000000000000000000000000000000000000000000000000000000000000000000000000
000000000000000000000000000000000000000000000000000000000000000000000000
000000000000000000000000000000000000000000000000000000000000000000000000
000000000000000000000000000000000000000000000000000000000000000000000000
000000000000000000000000000000000000000000000000000000000000000000000000
000000000000000000000000000000000000000000000000000000000000000000000000
000000000000000000000000000000000000000000000000000000000000000000000000
000000000000000000000000000000000000000000000000000000000000000000000000
000000000000000000000000000000000000000000000000000000000000000000000000
000000000000000000000000000000000000000000000000000000000000000000000000
000000000000000000000000000000000000000000000000000000000000000000000000
000000000000000000000000000000000000000000000000000000000000000000000000
000000000000000000000000000000000000000000000000000000000000000000000000
000000000000000000000000000000000000000000000000000000000000000000000000
000000000000000000000000000000000000000000000000000000000000000000000000
000000000000000000000000000000000000000000000000000000000000000000000000
000000000000000000000000000000000000000000000000000000000000000000000000
000000000000000000000000000000000000000000000000000000000000000000000000
000000000000000000000000000000000000000000000000000000000000000000000000
000000000000000000000000000000000000000000000000000000000000000000000000
000000000000000000000000000000000000000000000000000000000000000000000000
000000000000000000000000000000000000000000000000000000000000000000000000
000000000000000000000000000000000000000000000000000000000000000000000000
000000000000000000000000000000000000000000000000000000000000000000000000
000000000000000000000000000000000000000000000000000000000000000000000000
000000000000000000000000000000000000000000000000000000000000000000000000
000000000000000000000000000000000000000000000000000000000000000000000000
000000000000000000000000000000000000000000000000000000000000000000000000
000000000000000000000000000000000000000000000000000000000000000000000000
000000000000000000000000000000000000000000000000000000000000000000000000
000000000000000000000000000000000000000000000000000000000000000000000000
000000000000000000000000000000000000000000000000000000000000000000000000
000000000000000000000000000000000000000000000000000000000000000000000000
000000000000000000000000000000000000000000000000000000000000000000000000
000000000000000000000000000000000000000000000000000000000000000000000000
000000000000000000000000000000000000000000000000000000000000000000000000
000000000000000000000000000000000000000000000000000000000000000000000000
000000000000000000000000000000000000000000000000000000000000000000000000
000000000000000000000000000000000000000000000000000000000000000000000000
000000000000000000000000000000000000000000000000000000000000000000000000
000000000000000000000000000000000000000000000000000000000000000000000000
000000000000000000000000000000000000000000000000000000000000000000000000
000000000000000000000000000000000000000000000000000000000000000000000000
000000000000000000000000000000000000000000000000000000000000000000000000
000000000000000000000000000000000000000000000000000000000000000000000000
000000000000000000000000000000000000000000000000000000000000000000000000
000000000000000000000000000000000000000000000000000000000000000000000000
000000000000000000000000000000000000000000000000000000000000000000000000
000000000000000000000000000000000000000000000000000000000000000000000000
000000000000000000000000000000000000000000000000000000000000000000000000
