000000000000000000000000000000000000000000000000000000000000000000000000
000000000000000000000000000000000000000000000000000000000000000000000000
000000000000000000000000000000000000000000000000000000000000000000000000
000000000000000000000000000000000000000000000000000000000000000000000000
000000000000000000000000000000000000000000000000000000000000000000000000
000000000000000000000000000000000000000000000000000000000000000000000000
000000000000000000000000000000000000000000000000000000000000000000000000
000000000000000000000000000000000000000000000000000000000000000000000000
000000000000000000000000000000000000000000000000000000000000000000000000
000000000000000000000000000000000000000000000000000000000000000000000000
000000000000000000000000000000000000000000000000000000000000000000000000
000000000000000000000000000000000000000000000000000000000000000000000000
000000000000000000000000000000000000000000000000000000000000000000000000
000000000000000000000000000000000000000000000000000000000000000000000000
000000000000000000000000000000000000000000000000000000000000000000000000
000000000000000000000000000000000000000000000000000000000000000000000000
000000000000000000000000000000000000000000000000000000000000000000000000
000000000000000000000000000000000000000000000000000000000000000000000000
000000000000000000000000000000000000000000000000000000000000000000000000
000000000000000000000000000000000000000000000000000000000000000000000001
000000000000000000000000000000000000000000000000000000000000000000000011
000000000000000000000000000000000000000000000000000000000000000000000011
000000000000000000000000000000000000000000000000000000000010000000000011
000000000000000000000000000000000000000000000000000000011110000000000001
000000000000000000000000000000000000000000000000000000111110000000000000
000000000000000000000000000000000000000000000000000000111110000000000000
000000000000000000000000000000000000000000000000000000111100000000000000
000000000000000000000000000000000000000000000000000000111100000000000000
000000000000000000000000000000000000000000000000000000111100000000000000
000000000000000000000000000000000000000000000000000000111100000000000000
100000000011111111100000000000000000001111111100000000111100000000000000
100000001111111111110000000000000001111111111111000000111110011110001111
100000011100001111111000000000000011110000111110000011111111111110011111
100000111000000011111000000000001111000000001110001111111111111110000011
100000110000000001111100000000011110000000000110000000111100000000000001
100000110000000000111100000000011100000000000110000000111100000000000001
000000000000000000111100000000111100000000000110000000111100000000000001
000000000000000000111100000001111000000000000010000000111100000000000001
000000000000000000111100000001111000000000000000000000111100000000000001
000000000000001111111100000001111000000000000000000000111100000000000001
000000000011111110111100000001111000000000000000000000111100000000000001
000000011111100000111100000011111000000000000000000000111100000000000001
000000111100000000111100000011111000000000000000000000111100000000000001
000001111000000000111100000011111000000000000000000000111100000000000001
000001111000000000111100000001111000000000000000000000111100000000000001
000011110000000000111100000001111100000000000000000000111100000000000001
000011110000000000111100000001111100000000000000000000111100000000000001
000011110000000000111100000001111110000000000000000000111100000000000001
000011111000000001111100000000111110000000000000000000111100000000000001
000011111000000111111100000000011111000000000000000000111110000000000001
000011111110011100111100000000011111110000000010000000111111111100000011
000001111111111000111110000000001111111111111110000000011111111100000111
000000111111100000111111110000000011111111111100000000001111111000011111
000000000110000000000000000000000000111111110000000000000011100000000000
000000000000000000000000000000000000000000000000000000000000000000000000
000000000000000000000000000000000000000000000000000000000000000000000000
000000000000000000000000000000000000000000000000000000000000000000000000
000000000000000000000000000000000000000000000000000000000000000000000000
000000000000000000000000000000000000000000000000000000000000000000000000
000000000000000000000000000000000000000000000000000000000000000000000000
000000000000000000000000000000000000000000000000000000000000000000000000
000000000000000000000000000000000000000000000000000000000000000000000000
000000000000000000000000000000000000000000000000000000000000000000000000
000000000000000000000000000000000000000000000000000000000000000000000000
000000000000000000000000000000000000000000000000000000000000000000000000
000000000000000000000000000000000000000000000000000000000000000000000000
000000000000000000000000000000000000000000000000000000000000000000000000
000000000000000000000000000000000000000000000000000000000000000000000000
000000000000000000000000000000000000000000000000000000000000000000000000
000000000000000000000000000000000000000000000000000000000000000000000000
000000000000000000000000000000000000000000000000000000000000000000000000
000000000000000000000000000000000000000000000000000000000000000000000000
000000000000000000000000000000000000000000000000000000000000000000000000
000000000000000000000000000000000000000000000000000000000000000000000000
000000000000000000000000000000000000000000000000000000000000000000000000
000000000000000000000000000000000000000000000000000000000000000000000000
000000000000000000000000000000000000000000000000000000000000000000000000
000000000000000000000000000000000000000000000000000000000000000000000000
000000000000000000000000000000000000000000000000000000000000000000000000
000000000000000000000000000000000000000000000000000000000000000000000000
000000000000000000000000000000000000000000000000000000000000000000000000
000000000000000000000000000000000000000000000000000000000000011111111110
000000000000000000000000000000000000000000000000000000000111111111111111
000000000000000000000000000000000000000000000000000000011111100000000111
000000000000000000000000000000000000000000000000000000111100000000000001
000000000000000000000000000000000000000000000000000001111000000000000000
000000000000000000000000000000000000000000000000000011110000000000000000
000000000000000000000000000000000000000000000000000111100000000000000000
000000000000000000000000000000000000000000000000001111000000000000000000
000000000000000000000000000000000000000000000000011111000000000000000000
000000000000000000000000000000000000000000000000011110000000000000000000
000000000000000000000000000000000000000000000000111110000000000000000000
000000000000000000000000000000000000000000000000111110000000000000000000
100000000000000000000000000000000000000000000000111100000000000000000000
111000000000000000000000000000000000000000000001111100000000000000000000
111100000000000000000000000000000000000000000001111100000000000000000000
111110000000000000000000000000000000000000000001111100000000000000000000
111110000000000000000000000000000000000000000001111100000000000000000000
011111000000000000000000000000000000000000000001111100000000000000000000
011111000000000000000000000000000000000000000001111100000000000000000000
001111000000000000000000000000000000000000000001111100000000000000000000
001111000000000000000000000000000000000000000001111100000000000000000000
001111000000000000000000000000000000000000000001111110000000000000000000
001111000000000000000000000000000000000000000001111110000000000000000000
001111000000000000000000000000000000000000000001111110000000000000000000
001111000000000000000000000000000000000000000000111110000000000000000000
001111000000000000000000000000000000000000000000111111000000000000000000
001111000000000000000000000000000000000000000000111111000000000000000000
001111000000000000000000000000000000000000000000011111100000000000000000
001111000000000000000000000000000000000000000000001111100000000000000000
001111000000000000000000000000000000000000000000001111110000000000000000
001111000000000111100000000000000000000000000000000111111000000000000000
001111000000001111110000000000000000000000000000000011111100000000000000
001111000000001111110000000000000000000000000000000001111111000000000000
001111100000001111110000000000000000000000000000000000011111110000000011
001111111100000111100000000000000000000000000000000000001111111111111111
000000000000000000000000000000000000000000000000000000000001111111111100
000000000000000000000000000000000000000000000000000000000000000000000000
000000000000000000000000000000000000000000000000000000000000000000000000
000000000000000000000000000000000000000000000000000000000000000000000000
000000000000000000000000000000000000000000000000000000000000000000000000
000000000000000000000000000000000000000000000000000000000000000000000000
000000000000000000000000000000000000000000000000000000000000000000000000
000000000000000000000000000000000000000000000000000000000000000000000000
000000000000000000000000000000000000000000000000000000000000000000000000
000000000000000000000000000000000000000000000000000000000000000000000000
000000000000000000000000000000000000000000000000000000000000000000000000
000000000000000000000000000000000000000000000000000000000000000000000000
000000000000000000000000000000000000000000000000000000000000000000000000
000000000000000000000000000000000000000000000000000000000000000000000000
000000000000000000000000000000000000000000000000000000000000000000000000
000000000000000000000000000000000000000000000000000000000000000000000000
000000000000000000000000000000000000000000000000000000000000000000000000
000000000000000000000000000000000000000000000000000000000000000000000000
000000000000000000000000000000000000000000000000000000000000000000000000
000000000000000000000000000000000000000000000000000000000000000000000000
000000000000000000000000000000000000000000000000000000000000000000000000
000000000000000000000000000000000000000000000000000000000000000000000000
000000000000000000000000000000000000000000000000000000000000000000000000
000000000000000000000000000000000000000000000000000000000000000000000000
000000000000000000000000000000000000000000000000000000000000000000000000
000000000000000000000000000000000000000000000000000000000000000000000000
000000000000000000000000000000000000000000000000000000000000000000000000
000000000000000000000000000000000000000000000000000000000000000000000000
000000000000000000000000000000000000000000000000000000000000000000000000
000000000000000000000000000000000000000000000000000000000000000000000000
000000000000000000000000000000000000000000000000000000000000000000000000
000000000000000000000000000000000000000000000000000000000000000000000000
000000000000000000000000000000000000000000000000000000000000000000000000
000000000000000000000000000000000000000000000000000000000000000000000000
000000000000000000000000000000000000000000000000000000000000000000000000
000000000000000000000000000000000000000000000000000000000000000000000000
000000000000000000000000000000000000000000000000000000000000000000000000
000000000000000000000000000000000000000000000000000000000000000000000000
000000000000000000000000000000000000000000000000000000000000000000000000
000000000000000000000000000000000000000000000000000000000000000000000000
000000000000000000000000000000000000000000000000000000000000000000000000
000000000000000000000000000000000000000000000000000000000000000000000000
000000000000000000000000000000000000000000000000000000000000000000000000
000000000000000000000000000000000000000000000000000000000000000000000000
000000000000000000000000000000000000000000000000000000000000000000000000
000000000000000000000000000000000000000000000000000000000000000000000000
000000000000000000000000000000000000000000000000000000000000000000000000
000000000000000000000000000000000000000000000000000000000000000000000000
000000000000000000000000000000000000000000000000000000000000000000000000
000000000000000000000000000000000000000000000000000000000000000000000000
000000000000000000000000000000000000000000000000000000000000000000000000
000000000000000000000000000000000000000000000000000000000000000000000000
000000000000000000000000000000000000000000000000000000000000000000000000
000000000000000000000000000000000000000000000000000000000000000000000000
000000000000000000000000000000000000000000000000000000000000000000000000
000000000000000000000000000000000000000000000000000000000000000000000000
000000000000000000000000000000000000000000000000000000000000000000000000
000000000000000000000000000000000000000000000000000000000000000000000000
000000000000000000000000000000000000000000000000000000000000000000000000
000000000000000000000000000000000000000000000000000000000000000000000000
000000000000000000000000000000000000000000000000000000000000000000000000
000000000000000000000000000000000000000000000000000000000000000000000000
000000000000000000000000000000000000000000000000000000000000000000000000
