000000000000000000001111000111111000000011100011111111000000111111111001
000000000000000000111100000000111000000110000000011111000000000011111011
000000000000000001111000000000011000000110000000001111100000000011111110
000000000000000011110000000000011000000100000000000111100000000011111100
000000000000000011100000000000011000000000000000000111100000000011111000
000000000000000111100000000000001000000000000000000111100000000011111000
000000000000000111100000000000000000000000000000000111100000000011111000
000000000000000111100000000000000000000000000001111111100000000011111000
000000000000001111100000000000000000000000011111110111100000000011111000
000000000000001111100000000000000000000011111100000111100000000011111000
000000000000001111100000000000000000000111100000000111100000000011111000
000000000000001111100000000000000000001111000000000111100000000011111000
000000000000001111100000000000000000011111000000000111100000000011111000
000000000000000111100000000000000000011110000000000111100000000011111000
000000000000000111110000000000000000011110000000000111100000000011111000
000000000000000111110000000000000000011110000000000111100000000011111000
000000000000000011111000000000000000011110000000001111100000000011111000
000000000000000011111100000000000000011111000000111111100000000011111100
000000000000000001111111000000001000011111100011100111100000000011111111
000000000000000000111111111111111000001111111111000111110000000011111111
000000000000000000001111111111110000000111111100000111111110000011111111
000000000000000000000011111111000000000001111000000000000000000011111000
000000000000000000000000000000000000000000000000000000000000000011111000
000000000000000000000000000000000000000000000000000000000000000011111000
000000000000000000000000000000000000000000000000000000000000000011111000
000000000000000000000000000000000000000000000000000000000000000011111000
000000000000000000000000000000000000000000000000000000000000000011111000
000000000000000000000000000000000000000000000000000000000000000011111000
000000000000000000000000000000000000000000000000000000000000000011111000
000000000000000000000000000000000000000000000000000000000000000011111000
000000000000000000000000000000000000000000000000000000000000000011111000
000000000000000000000000000000000000000000000000000000000000000011111000
000000000000000000000000000000000000000000000000000000000000000011111000
000000000000000000000000000000000000000000000000000000000000001111111110
000000000000000000000000000000000000000000000000000000000000111111111111
000000000000000000000000000000000000000000000000000000000000000000000000
000000000000000000000000000000000000000000000000000000000000000000000000
000000000000000000000000000000000000000000000000000000000000000000000000
000000000000000000000000000000000000000000000000000000000000000000000000
000000000000000000000000000000000000000000000000000000000000000000000000
000000000000000000000000000000000000000000000000000000000000000000000000
000000000000000000000000000000000000000000000000000000000000000000000000
000000000000000000000000000000000000000000000000000000000000000000000000
000000000000000000000000000000000000000000000000000000000000000000000000
000000000000000000000000000000000000000000000000000000000000000000000000
000000000000000000000000000000000000000000000000000000000000000000000000
000000000000000000000000000000000000000000000000000000000000000000000000
000000000000000000000000000000000000000000000000000000000000000000000000
000000000000000000000000000000000000000000000000000000000000000000000000
000000000000000000000000000000000000000000000000000000000000000000000000
000000000000000000000000000000000000000000000000000000000000000000000000
000000000000000000000000000000000000000000000000000000000000000000000000
000000000000000000000000000000000000000000000000000000000000000000000000
000000000000000000000000000000000000000000000000000000000000000000000000
000000000000000000000000000000000000000000000000000000000000000000000000
000000000000000000000000000000000000000000000000000000000000000000000000
000000000000000000000000000000000000000000000000000000000000000000000000
000000000000000000000000000000000000000000000000000000000000000000000000
000000000000000000000000000000000000000000000000000000000000000000000000
000000000000000000000000000000000000000000000000000000000000000000000000
000000000000000000000000000000000000000000000000000000000000000000000000
000000000000001000000001100000010000000100000000000111111100000000000000
000000000000001111111111100000011111111100000000111111111111100000000000
000000000000000011111100000000000111110000000001110000000111110000000111
000000000000000001111100000000000011100000000011100000000011111000000000
000000000000000001111100000000000011000000000111000000000001111100000000
000000000000000001111100000000000111000000001111000000000000111110000000
000000000000000000111110000000000110000000001110000000000000111110000000
000000000000000000111110000000001110000000011110000000000000011111000000
000000000000000000011110000000001100000000011110000000000000011111000000
000000000000000000011111000000001100000000011110000000000000011111000000
000000000000000000001111000000011000000000111110000000000000011111000000
000000000000000000001111000000011000000000111110000000000000001111000000
000000000000000000001111100000110000000000111110000000000000001111000000
000000000000000000000111100000110000000000111110000000000000001111000000
000000000000000000000111110000110000000000111110000000000000001111000000
000000000000000000000011110001100000000000011111000000000000011111000000
000000000000000000000011110001100000000000011111000000000000011110000000
000000000000000000000011111011000000000000011111000000000000011110000000
000000000000000000000001111111000000000000001111100000000000011100000000
000000000000000000000001111110000000000000001111100000000000111100000000
000000000000000000000000111110000000000000000111110000000001111000000000
000000000000000000000000111110000000000000000011111000000011110000000000
000000000000000000000000111100000000000000000001111111001111000000000000
000000000000000000000000011100000000000000000000011111111100000000000000
000000000000000000000000011000000000000000000000000000000000000000000000
000000000000000000000000011000000000000000000000000000000000000000000000
000000000000000000000000110000000000000000000000000000000000000000000000
000000000000000000000000110000000000000000000000000000000000000000000000
000000000000000000000000110000000000000000000000000000000000000000000000
000000000000000000000001100000000000000000000000000000000000000000000000
000000000000000000000001100000000000000000000000000000000000000000000000
000000000000000000000011000000000000000000000000000000000000000000000000
000000000000000000000111000000000000000000000000000000000000000000000000
000000000000000110001110000000000000000000000000000000000000000000000000
000000000000000111111110000000000000000000000000000000000000000000000000
000000000000000111111100000000000000000000000000000000000000000000000000
000000000000001111110000000000000000000000000000000000000000000000000000
000000000000000000000000000000000000000000000000000000000000000000000000
000000000000000000000000000000000000000000000000000000000000000000000000
000000000000000000000000000000000000000000000000000000000000000000000000
000000000000000000000000000000000000000000000000000000000000000000000000
000000000000000000000000000000000000000000000000000000000000000000000000
000000000000000000000000000000000000000000000000000000000000000000000000
000000000000000000000000000000000000000000000000000000000000000000000000
000000000000000000000000000000000000000000000000000000000000000000000000
000000000000000000000000000000000000000000000000000000000000000000000000
000000000000000000000000000000000000000000000000000000000000000000000000
000000000000000000000000000000000000000000000000000000000000000000000000
000000000000000000000000000000000000000000000000000000000000000000000000
000000000000000000000000000000000000000000000000000000000000000000000000
000000000000000000000000000000000000000000000000000000000000000000000000
000000000000000000000000000000000000000000000000000000000000000000000000
000000000000000000000000000000000000000000000000000000000000000000000000
000000000000000000000000000000000000000000000000000000000000000000000000
000000000000000000000000000000000000000000000000000000000000000000000000
000000000000000000000000000000000000000000000000000000000000000000000000
000000000000000000000000000000000000000000000000000000000000000000000000
000000000000000000000000000000000000000000000000000000000000000000000000
000000000000000000000000000000000000000000000000000000000000000000000000
000000000000000000000000000000000000000000000000000000000000000000000000
000000000000000000000000000000000000000000000000000000000000000000000000
000000000000000000000000000000000000000000000000000000000000000000000000
000000000000000000000000000000000000000000000000000000000000000000000000
000000000000000000000000111110000000000000000000000011111000000000000000
000000000000000000000111111111110000000000000000011111111111000000000000
000000000000000000011100000111111111111100000001111000001111110000000000
000000000000000000111000000001111111111100000011100000000011111000000000
000000000000000001111000000001111111111000000111100000000001111100000000
000000000000000001110000000000111100000000001111000000000001111110000001
000000000000000011110000000000111110000000001111000000000000111110000001
000000000000000011110000000000111110000000011110000000000000011110000011
000000000000000011110000000000011110000000011110000000000000011111000011
000000000000000011110000000000011100000000011110000000000000011111000011
000000000000000011110000000000111100000000111110000000000000011111000011
000000000000000011111000000000111100000000111110000000000000001111000111
000000000000000011111000000001111000000000111110000000000000001111000111
000000000000000001111100000011110000000000111110000000000000001111000111
000000000000000000111111111111000000000000111110000000000000001111000011
000000000000000000001111111100000000000000011110000000000000001111000011
000000000000000000000110000000000000000000011111000000000000011110000011
000000000000000000011100000000000000000000011111000000000000011110000011
000000000000000000111000000000000000000000011111000000000000011100000001
000000000000000001111000000000000000000000001111100000000000111100000001
000000000000000001111110000000000000000000000111110000000000111000000000
000000000000000001111111111111111111000000000011111000000001110000000000
000000000000000000111111111111111111100000000001111110000111000000000000
000000000000000000011111111111111111110000000000111111111100000000000000
000000000000000000011100000000011111110000000000000011000000000000000000
000000000000000001110000000000000111111000000000000000000000000000000000
000000000000000011100000000000000011111000000000000000000000000000000000
000000000000000111100000000000000001111000000000000000000000000000000000
000000000000000111100000000000000001111000000000000000000000000000000000
000000000000000111000000000000000001110000000000000000000000000000000000
000000000000000111000000000000000001110000000000000000000000000000000000
000000000000000111100000000000000011100000000000000000000000000000000000
000000000000000111100000000000000011100000000000000000000000000000000000
000000000000000011110000000000000111000000000000000000000000000000000000
000000000000000011111000000000011110000000000000000000000000000000000000
000000000000000000111110000001111000000000000000000000000000000000000000
000000000000000000011111111111100000000000000000000000000000000000000000
000000000000000000000001111000000000000000000000000000000000000000000000
000000000000000000000000000000000000000000000000000000000000000000000000
000000000000000000000000000000000000000000000000000000000000000000000000
000000000000000000000000000000000000000000000000000000000000000000000000
000000000000000000000000000000000000000000000000000000000000000000000000
000000000000000000000000000000000000000000000000000000000000000000000000
000000000000000000000000000000000000000000000000000000000000000000000000
000000000000000000000000000000000000000000000000000000000000000000000000
000000000000000000000000000000000000000000000000000000000000000000000000
000000000000000000000000000000000000000000000000000000000000000000000000
000000000000000000000000000000000000000000000000000000000000000000000000
000000000000000000000000000000000000000000000000000000000000000000000000
000000000000000000000000000000000000000000000000000000000000000000000000
000000000000000000000000000000000000000000000000000000000000000000000000
000000000000000000000000000000000000000000000000000000000000000000000000
000000000000000000000000000000000000000000000000000000000000000000000000
000000000000000000000000000000000000000000000000000000000000000000000000
000000000000000000000000000000000000000000000000000000000000000000000000
