000000000000000000000000000000000000000000000000000000000000000000000000
000000000000000000000000000000000000000000000000000000000000000000000000
000000000000000000000000000000000000000000000000000000000000000000000000
000000000000000000000000000000000000000000000000000000000000000000000000
000000000000000000000000000000000000000000000000000000000000000000000000
000000000000000000000000000000000000000000000000000000000000000000000000
000000000000000000000000000000000000000000000000000000000000000000000000
000000000000000000000000000000000000000000000000000000000000000000000000
000000000000000000000000000000000000000000000001111111111111111111111110
000000000000000000000000000000000000000000000000111111111111111111111111
000000000000000000000000000000000000000000000000000111111000000000011111
000000000000000000000000000000000000000000000000000011111000000000000001
000000000000000000000000000000000000000000000000000011111000000000000000
000000000000000000000000000000000000000000000000000011111000000000000000
000000000000000000000000000000000000000000000000000011111000000000000000
000000000000000000000000000000000000000000000000000011111000000000000000
000000000000000000000000000000000000000000000000000011111000000000000000
000000000000000000000000000000000000000000000000000011111000000000000000
000000000000000000000000000000000000000000000000000011111000000000000000
000000000000000000000000000000000000000000000000000011111000000000000000
000000000000000000000000000000000000000000000000000011111000000000000000
000000000000000000000000000000000000000000000000000011111000000000000000
000000000000000000000000000000000000000000000000000011111000000000000000
000000000000000000000000000000000000000000000000000011111000000000000000
000000000000000000000000000000000000000000000000000011111000000000000000
000000000000000000000000000000000000000000000000000011111000000000000000
000000000000000000000000000000000000000000000000000011111000000000000000
000000000000000000000000000000000000000000000000000011111000000000000000
000000000000000000000000000000000000000000000000000011111000000000000000
000000000000000000000000000000000000000000000000000011111000000000000000
000000000000000000000000000000000000000000000000000011111000000000000000
000000000000000000000000000000000000000000000000000011111000000000000000
000000000000000000000000000000000000000000000000000011111000000000000000
000000000000000000000000000000000000000000000000000011111000000000000000
000000000000000000000000000000000000000000000000000011111000000000000000
000000000000000000000000000000000000000000000000000011111000000000000000
000000000000000000000000000000000000000000000000000011111000000000000000
000011100000000000000000000000000000000000000000000011111000000000000000
000111110000000000000000000000000000000000000000000011111000000000000001
000111110000000000000000000000000000000000000000000011111000000000000111
000111110000000000000000000000000000000000000000000111111111111111111111
000111110000000000000000000000000000000000000000011111111111111111111110
000011000000000000000000000000000000000000000000011111111111111111000000
000000000000000000000000000000000000000000000000000000000000000000000000
000000000000000000000000000000000000000000000000000000000000000000000000
000000000000000000000000000000000000000000000000000000000000000000000000
000000000000000000000000000000000000000000000000000000000000000000000000
000000000000000000000000000000000000000000000000000000000000000000000000
000000000000000000000000000000000000000000000000000000000000000000000000
000000000000000000000000000000000000000000000000000000000000000000000000
000000000000000000000000000000000000000000000000000000000000000000000000
000000000000000000000000000000000000000000000000000000000000000000000000
000000000000000000000000000000000000000000000000000000000000000000000000
000000000000000000000000000000000000000000000000000000000000000000000000
000000000000000000000000000000000000000000000000000000000000000000000000
000000000000000000000000000000000000000000000000000000000000000000000000
000000000000000000000000000000000000000000000000000000000000000000000000
000000000000000000000000000000000000000000000000000000000000000000000000
000000000000000000000000000000000000000000000000000000000000000000000000
000000000000000000000000000000000000000000000000000000000000000000000000
000000000000000000000000000000000000000000000000000000000000000000000000
000000000000000000000000000000000000000000000000000000000000000000000000
000000000000000000000000000000000000000000000000000000000000000000000000
000000000000000000000000000000000000000000000000000000000000000000000000
000000000000000000000000000000000000000000000000000000000000000000000000
000000000000000000000000000000000000000000000000000000000000000000000000
000000000000000000000000000000000000000000000000000000000000000000000000
000000000000000000000000000000000000000000000000000000000000000000000000
000000000000000000000000000000000000000000000000000000000000000000000000
000000000000000000000000000000000000000000000000000000000000000000000000
000000000011110000000000000000000000000000000000000000000000000000000001
000000111111110000000000000000000000000000000000000000000000000000011111
000000111111110000000000111100000000000000000000000000000000000000011111
000000000111110000000001111100000000000000000000000000000000000000000001
000000000111110000000001111110000000000000000000000000000000000000000001
000000000111110000000001111100000000000001100000000000000110000000000001
000000000111110000000000111000000000001111100000000000011110000000000001
000000000111110000000000000000000000001111100000000000111110000000000001
000000000111110000000000000000000000001111000000000000111110000000000001
000000000111110000000000000000000000001111000000000000111110000000000001
000000000111110000000000000000000000001111000000000000111110000000000001
000000000111110000000000000000000000001111000000000000111110000000000001
000000000111110000000000000100000000001111000000000000111110000000000001
000000000111110000000000111100000000001111000000000000111110000000000001
000000000111110000001111111100000000011111111111100001111111111110000001
000000000111110000001111111100000001111111111111100111111111111110000001
000000000111110000000000111100000011111111111111000111111111111110000001
000000000111110000000000111100000000001111000000000000111110000000000001
000000000111110000000000111100000000001111000000000000111110000000000001
000000000111110000000000111100000000001111000000000000111110000000000001
000000000111110000000000111100000000001111000000000000111110000000000001
000000000111110000000000111100000000001111000000000000111110000000000001
000000000111110000000000111100000000001111000000000000111110000000000001
000000000111110000000000111100000000001111000000000000111110000000000001
000000000111110000000000111100000000001111000000000000111110000000000001
000000000111110000000000111100000000001111000000000000111110000000000001
000000000111110000000000111100000000001111000000000000111110000000000001
000000000111110000000000111100000000001111000000000000111110000000000001
000000000111110000000000111100000000001111000000000000111110000000000001
000000000111110000000000111100000000001111000000000000111110000000000001
000000000111110000000000111100000000001111000000000000111110000000000001
000000000111110000000000111100000000001111100000000000111110000000000001
000000000111110000000000111100000000001111100001000000111110000000000001
000000000111110000000000111100000000000111111111000000011111111100000001
000000111111111111001111111111110000000111111110000000011111111100011111
000001111111111111001111111111110000000011111100000000001111111000011111
000000000000000000000000000000000000000000000000000000000000000000000000
000000000000000000000000000000000000000000000000000000000000000000000000
000000000000000000000000000000000000000000000000000000000000000000000000
000000000000000000000000000000000000000000000000000000000000000000000000
000000000000000000000000000000000000000000000000000000000000000000000000
000000000000000000000000000000000000000000000000000000000000000000000000
000000000000000000000000000000000000000000000000000000000000000000000000
000000000000000000000000000000000000000000000000000000000000000000000000
000000000000000000000000000000000000000000000000000000000000000000000000
000000000000000000000000000000000000000000000000000000000000000000000000
000000000000000000000000000000000000000000000000000000000000000000000000
000000000000000000000000000000000000000000000000000000000000000000000000
000000000000000000000000000000000000000000000000000000000000000000000000
000000000000000000000000000000000000000000000000000000000000000000000000
000000000000000000000000000000000000000000000000000000000000000000000000
000000000000000000000000000000000000000000000000000000000000000000000000
000000000000000000000000000000000000000000000000000000000000000000000000
000000000000000000000000000000000000000000000000000000000000000000000000
000000000000000000000000000000000000000000000000000000000000000000000000
000000000000000000000000000000000000000000000000000000000000000000000000
000000000000000000000000000000000000000000000000000000000000000000000000
000000000000000000000000000000000000000000000000000000000000000000000000
000000000000000000000000000000000000000000000000000000000000000000000000
000000000000000000000000000000000000000000000000000000000000000000000000
000000000000000000000000000000000000000000000000000000000000000000000000
000000000000000000000000000000000000000000000000000000000000000000000000
000000000000000000000000000000000000000000000000000000000000000000000000
000000000000000000000000000000000000000000000000000000000000000000000000
000000000000000000000000000000000000000000000000000000000000000000000000
000000000000000000000000000000000000000000000000000000000000000000000000
000000000000000000000000000000000000000000000000000000000000000000000000
000000000000000000000000000000000000000000000000000000000000000000000000
000000000000000000000000000000000000000000000000000000000000000000000000
000000000000000000000000000000000000000000000000000000000000000000000000
000000000000000000000000000000000000000000000000000000000000000000000000
000000000000000000000000000000000000000000000000000000000000000000000000
000000000000000000000000000000000000000000000000000000000000000000000000
000000000000000000000000000000000000000000000000000000000000000000000000
000000000000000000000000000000000000000000000000000000000000000000000000
000000000000000000000000000000000000000000000000000000000000000000000000
000000000011111111000000000000011100001111100000000000000000001111000011
000000001110000111110000001111111100011111100000000000000011111111000111
000000111100000001111000001111111100111111100000000000000111111111001111
000001110000000001111100000001111101111111100000000000000000011111011000
000011110000000000111100000000111111000011100000000000000000011111100000
000011100000000000111100000000111110000001100000000000000000011111000000
000111100000000000111110000000111110000000000000000000000000011111000000
000111100000000000011110000000111100000000000000000000000000011111000000
001111100000000000011110000000111100000000000000000000000000011111000000
001111100000000000111110000000111100000000000000000000000000011111000000
001111111111111111111110000000111100000000000000000000000000011111000000
001111100000000000000000000000111100000000000000000000000000011111000000
001111100000000000000000000000111100000000000000000000000000011111000000
001111100000000000000000000000111100000000000000000000000000011111000000
001111100000000000000000000000111100000000000000000000000000011111000000
000111100000000000000000000000111100000000000000000000000000011111000000
000111110000000000000000000000111100000000000000000000000000011111000000
000111110000000000000000000000111100000000000000000000000000011111000000
000111111000000000000000000000111100000000000000000000000000011111000000
000011111100000000000100000000111100000000000000000000000000011111100000
000001111111000000011100000000111100000000000000000000000000011111111000
000000111111111111111000000111111111110000000000000000000000011111111111
000000001111111111100000001111111111111000000000000000000000011111111111
000000000011111100000000000000000000000000000000000000000000011111000010
000000000000000000000000000000000000000000000000000000000000011111000000
000000000000000000000000000000000000000000000000000000000000011111000000
000000000000000000000000000000000000000000000000000000000000011111000000
000000000000000000000000000000000000000000000000000000000000011111000000
000000000000000000000000000000000000000000000000000000000000011111000000
000000000000000000000000000000000000000000000000000000000000011111000000
000000000000000000000000000000000000000000000000000000000000011111000000
000000000000000000000000000000000000000000000000000000000000011111000000
000000000000000000000000000000000000000000000000000000000000011111000000
