000000000000001111100000000000000000000000000000000000000000000000000000
000000000001111111111100000000000000000000000000000000000000000000000000
000000000011111111111110000000000000000000000000000000000000000000000000
000000000000000000000000000000000000000000000000000000000000000000000000
000000000000000000000000000000000000000000000000000000000000000000000000
000000000000000000000000000000000000000000000000000000000000000000000000
000000000000000000000000000000000000000000000000000000000000000000000000
000000000000000000000000000000000000000000000000000000000000000000000000
000000000000000000000000000000000000000000000000000000000000000000000000
000000000000000000000000000000000000000000000000000000000000000000000000
000000000000000000000000000000000000000000000000000000000000000000000000
000000000000000000000000000000000000000000000000000000000000000000000000
000000000000000000000000000000000000000000000000000000000000000000000000
000000000000000000000000000000000000000000000000000000000000000000000000
000000000000000000000000000000000000000000000000000000000000000000000000
000000000000000000000000000000000000000000000000000000000000000000000000
000000000000000000000000000000000000000000000000000000000000000000000000
000000000000000000000000000000000000000000000000000000000000000000000000
000000000000000001100000000000000000000000000000000000000000000001000000
000000000000011111100000000000000000000000000000000000000000011111000000
000000000001111111100000000000000000000000000000000000000011111111000000
000000000000001111100000000000000000000000000000000000000000001111000000
000000000000000111100000000000000000000000000000000000000000001111000000
000000000000000111100000000000000000000000000000001000000000001111000000
000000000000000111100000000000000000000000000000111000000000001111000000
000000000000000111100000000000000000000000000001111000000000001111000000
000000000000000111100000000000000000000000000001111000000000001111000000
000000000000000111100000000000000000000000000001111000000000001111000000
000000000000000111100000000000000000000000000001111000000000001111000000
000000000000000111100000000000000000000000000001111000000000001111000000
000000000000000111100000000000000000000000000001111000000000001111000000
000000111111000111100000000000000000000000000001111000000000001111000001
000011111111111111100000000000000000000000000001111000000000001111000011
001110000011111111100000000000000000000000000111111111111000001111000111
111000000000111111100000000000000000000000011111111111111000001111001100
110000000000001111100000000000000000000000000011111000000000001111110000
110000000000000111100000000000000000000000000001111000000000001111100000
100000000000000111100000000000000000000000000001111000000000001111100000
100000000000000111100000000000000000000000000001111000000000001111100000
100000000000000111100000000000000000000000000001111000000000001111000000
000000000000000111100000000000000000000000000001111000000000001111000000
000000000000000111100000000000000000000000000001111000000000001111000000
000000000000000111100000000000000000000000000001111000000000001111000000
000000000000000111100000000000000000000000000001111000000000001111000000
100000000000000111100000000000000000000000000001111000000000001111000000
100000000000000111100000000000000000000000000001111000000000001111000000
100000000000000111100000000000000000000000000001111000000000001111000000
100000000000001111100000000000000000000000000001111000000000001111000000
110000000000001111100000000000000000000000000001111000000000001111000000
111000000000011111100000000000000000000000000001111000000000001111000000
111100000000110111100000000000000000000000000001111000000000001111000000
111110000011100111100000000000000000000000000001111100011000001111100000
111111111111000111110000000000000000000000000001111111110000011111100000
011111111110000111111110000000000000000000000000111111100011111111111110
000011111000000000000000000000000000000000000000001111000000000000000000
000000000000000000000000000000000000000000000000000000000000000000000000
000000000000000000000000000000000000000000000000000000000000000000000000
000000000000000000000000000000000000000000000000000000000000000000000000
000000000000000000000000000000000000000000000000000000000000000000000000
000000000000000000000000000000000000000000000000000000000000000000000000
000000000000000000000000000000000000000000000000000000000000000000000000
000000000000000000000000000000000000000000000000000000000000000000000000
000000000000000000000000000000000000000000000000000000000000000000000000
000000000000000000000000000000000000000000000000000000000000000000000000
000000000000000000000000000000000000000000000000000000000000000000000000
000000000000000000000000000000000000000000000000000000000000000000000000
000000000000000000000000000000000000000000000000000000000000000000000000
000000000000000000000000000000000000000000000000000000000000000000000000
000000000000000000000000000000000000000000000000000000000000000000000000
000000000000000000000000000000000000000000000000000000000000000000000000
000000000000000000000000000000000000000000000000000000000000000000000000
000000000000000000000000000000000000000000000000000000000000000000000000
000000000000000000000000000000000000000000000000000000000000000000000000
000000000000000000000000000000000000000000000000000000000000000000000000
000000000000000000000000000000000000000000000000000000000000000000000000
000000000000000000000000000000000000000000000000000000000000000000000000
000000000000000000000000000000000000000000000000000000000000000000000000
000000000000000000000000000000000000000000000000000000000000000000000000
000000000000000000000000000000000000000000000000000000000000000000000000
000000000000000000000000000000000000000000000000000000000000000000000000
000000000000000000000000000000000000000000000000000000000000000000000000
000000000000000000000000000000000000000000000000000000000000000000000000
000000000000000000000000000000000000000000000000000000000000000000000000
000000000000000000000000000000000000000000000000000000000000000000000000
000000000000000000000000000000000000000000000000000000000000000000000000
000000000000000000000000000000000000000000000000000000000000000000000000
000000000000000000000000000000000000000000000000000000000000000000000000
000000000000000000000000000000000000000000000000000000000000000000000000
000000000000000000000000000000000000000000000000000000000000000000000000
000000000000000000000000000000000000000000000000000000000000000000000000
000000000000000000000000000000000000000000000000000000000000000000000000
000000000000000000000000000000000000000000000000000000000000000000000000
000000000000000000000000000000000000000000000000000000000000000000000000
000000000000000000000000000000000000000000000000000000000000000000000000
000000011111000000000000000000000000000000000000000000000000000000000011
000011111111110000001111111111110000011111111110000000000000000000011111
001111000001111000000011111110000000000011111000000000000000000000111111
011100000000111100000001111100000000000001110000000000000000000011100000
111000000000011110000000111110000000000001100000000000000000000011000000
111000000000011110000000111110000000000011100000000000000000000011000000
110000000000011111000000011110000000000011000000000000000000000011000000
110000000000001111000000011111000000000111000000000000000000000000000000
110000000000001111000000001111000000000110000000000000000000000000000000
110000000000001111000000001111100000000110000000000000000000000000000000
111111111111111111000000001111100000001100000000000000000000000000000111
111111111111111110000000000111100000001100000000000000000000000000011111
110000000000000000000000000111110000011000000000000000000000000001111000
110000000000000000000000000011110000011000000000000000000000000011110000
110000000000000000000000000011110000011000000000000000000000000111100000
110000000000000000000000000001111000110000000000000000000000000111100000
111000000000000000000000000001111000110000000000000000000000001111000000
111000000000000000000000000001111101100000000000000000000000001111000000
111100000000000000000000000000111101100000000000000000000000001111100000
111110000000000000000000000000111111000000000000000000000000001111100000
111111000000000110000000000000011111000000000000000000000000000111110000
011111110000011110000000000000011111000000000000000000000000000111111111
001111111111111100000000000000011110000000000000000000000000000011111111
000011111111100000000000000000001110000000000000000000000000000000111110
000000000000000000000000000000001100000000000000000000000000000000000000
000000000000000000000000000000001100000000000000000000000000000000000000
000000000000000000000000000000011000000000000000000000000000000000000000
000000000000000000000000000000011000000000000000000000000000000000000000
000000000000000000000000000000011000000000000000000000000000000000000000
000000000000000000000000000000110000000000000000000000000000000000000000
000000000000000000000000000000110000000000000000000000000000000000000000
000000000000000000000000000001100000000000000000000000000000000000000000
000000000000000000000000000011100000000000000000000000000000000000000000
000000000000000000000011000111000000000000000000000000000000000000000000
000000000000000000000011111111000000000000000000000000000000000000000000
000000000000000000000011111110000000000000000000000000000000000000000000
000000000000000000000111111100000000000000000000000000000000000000000000
000000000000000000000001100000000000000000000000000000000000000000000000
000000000000000000000000000000000000000000000000000000000000000000000000
000000000000000000000000000000000000000000000000000000000000000000000000
000000000000000000000000000000000000000000000000000000000000000000000000
000000000000000000000000000000000000000000000000000000000000000000000000
000000000000000000000000000000000000000000000000000000000000000000000000
000000000000000000000000000000000000000000000000000000000000000000000000
000000000000000000000000000000000000000000000000000000000000000000000000
000000000000000000000000000000000000000000000000000000000000000000000000
000000000000000000000000000000000000000000000000000000000000000000000000
000000000000000000000000000000000000000000000000000000000000000000000000
000000000000000000000000000000000000000000000000000000000000000000000000
000000000000000000000000000000000000000000000000000000000000000000000000
000000000000000000000000000000000000000000000000000000000000000000000000
000000000000000000000000000000000000000000000000000000000000000000000000
000000000000000000000000000000000000000000000000000000000000000000000000
000000000000000000000000000000000000000000000000000000000000000000000000
000000000000000000000000000000000000000000000000000000000000000000000000
000000000000000000000000000000000000000000000000000000000000000000000000
000000000000000000000000000000000000000000000000000000000000000000000000
000000000000000000000000000000000000000000000000000000000000000000000000
000000000000000000000000000000000000000000000000000000000000000000000000
000000000000000000000000000000000000000000000000000000000000000000000000
000000000000000000000000000000000000000000000000000000000000000000000000
000000000000000000000000000000000000000000000000000000000000000000000000
000000000000000000000000000000000000000000000000000000000000000000000000
000000000000000000000000000000000000000000000000000000000000111100000000
100111111111110000001111111110000000000000000000001111000011111111100000
100001111111000000000011111100000000000000000011111111000111111111111000
100000111110000000000001110000000000000000000011111111001111111111111100
100000111110000000000001110000000000000000000000011111111000000011111110
100000011110000000000001100000000000000000000000011111100000000000111110
100000011111000000000011100000000000000000000000011111000000000000011111
000000001111000000000011000000000000000000000000011111000000000000011111
000000001111100000000011000000000000000000000000011111000000000000001111
000000001111100000000110000000000000000000000000011111000000000000001111
000000000111100000000110000000000000000000000000011111000000000000001111
000000000111110000001100000000000000000000000000011111000000000000001111
000000000011110000001100000000000000000000000000011111000000000000001111
000000000011110000001100000000000000000000000000011111000000000000001111
000000000011111000011000000000000000000000000000011111000000000000001111
000000000001111000011000000000000000000000000000011111000000000000001110
000000000001111100110000000000000000000000000000011111000000000000011110
000000000000111100110000000000000000000000000000011111000000000000011100
000000000000111111100000000000000000000000000000011111000000000000111000
000000000000011111100000000000000000000000000000011111000000000001111000
000000000000011111100000000000000000000000000000011111110000000011100000
000000000000011111000000000000000000000000000000011111111100001111000000
