000000000000000000000001111111111111111111110000000000000000000000000000
000000000000000000000011100000000000000011111000000000000000000000000000
000000000000000000000011100000000000000011111000000000000000000000000000
000000000000000000000011000000000000000001111000000000000000000000000000
000000000000000000000111000000000000000001111100000000000000000000000000
000000000000000000000110000000000000000001111100000000000000000000000000
000000000000000000001110000000000000000000111110000000000000000000000000
000000000000000000001110000000000000000000111110000000000000000000000000
000000000000000000011100000000000000000000011111000000000000000000000000
000000000000000000011100000000000000000000011111000000000000000000000000
000000000000000000111110000000000000000000111111100000000000000000000000
000000000000000111111111110000000000000111111111111100000000000000000000
000000000000000110000000110000000000000110000000001000000000000000000000
000000000000000000000000000000000000000000000000000000000000000000000000
000000000000000000000000000000000000000000000000000000000000000000000000
000000000000000000000000000000000000000000000000000000000000000000000000
000000000000000000000000000000000000000000000000000000000000000000000000
000000000000000000000000000000000000000000000000000000000000000000000000
000000000000000000000000000000000000000000000000000000000000000000000000
000000000000000000000000000000000000000000000000000000000000000000000000
000000000000000000000000000000000000000000000000000000000000000000000000
000000000000000000000000000000000000000000000000000000000000000000000000
000000000000000000000000000000000000000000000000000000000000000000000000
000000000000000000000000000000000000000000000000000000000000000000000000
000000000000000000000000000000000000000000000000000000000000000000000000
000000000000000000000000000000000000000000000000000000000000000000000000
000000000000000000000000000000000000000000000000000000000000000000000000
000000000000000000000000000000000000000000000000000000000000000000000000
000000000000000000000000000000000000000000000000000000000000000000000000
000000000000000000000000000000000000000000000000000000000000000000000000
000000000000000000000000000000000000000000000000000000000000000000000000
000000000000000000000000000000000000000000000000000000000000000000000000
000000000000000000000000000000000000000000000000000000000000000000000000
000000000000000000000000000000000000000000000000000000000000000000000000
000000000000000000000000000000000000000000000000000000000000000000000000
000000000000000000000000000000000000000000000000000000000000000000000000
000000000000000000000000000000000000000000000000000000000000000000000000
000000000000000000000000000000000000000000000000000000000000000000000000
000000000000000000000000000000000000000000000000000000000000000000000000
000000000000000000000000000000000000000000000000000000000000000000000000
000000000000000000111100000000000000000000000000000000000000000000000000
000000000000001111111100000000000000000000000000000000000000000000000000
000000000000001111111100000000000000000000000000000000000000000000000000
000000000000000001111100000000000000000000000000000000000000000000000000
000000000000000001111100000000000000000000000000000000000000000000000000
000000000000000001111100000000000000000000000000000000000000000000000000
000000000000000001111100000000000000000000000000000000000000000000000000
000000000000000001111100000000000000000000000000000000000000000000000000
000000000000000001111100000000000000000000000000000000000000000000000000
000000000000000001111100000000000000000000000000000000000000000000000000
000000000000000001111100000000000000000000000000000000000000000000000000
000000000000000001111100000000000000000000000000000000000000000000000000
110000000000000001111100000000000000011111000000000000000000000011111000
111110000000000001111100000000000011111111110000000000000000011111111110
111111000000000001111100000000001111111111111000000000000001111111111111
111111100000000001111100000000011100000011111100000000000011100000011111
001111110000000001111100000000111000000001111100000000000111000000000111
000111111000000001111100000000110000000000111100000000001110000000000011
000011111000000001111100000000110000000000111110000000011100000000000011
000001111100000001111100000000000000000000011110000000111100000000000011
000001111100000001111100000000000000000000011110000000111100000000000000
000001111100000001111100000000000000000000111110000000111000000000000000
000000111100000001111100000000000000111111111110000001111000000000000000
000000111100000001111100000000000111111000011110000001111000000000000000
000000111100000001111100000000011111000000011110000001111000000000000000
000000111000000001111100000000111100000000011110000001111100000000000000
000001111000000001111100000001111100000000011110000001111100000000000000
000001111000000001111100000001111000000000011110000001111100000000000000
000001110000000001111100000001111000000000011110000001111100000000000000
000011110000000001111100000011111000000000011110000000111110000000000000
000011100000000001111100000011111000000000111110000000111110000000000000
000111000000000001111100000001111000000001111110000000011111000000000000
001100000000000001111100000001111100000111011110000000011111110000000000
111000000000000001111100000001111111111100011110000000001111111000000011
100000000000001111111111110000111111111000011111110000000011111111111111
000000000000001111111111110000011111100000011111110000000001111111111100
000000000000000000000000000000000000000000000000000000000000000111000000
000000000000000000000000000000000000000000000000000000000000000000000000
000000000000000000000000000000000000000000000000000000000000000000000000
000000000000000000000000000000000000000000000000000000000000000000000000
000000000000000000000000000000000000000000000000000000000000000000000000
000000000000000000000000000000000000000000000000000000000000000000000000
000000000000000000000000000000000000000000000000000000000000000000000000
000000000000000000000000000000000000000000000000000000000000000000000000
000000000000000000000000000000000000000000000000000000000000000000000000
000000000000000000000000000000000000000000000000000000000000000000000000
000000000000000000000000000000000000000000000000000000000000000000000000
000000000000000000000000000000000000000000000000000000000000000000000000
000000000000000000000000000000000000000000000000000000000000000000000000
000000000000000000000000000000000000000000000000000000000000000000000000
000000000000000000000000000000000000000000000000000000000000000000000000
000000000000000000000000000000000000000000000000000000000000000000000000
000000000000000000000000000000000000000000000000000000000000000000000000
000000000000000000000000000000000000000000000000000000000000000000000000
000000000000000000000000000000000000000000000000000000000000000000000000
000000000000000000000000000000000000000000000000000000000000000000000000
000000000000000000000000000000000000000000000000000000000000000000000000
000000000000000000000000000000000000000000000000000000000000000000000000
000000000000000000000000000000000000000000000000000000000000000000000000
000000000000000000000000000000000000000000000000000000000000000000000000
000000000000000000000000000000000000000000000000000000000000000000000000
000000000000000000000000000000000000000000000000000000000000000000000000
000000000000000000000000000000000000000000000000000000000000000000000000
000000000000000000000000000000000000000000000000000000000000000000000000
000000000000000000000000000000000000000000000000000000000000000000000000
000000000000000000000000000000000000000000000000000001111000000000000000
000000000000000000000000000000000000000000000000000001111100000000000000
000000000000000000000000000000000000000000000000000011111100000000000000
000000000000000000000000000000000000000000000000000001111100000000000000
000000000000000000000000000000000000000000000000000001111000000000000000
000000000000000000000000000000000000000000000000000000000000000000000000
000000000000000000000000000000000000000000000000000000000000000000000000
000000000000000000000000000000000000000000000000000000000000000000000000
000000000000000000000000000000000000000000000000000000000000000000000000
000000000000000000000000000000000000000000000000000000000000000000000000
000000000000000000000000000000000000000000001000000000000000000000000000
110000000000000111000011111000000011110000111110000000111000000000000001
111100000011111111000111111000111111110001111110001111111000000000000111
011110000011111111001111111000111111110011111110011111111000000000001110
011111000000011111011111111000000111110111111110000001111000000000011100
001111000000001111110000011000000011111100001110000001111000000000111100
001111100000001111100000001000000011111000000110000001111000000001111000
001111100000001111100000000000000011110000000000000001111000000001111000
000111100000001111000000000000000011110000000000000001111000000011111000
000111100000001111000000000000000011110000000000000001111000000011111000
001111100000001111000000000000000011110000000000000001111000000011111100
111111100000001111000000000000000011110000000000000001111000000011111111
000000000000001111000000000000000011110000000000000001111000000011111000
000000000000001111000000000000000011110000000000000001111000000011111000
000000000000001111000000000000000011110000000000000001111000000011111000
000000000000001111000000000000000011110000000000000001111000000011111000
000000000000001111000000000000000011110000000000000001111000000011111000
000000000000001111000000000000000011110000000000000001111000000001111100
000000000000001111000000000000000011110000000000000001111000000001111100
000000000000001111000000000000000011110000000000000001111000000001111110
000001000000001111000000000000000011110000000000000001111100000000111111
000111000000001111000000000000000111110000000000000001111100000000011111
111110000011111111111110000000111111111111000000001111111111100000001111
111000000011111111111110000001111111111111100000011111111111110000000111
000000000000000000000000000000000000000000000000000000000000000000000000
000000000000000000000000000000000000000000000000000000000000000000000000
000000000000000000000000000000000000000000000000000000000000000000000000
000000000000000000000000000000000000000000000000000000000000000000000000
000000000000000000000000000000000000000000000000000000000000000000000000
000000000000000000000000000000000000000000000000000000000000000000000000
000000000000000000000000000000000000000000000000000000000000000000000000
000000000000000000000000000000000000000000000000000000000000000000000000
000000000000000000000000000000000000000000000000000000000000000000000000
000000000000000000000000000000000000000000000000000000000000000000000000
000000000000000000000000000000000000000000000000000000000000000000000000
000000000000000000000000000000000000000000000000000000000000000000000000
000000000000000000000000000000000000000000000000000000000000000000000000
000000000000000000000000000000000000000000000000000000000000000000000000
000000000000000000000000000000000000000000000000000000000000000000000000
000000000000000000000000000000000000000000000000000000000000000000000000
000000000000000000000000000000000000000000000000000000000000000000000000
000000000000000000000000000000000000000000000000000000000000000000000000
000000000000000000000000000000000000000000000000000000000000000000000000
000000000000000000000000000000000000000000000000000000000000000000000000
000000000000000000000000000000000000000000000000000000000000000000000000
000000000000000000000000000000000000000000000000000000000000000000000000
000000000000000000000000000000000000000000000000000000000000000000000000
000000000000000000000000000000000000000000000000000000000000000000000000
000000000000000000000000000000000000000000000000000000000000000000000000
000000000000000000000000000000000000000000000000000000000000000000000000
000000000000000000000000000000000000000000000000000000000000000000000000
000000000000000000000000000000000000000000000000000000000000000000000000
000000000000000000000000000000000000000000000000000000000000000000000000
000000000000000000000000000000000000000000000000000000000000000000000000
000000000000000000000000000000000000000000000000000000000000000000000000
000000000000000000000000000000000000000000000000000000000000000000000000
000000000000000000000000000000000000000000000000000000000000000000000000
000000000000000000000000000000000000000000000000000000000000000000000000
000000000000000000000000000000000000000000000000000000000000000000000000
000000000000000000000000000000000000000000000000000000000000000000000000
000000000000000000000000000000000000000000000000000000000000000000000000
000000000000000000000000000000000000000000000000000000000000000000000000
000000000000000000000000000000000000000000000000000000000000000000000000
000000000000000000000000000000000000000000000000000000000000000000000000
