000000000000000000000000000000000000000000000001111000000000000000000000
000000000000000000000000000000000000000000000011111000000000000000000000
000000000000000000000000000000000000000000000011111000000000000000000000
000000000000000000000000000000000000000000000011111000000000000000000000
000000000000000000000000000000000000000000000001110000000000000000000000
000000000000000000000000000000000000000000000000000000000000000000000000
000000000000000000000000000000000000000000000000000000000000000000000000
000000000000000000000000000000000000000000000000000000000000000000000000
000000000000000000000000000000000000000000000000000000000000000000000000
000000000000000000000000000000000000000000000000000000000000000000000000
000000000000000000000100000000000000000000000000000000000000000000000001
111111111111000000001100000000011111111100000000111000000000011110000111
001111111100000000001110000000000111111000011111111000000111111110001111
000111110000000000011110000000000011110000011111111000000111111110111111
000011111000000000011110000000000011100000000011111000000000111111110000
000011111000000000011111000000000011100000000001111000000000111111000000
000001111000000000111111000000000011000000000001111000000000011110000000
000001111000000000111111000000000111000000000001111000000000011110000000
000001111100000001100111100000000110000000000001111000000000011110000000
000000111100000001100111100000000110000000000001111000000000011110000000
000000111100000011000111110000001100000000000001111000000000011110000000
000000111110000011000011110000001100000000000001111000000000011110000000
000000011110000011000011110000001000000000000001111000000000011110000000
000000011110000110000001111000011000000000000001111000000000011110000000
000000011111000110000001111000011000000000000001111000000000011110000000
000000001111001100000001111100110000000000000001111000000000011110000000
000000001111001100000000111100110000000000000001111000000000011110000000
000000001111011000000000111100100000000000000001111000000000011110000000
000000001111111000000000011111100000000000000001111000000000011110000000
000000000111111000000000011111100000000000000001111000000000011110000000
000000000111110000000000011111000000000000000001111000000000011110000000
000000000111110000000000001111000000000000000001111000000000111110000000
000000000011100000000000001111000000000000011111111111100111111111110000
000000000011100000000000000110000000000000011111111111101111111111111000
000000000000000000000000000000000000000000000000000000000000000000000000
000000000000000000000000000000000000000000000000000000000000000000000000
000000000000000000000000000000000000000000000000000000000000000000000000
000000000000000000000000000000000000000000000000000000000000000000000000
000000000000000000000000000000000000000000000000000000000000000000000000
000000000000000000000000000000000000000000000000000000000000000000000000
000000000000000000000000000000000000000000000000000000000000000000000000
000000000000000000000000000000000000000000000000000000000000000000000000
000000000000000000000000000000000000000000000000000000000000000000000000
000000000000000000000000000000000000000000000000000000000000000000000000
000000000000000000000000000000000000000000000000000000000000000000000000
000000000000000000000000000000000000000000000000000000000000000000000000
000000000000000000000000000000000000000000000000000000000000000000000000
000000000000000000000000000000000000000000000000000000000000000000000000
000000000000000000000000000000000000000000000000000000000000000000000000
000000000000000000000000000000000000000000000000000000000000000000000000
000000000000000000000000000000000000000000000000000000000000000000000000
000000000000000000000000000000000000000000000000000000000000000000000000
000000000000000000000000000000000000000000000000000000000000000000000000
000000000000000000000000000000000000000000000000000000000000000000000000
000000000000000000000000000000000000000000000000000000000000000000000000
000000000000000000000000000000000000000000000000000000000000000000000000
000000000000000000000000000000000000000000000000000000000000000000000000
000000000000000000000000000000000000000000000000000000000000000000000000
000000000000000000000000000000000000000000000000000000000000000000000000
000000000000000000000000000000000000000000000000000000000000000000000000
000000000000000000000000000000000000000000000000000000000000000000000000
000000000000000000000000000000000000000000000000000000000000000000000000
000000000000000000000000000000000000000000000000000000000000000000000000
000000000000000000000000000000000000000000000000000000000000000000000000
000000000000000000000000000000000000000000000000000000000000000000000000
000000000000000000000000000000000000000000000000000000000000000000000000
000000000000000000000000000000000000000000000000000000000000000000000000
000000000000000000000000000000000000000000000000000000000000000000000000
000000000000000000000000000000000000000000000000000000000000000000000000
000000000000000000000000000000000000000000000000000000000000000000000000
000000000000000000000000000000000000000000000000000000000000000000000000
000000000000000000000000000000000000000000000000000000000000000000000000
000000000000000000000000000000000000000000000000000000000000000000000000
000000000000000000000000000000000000000000000000000000000000000000000000
000000000011100001111111100000000011111111111000000111111111000000000000
000000111111100011111111110000000011111111111000000111111111000000000000
000011111111101111111111111000000000111111000000000000111000000000000000
000000001111111100000011111100000000011111000000000000111000000000000000
000000001111110000000001111100000000011111000000000001110000000000000000
000000001111100000000000111100000000001111000000000001100000000000000000
000000001111100000000000111100000000001111100000000001100000000000000000
000000001111100000000000111110000000001111100000000011100000000000000000
000000001111100000000000111110000000000111100000000011000000000000000000
000000001111100000000000111110000000000111110000000111000000000000000000
000000001111100000000000111110000000000011110000000110000000000000000000
000000001111100000000000111110000000000011111000000110000000000000000000
000000001111100000000000111110000000000001111000001100000000000000000000
000000001111100000000000111110000000000001111000001100000000000000000000
000000001111100000000000111110000000000001111100011000000000000000000000
000000001111100000000000111110000000000000111100011000000000000000000000
000000001111100000000000111110000000000000111100011000000000000000000000
000000001111100000000000111110000000000000011110110000000000000111000000
000000001111100000000000111110000000000000011111110000000000011111000000
000000001111100000000000111110000000000000011111100000000000111110000000
000000001111100000000000111110000000000000001111100000000000111110000000
100000111111110000000000111111000000000000001111000000000000111100000000
111011111111111110000000111111110000000000000111000000000000111100000000
000000000000000000000000000000000000000000000111000000000001111000000000
000000000000000000000000000000000000000000000110000000000001110000000000
000000000000000000000000000000000000000000000110000000000011110000000000
000000000000000000000000000000000000000000001100000000000011100000000000
000000000000000000000000000000000000000000001100000000000111000000000000
000000000000000000000000000000000000000000001000000000000111000000000000
000000000000000000000000000000000000000000011000000000001110000000000000
000000000000000000000000000000000000000000011000000000001000000000000000
000000000000000000000000000000000000000000110000000000000000000000000000
000000000000000000000000000000000000000001110000000000000000000000000000
000000000000000000000000000000000001110011100000000000000000000000000000
000000000000000000000000000000000001111111000000000000000000000000000000
000000000000000000000000000000000001111110000000000000000000000000000000
000000000000000000000000000000000001111100000000000000000000000000000000
000000000000000000000000000000000000000000000000000000000000000000000000
000000000000000000000000000000000000000000000000000000000000000000000000
000000000000000000000000000000000000000000000000000000000000000000000000
000000000000000000000000000000000000000000000000000000000000000000000000
000000000000000000000000000000000000000000000000000000000000000000000000
000000000000000000000000000000000000000000000000000000000000000000000000
000000000000000000000000000000000000000000000000000000000000000000000000
000000000000000000000000000000000000000000000000000000000000000000000000
000000000000000000000000000000000000000000000000000000000000000000000000
000000000000000000000000000000000000000000000000000000000000000000000000
000000000000000000000000000000000000000000000000000000000000000000000000
000000000000000000000000000000000000000000000000000000000000000000000000
000000000000000000000000000000000000000000000000000000000000000000000000
000000000000000000000000000000000000000000000000000000000000000000000000
000000000000000000000000000000000000000000000000000000000000000000000000
000000000000000000000000000000000000000000000000000000000000000000000000
000000000000000000000000000000000000000000000000000000000000000000000000
000000000000000000000000000000000000000000000000000000000000000000000000
000000000000000000000000000000000000000000000000000000000000000000000000
000000000000000000000000000000000000000000000000000000000000000000000000
000000000000000000000000000000000000000000000000000000000000000000000000
000000000000000000000000000000000000000000000000000000000000000000000000
000000000000000000000000000000000000000000000000000000000000000000000000
000000000000000000000000000000000000000000000000000000000000000000000000
000000000000000000000000000000000000000000000000000000000000000000000000
000000000000000000000000000000000000000000000000000000000000000000000000
000000000001111111000000000000000011000011111110000000000000000000000000
000000000111111111110000000000111111000111111111100000000000000000000000
100000011110111111111000000011111111001111111111110000000000000000000000
000000111000000011111000000000011111011000000111111000000000000000000000
000000110000000001111100000000011111110000000011111000000000000000000000
000000110000000000111100000000001111100000000001111000000000000000000000
000000100000000000111100000000001111000000000001111100000000000000000000
000000000000000000111100000000001111000000000001111100000000000000000000
000000000000000000111100000000001111000000000000111100000000000000000000
000000000000000111111100000000001111000000000000111100000000000000000000
000000000011111111111100000000001111000000000000111100000000000000000000
000000001111100000111100000000001111000000000000111100000000000000000000
000000111110000000111100000000001111000000000000111100000000000000000000
000001111000000000111100000000001111000000000000111100000000000000000000
000001111000000000111100000000001111000000000000111100000000000000000000
000011110000000000111100000000001111000000000000111100000000000000000000
000011110000000000111100000000001111000000000000111100000000000000000000
000011110000000000111100000000001111000000000000111100000000000000000000
000011111000000001111100000000001111000000000000111100000000000000000000
000011111000000011111100000000001111000000000000111100000000000000000000
000011111100001100111100000000011111000000000000111100000000000000000000
000001111111111000111110000000011111100000000000111110000000000000000000
000000111111110000111111110111111111111100000000111111110000000000000000
000000001111000000000000000000000000000000000000000000000000000000000000
000000000000000000000000000000000000000000000000000000000000000000000000
000000000000000000000000000000000000000000000000000000000000000000000000
000000000000000000000000000000000000000000000000000000000000000000000000
000000000000000000000000000000000000000000000000000000000000000000000000
000000000000000000000000000000000000000000000000000000000000000000000000
000000000000000000000000000000000000000000000000000000000000000000000000
000000000000000000000000000000000000000000000000000000000000000000000000
000000000000000000000000000000000000000000000000000000000000000000000000
000000000000000000000000000000000000000000000000000000000000000000000000
000000000000000000000000000000000000000000000000000000000000000000000000
000000000000000000000000000000000000000000000000000000000000000000000000
000000000000000000000000000000000000000000000000000000000000000000000000
000000000000000000000000000000000000000000000000000000000000000000000000
000000000000000000000000000000000000000000000000000000000000000000000000
000000000000000000000000000000000000000000000000000000000000000000000000
000000000000000000000000000000000000000000000000000000000000000000000000
000000000000000000000000000000000000000000000000000000000000000000000000
000000000000000000000000000000000000000000000000000000000000000000000000
