000000000000000000000000000000000000000000000000000000000000000000000000
000000000000000000000000000000000000000000000000000000000000000000000000
000000000000000000000000000000000000000000000000000000000000000000000000
000000000000000000000000000000000000000000000000000000000000000000000000
000000000000000000000000000000000000000000000000000000000000000000000000
000000000000000000000000000000000000000000000000000000000000000000000000
000000000000000000000000000000000000000000000000000000000000000000000000
000000000000000000000000000000000000000000000000000000000000000000000000
000000000000000000000000000000000000000000000000000000000000000000000000
000000000000000000000000000000000000000000000000000000000000000000000000
000000000000000111111111100000000000001110000111111110000000000000000000
100000000000011111111111110000000111111110001111111111100000000000000011
110000000000111000001111110000000111111110011111111111110000000000001111
110000000001110000000011111000000000111110110000000111110000000000011100
111000000001100000000001111000000000011111100000000011111000000000111000
111000000001100000000001111000000000011111000000000011111000000001111000
111000000000000000000000111100000000011110000000000001111000000001110000
111000000000000000000000111100000000011110000000000001111000000011110000
111000000000000000000001111100000000011110000000000001111000000011110000
111000000000000000111111111100000000011110000000000001111000000011110000
111000000000000111111000111100000000011110000000000001111000000111110000
111000000000011110000000111100000000011110000000000001111000000111110000
111000000001111100000000111100000000011110000000000001111000000111110000
111000000011111000000000111100000000011110000000000001111000000111110000
111000000011110000000000111100000000011110000000000001111000000111110000
111000000111110000000000111100000000011110000000000001111000000011111000
111000000111110000000000111100000000011110000000000001111000000011111000
111000000111110000000001111100000000011110000000000001111000000011111100
111000000111110000000011111100000000011110000000000001111000000001111100
111000000011111000000110111100000000011110000000000001111000000001111111
111100000011111100111000111100000000011110000000000001111000000000111111
111111100001111111110000111111100111111111111000000001111111100000011111
111111100000111111000000111111100111111111111000000001111111100000000111
000000000000000000000000000000000000000000000000000000000000000000000000
000000000000000000000000000000000000000000000000000000000000000000000000
000000000000000000000000000000000000000000000000000000000000000000000000
000000000000000000000000000000000000000000000000000000000000000000000000
000000000000000000000000000000000000000000000000000000000000000000000000
000000000000000000000000000000000000000000000000000000000000000000000000
000000000000000000000000000000000000000000000000000000000000000000000000
000000000000000000000000000000000000000000000000000000000000000000000000
000000000000000000000000000000000000000000000000000000000000000000000000
000000000000000000000000000000000000000000000000000000000000000000000000
000000000000000000000000000000000000000000000000000000000000000000000000
000000000000000000000000000000000000000000000000000000000000000000000000
000000000000000000000000000000000000000000000000000000000000000000000000
000000000000000000000000000000000000000000000000000000000000000000000000
000000000000000000000000000000000000000000000000000000000000000000000000
000000000000000000000000000000000000000000000000000000000000000000000000
000000000000000000000000000000000000000000000000000000000000000000000000
000000000000000000000000000000000000000000000000000000000000000000000000
000000000000000000000000000000000000000000000000000000000000000000000000
000000000000000000000000000000000000000000000000000000000000000000000000
000000000000000000000000000000000000000000000000000000000000000000000000
000000000000000000000000000000000000000000000000000000000000000000000000
000000000000000000000000000000000000000000000000000000000000000000000000
000000000000000000000000000000000000000000000000000000000000000000000000
000000000000000000000000000000000000000000000000000000000000000000000000
000000000000000000000000000000000000000000000000000000000000000000000000
000000000000000000000000000000000000000000000000000000000000000000000000
000000000000000000000000000000000000000000000000000000000000000000000000
000000000000000000000000000000000000000000000000000000000000000000000000
000000000000000000000000000000000000000000000000000000000000000000000000
000000000000000000000000000000000000000000000000000000000000000000000000
000000000000000000000000000000000000000000000000000000000000000000000000
000000000000000000000000000000000000000000000000000000000000000000000000
000000000000000000000000000000000000000000000000000000000000000000000000
000000000000000000000000000000000000000000000000000000000000000000000000
000000000000000000000000000000000000000000000000000000000000000000000000
000000000000000000000000000000000000000000000000000000000000000000000000
000000000000000000000000000000000000000000000000000000000000000000000000
000000000000000000000000000000000000000000000000000000000000000000000000
000000000000000000000000000000000000000000000000000000000000000000000000
000000000000000000000000011111111000000000000000110000011111111000000000
000000000000000000000001111111111110000000001111110000111111111110000000
000000000000000000000111100011111111000000111111110001111111111111000000
000000000000000000001110000000011111000000000011110011000000111111100000
000000000000000000001110000000001111000000000011111110000000001111110000
000000000000000000001100000000001111100000000011111100000000000111110000
000000000000000000000000000000000111100000000011111000000000000011111000
000000000000000000000000000000000111100000000011111000000000000011111000
000000000000000000000000000000000111100000000011110000000000000001111000
000000000000000000000000000001111111100000000011110000000000000001111000
000000000000000000000000011111110111100000000011110000000000000001111000
000000000000000000000011111000000111100000000011110000000000000001111000
000000000000000000000111100000000111100000000011110000000000000001111000
000000000000000000001111000000000111100000000011110000000000000001111000
000000000000000000011110000000000111100000000011110000000000000001110000
000000000000000000011110000000000111100000000011110000000000000011110000
000000000000000000011110000000000111100000000011110000000000000011100000
000000000000000000111110000000000111100000000011110000000000000111100000
000000000000000000011110000000011111100000000011111000000000000111000000
000000000000000000011111000000110111100000000011111100000000001110000000
000000000000000000011111100011100111100000000011111111000000111000000000
000000000000000000001111111110000111110000000011111111111111100000000000
000000000000000000000111111100000111111100000011111111111111000000000000
000000000000000000000001110000000000000000000011110000111100000000000000
000000000000000000000000000000000000000000000011110000000000000000000000
000000000000000000000000000000000000000000000011110000000000000000000000
000000000000000000000000000000000000000000000011110000000000000000000000
000000000000000000000000000000000000000000000011110000000000000000000000
000000000000000000000000000000000000000000000011110000000000000000000000
000000000000000000000000000000000000000000000011110000000000000000000000
000000000000000000000000000000000000000000000011110000000000000000000000
000000000000000000000000000000000000000000000011110000000000000000000000
000000000000000000000000000000000000000000000011110000000000000000000000
000000000000000000000000000000000000000000000011111000000000000000000000
000000000000000000000000000000000000000000000011111000000000000000000000
000000000000000000000000000000000000000000001111111110000000000000000000
000000000000000000000000000000000000000000111111111111100000000000000000
000000000000000000000000000000000000000000000000000000000000000000000000
000000000000000000000000000000000000000000000000000000000000000000000000
000000000000000000000000000000000000000000000000000000000000000000000000
000000000000000000000000000000000000000000000000000000000000000000000000
000000000000000000000000000000000000000000000000000000000000000000000000
000000000000000000000000000000000000000000000000000000000000000000000000
000000000000000000000000000000000000000000000000000000000000000000000000
000000000000000000000000000000000000000000000000000000000000000000000000
000000000000000000000000000000000000000000000000000000000000000000000000
000000000000000000000000000000000000000000000000000000000000000000000000
000000000000000000000000000000000000000000000000000000000000000000000000
000000000000000000000000000000000000000000000000000000000000000000000000
000000000000000000000000000000000000000000000000000000000000000000000000
000000000000000000000000000000000000000000000000000000000000000100000000
000000000000000000000000000000000000000000000000000000000001111100000000
000000000000000000000000000000000000000000000000000000001111111100000000
000000000000000000000000000000000000000000000000000000000001111100000000
000000000000000000000000000000000000000000000000000000000000111100000000
000000000000000000000000000000000000000000000000000000000000111100000000
000000000000000000000000000000000000000000000000000000000000111100000000
000000000000000000000000000000000000000000000000000000000000111100000000
000000000000000000000000000000000000000000000000000000000000111100000000
000000000000000000000000000000000000000000000000000000000000111100000000
000000000000000000000000000000000000000000000000000000000000111100000000
000000000000000000000000000000000000000000000000000000000000111100000000
000000000000000000000000000000000000000000000000000000000000111100000000
000000000011111111000000000000000000011111111000000000000000111100000000
000000001111111111110000000000000001111111111110000000000000111100000000
000000111100000011111100000000000011100000001111100000000000111100000000
000001111000000000111110000000001111000000000111110000000000111100000000
000011110000000000011111000000001110000000000011111000000000111100000001
000011100000000000011111000000011110000000000011111000000000111100000011
000111100000000000001111100000111100000000000001111100000000111100000111
000111100000000000001111100000111100000000000001111100000000111100011110
001111100000000000001111100000111100000000000000111110000000111100111000
001111100000000000000111110001111100000000000000111110000000111101111000
001111000000000000000111110001111100000000000000111110000000111111111000
001111000000000000000111110001111100000000000000111110000000111111111100
001111100000000000000111110001111100000000000000111110000000111101111110
001111100000000000000111110001111100000000000000111110000000111100111111
001111100000000000000111100001111100000000000000111110000000111100011111
001111100000000000000111100001111100000000000000111100000000111100001111
001111100000000000000111100000111110000000000000111100000000111100000111
000111110000000000000111000000111110000000000000111100000000111100000011
000111110000000000001111000000111110000000000001111000000000111100000001
000011111000000000001110000000011111000000000001110000000000111100000000
000011111100000000011100000000001111100000000011100000000000111100000000
000001111110000000111000000000000111110000000111000000000001111110000000
000000011111100011110000000000000011111100011110000000001111111111110000
000000000111111110000000000000000000111111111000000000000000000000000000
000000000000000000000000000000000000000000000000000000000000000000000000
000000000000000000000000000000000000000000000000000000000000000000000000
000000000000000000000000000000000000000000000000000000000000000000000000
000000000000000000000000000000000000000000000000000000000000000000000000
000000000000000000000000000000000000000000000000000000000000000000000000
000000000000000000000000000000000000000000000000000000000000000000000000
000000000000000000000000000000000000000000000000000000000000000000000000
000000000000000000000000000000000000000000000000000000000000000000000000
000000000000000000000000000000000000000000000000000000000000000000000000
000000000000000000000000000000000000000000000000000000000000000000000000
000000000000000000000000000000000000000000000000000000000000000000000000
000000000000000000000000000000000000000000000000000000000000000000000000
000000000000000000000000000000000000000000000000000000000000000000000000
000000000000000000000000000000000000000000000000000000000000000000000000
000000000000000000000000000000000000000000000000000000000000000000000000
000000000000000000000000000000000000000000000000000000000000000000000000
000000000000000000000000000000000000000000000000000000000000000000000000
000000000000000000000000000000000000000000000000000000000000000000000000
000000000000000000000000000000000000000000000000000000000000000000000000
