000000000000000000000000000001111111110000000000000000000000000000000000
000000000000000000000000000000000111110000000000000000000000000000000000
000000000000000000000000000000000111110000000000000000000000000000000000
000000000000000000000000000000000111110000000000000000000000000000000000
000000000000000000000000000000000111110000000000000000000000000000000000
000000000000000000000000000000000111110000000000000000000000000000000000
000000000000000000000000000000000111110000000000000000000000000000000000
000000000000000000000000000000000111110000000000000000000000000000000000
000000000000000000000000000000000111110000000000000000000000000000000000
000000000000000000000000000000000111110000000000000000000000000000000000
000000000000000000110000000000000111110000001100000000000000000000000110
000000000000001111111111100000000111110000111111110000000000000001111111
000000000000111100001111100000000111110011111111111000000000000011111111
000000000001110000000011100000000111110111111111111100000000001110000011
000000000001100000000001100000000111111100000001111110000000001100000000
000000000011100000000000100000000111111000000000111110000000001100000000
000000000011100000000000100000000111110000000000011110000000001000000000
000000000011110000000000000000000111110000000000011110000000000000000000
000000000011110000000000000000000111110000000000011111000000000000000000
000000000011111100000000000000000111110000000000011111000000000000000000
000000000011111111111000000000000111110000000000011111000000000000000111
000000000001111111111111000000000111110000000000011111000000000001111110
000000000000111111111111110000000111110000000000011111000000000111110000
000000000000000111111111110000000111110000000000011111000000001111000000
000000000000000000011111111000000111110000000000011111000000011110000000
000000000000000000000011111000000111110000000000011111000000111100000000
000000000000000000000001111000000111110000000000011111000000111100000000
000000000010000000000001111000000111110000000000011111000000111100000000
000000000010000000000000111000000111110000000000011111000000111100000000
000000000010000000000001111000000111110000000000011111000000111100000000
000000000011000000000001110000000111110000000000011111000000111110000001
000000000011100000000011100000000111110000000000011111000000111111101111
000000000011111000001111000000111111111110000000011111111000011111111100
000000000011111111111100000001111111111111000000011111111000001111111000
000000000000011111100000000000000000000000000000000000000000000000000000
000000000000000000000000000000000000000000000000000000000000000000000000
000000000000000000000000000000000000000000000000000000000000000000000000
000000000000000000000000000000000000000000000000000000000000000000000000
000000000000000000000000000000000000000000000000000000000000000000000000
000000000000000000000000000000000000000000000000000000000000000000000000
000000000000000000000000000000000000000000000000000000000000000000000000
000000000000000000000000000000000000000000000000000000000000000000000000
000000000000000000000000000000000000000000000000000000000000000000000000
000000000000000000000000000000000000000000000000000000000000000000000000
000000000000000000000000000000000000000000000000000000000000000000000000
000000000000000000000000000000000000000000000000000000000000000000000000
000000000000000000000000000000000000000000000000000000000000000000000000
000000000000000000000000000000000000000000000000000000000000000000000000
000000000000000000000000000000000000000000000000000000000000000000000000
000000000000000000000000000000000000000000000000000000000000000000000000
000000000000000000000000000000000000000000000000000000000000000000000000
000000000000000000000000000000000000000000000000000000000000000000000000
000000000000000000000000000000000000000000000000000000000000000000000000
000000000000000000000000000000000000000000000000000000000000000000000000
000000000000000000000000000000000000000000000000000000000000000000000000
000000000000000000000000000000000000000000000000000000000000000000000000
000000000000000000000000000000000000000000000000000000000000000000000000
000000000000000000000000000000000000000000000000000000000000000000000000
000000000000000000000000000000000000000000000000000000000000000000000000
000000000000000000000000000000000000000000000000000000000000000000000000
000000000000000000000000000000000000000000000000000000000000000000000000
000000000000000000011100000000000000000000000000000000000000000000000000
000000000000000111111100000000000000000000000000000000000000000000001111
000000000000001111111100000000000000000000000000000000000000000000011111
000000000000000001111100000000000000000000000000000000000000000000000001
000000000000000000111100000000000000000000000000000000000000000000000001
000000000000000000111100000000000000000000000000000000000000000000000001
000000000000000000111100000000000000000000000000000000000000000000000001
000000000000000000111100000000000000000000000000000000000000000000000001
000000000000000000111100000000000000000000000000000000000000000000000001
000000000000000000111100000000000000000000000000000000000000000000000001
000000000000000000111100000000000000000000000000000000000000000000000001
000000000000000000111100000000000000000000000000000000000000000000000001
000000000000000000111100000000000000000000000000000000000000000000000001
000000000000000000111100001111111100000000000000000111111110000000000001
000000000000000000111100011111111110000000000000011110001111100000000001
000000000000000000111100111111111111000000000000111000000011110000000001
000000000000000000111101100000011111100000000001110000000001111000000001
000000000000000000111111000000001111100000000011100000000001111100000001
000000000000000000111110000000000111110000000111100000000000111100000001
000000000000000000111100000000000111110000000111100000000000111100000001
000000000000000000111100000000000011110000001111000000000000111110000001
000000000000000000111100000000000011110000001111000000000000111110000001
000000000000000000111100000000000011110000001111100000000000111110000001
000000000000000000111100000000000011110000001111111111111111111110000001
000000000000000000111100000000000011110000001111111111111100000000000001
000000000000000000111100000000000011110000001111000000000000000000000001
000000000000000000111100000000000011110000001111000000000000000000000001
000000000000000000111100000000000011110000001111100000000000000000000001
000000000000000000111100000000000011110000001111100000000000000000000001
000000000000000000111100000000000011110000001111100000000000000000000001
000000000000000000111100000000000011110000000111110000000000000000000001
000000000000000000111100000000000011110000000111110000000000000000000001
000000000000000000111100000000000011110000000011111000000000000100000001
000000000000000001111100000000000011110000000011111110000000011100000001
000000000000000011111111000000000011111100000001111111111111111000000011
000000000000001111111111110000000011111111000000011111111111100000011111
000000000000000000000000000000000000000000000000000111111100000000000000
000000000000000000000000000000000000000000000000000000000000000000000000
000000000000000000000000000000000000000000000000000000000000000000000000
000000000000000000000000000000000000000000000000000000000000000000000000
000000000000000000000000000000000000000000000000000000000000000000000000
000000000000000000000000000000000000000000000000000000000000000000000000
000000000000000000000000000000000000000000000000000000000000000000000000
000000000000000000000000000000000000000000000000000000000000000000000000
000000000000000000000000000000000000000000000000000000000000000000000000
000000000000000000000000000000000000000000000000000000000000000000000000
000000000000000000000000000000000000000000000000000000000000000000000000
000000000000000000000000000000000000000000000000000000000000000000000000
000000000000000000000000000000000000000000000000000000000000000000000000
000000000000000000000000000000000000000000000000000000000000000000000000
000000000000000000000000000000000000000000000000000000000000000000000000
000000000000000000000000000000000000000000000000000000000000000000000000
000000000000000000000000000000000000000000000000000000000000000000000000
000000000000000000000000000000000000000000000000000000000000000000000000
000000000000000000000000000000000000000000000000000000000000000000000000
000000000000000000000000000000000000000000000000000000000000000000000000
000000000000000000000000000000000000000000000000000000000000000000000000
000000000000000000000000000000000000000000000000000000000000000000000000
000000000000000000000000000000000000000000000000000000000000000000000000
000000000000000000000000000000000000000000000000000000000000000000000000
000000000000000000000000000000000000000000000000000000000000000000000000
000000000000000000000000000000000000000000000000000000000000000000000000
000000000000000000000000000000000000000000000000000000000000000000000000
000000000000000000000000000000000000000000000000000000000000000000000000
000000000000000000000000000000000000000000000000000000000000000000000000
000000000000000000000000000000000000000000000000000000000000000000000000
000000000000000000000000000000000000000000000000000000000000000000000000
000000000000000000000000000000000000000000000000000000000000000000000000
000000000000000000000000000000000000000000000000000000000000000000000000
000000000000000000000000000000000000000000000000000000000000000000000000
000000000000000000000000000000000000000000000000000000000000000000000000
000000000000000000000000000000000000000000000000000000000000000000000000
000000000000000000000000000000000000000000000000000000000000000000000000
000000000000000000000000000000000000000000000000000000000000000000000000
000000000000000000000000000000000000000000000000000000000000000000000000
000000000000000000000000000000000000000000000000000000000000000000000000
001100001111111000000001111110000000000000000000111111111000000000000000
111100011111111100000011111111100000000000000011111111111110000000000111
111100111111111110000111111111110000000000000111000000011111000000011111
111101100000111111011100000111111000000000001110000000001111100000000011
111111000000011111111000000011111000000000011100000000000111110000000001
111110000000001111110000000001111000000000111100000000000011111000000001
111100000000001111100000000001111100000001111000000000000011111000000001
111100000000001111100000000001111100000001111000000000000001111100000001
111100000000000111100000000000111100000001111000000000000001111100000001
111100000000000111100000000000111100000001111000000000000001111100000001
111100000000000111100000000000111100000011111000000000000001111100000001
111100000000000111100000000000111100000011111000000000000001111100000001
111100000000000111100000000000111100000011111000000000000000111100000001
111100000000000111100000000000111100000011111000000000000000111100000001
111100000000000111100000000000111100000011111000000000000000111100000001
111100000000000111100000000000111100000001111100000000000001111100000001
111100000000000111100000000000111100000001111100000000000001111000000001
111100000000000111100000000000111100000001111100000000000001111000000001
111100000000000111100000000000111100000000111110000000000001110000000001
111100000000000111100000000000111100000000111110000000000011100000000001
111100000000001111100000000000111100000000011111000000000111100000000001
111110000000001111110000000000111110000000001111100000001110000000000011
111111110011111111111110000000111111110000000111111100111100000000011111
000000000000000000000000000000000000000000000001111111110000000000000000
000000000000000000000000000000000000000000000000000000000000000000000000
000000000000000000000000000000000000000000000000000000000000000000000000
000000000000000000000000000000000000000000000000000000000000000000000000
000000000000000000000000000000000000000000000000000000000000000000000000
000000000000000000000000000000000000000000000000000000000000000000000000
000000000000000000000000000000000000000000000000000000000000000000000000
000000000000000000000000000000000000000000000000000000000000000000000000
000000000000000000000000000000000000000000000000000000000000000000000000
000000000000000000000000000000000000000000000000000000000000000000000000
000000000000000000000000000000000000000000000000000000000000000000000000
000000000000000000000000000000000000000000000000000000000000000000000000
000000000000000000000000000000000000000000000000000000000000000000000000
000000000000000000000000000000000000000000000000000000000000000000000000
000000000000000000000000000000000000000000000000000000000000000000000000
000000000000000000000000000000000000000000000000000000000000000000000000
000000000000000000000000000000000000000000000000000000000000000000000000
000000000000000000000000000000000000000000000000000000000000000000000000
000000000000000000000000000000000000000000000000000000000000000000000000
