000000000000111110000000001111100000000000000000000000000000000000000000
000000000001111110000000000111100000000000000000000000000000000000000000
000000000000111110000000000111100000000000000000000000000000000000000000
000000000000111100000000000111100000000000000000000000000000000000000000
000000000000000000000000000111100000000000000000000000000000000000000000
000000000000000000000000000111100000000000000000000000000000000000000000
000000000000000000000000000111100000000000000000000000000000000000000000
000000000000000000000000000111100000000000000000000000000000000000000000
000000000000000000000000000111100000000000000000000000000000000000000000
000000000000000000000000000111100000000000000000000000000000000000000000
111111000000011100000000000111100000000000000000000000000000000000000000
111100000111111100000000000111100000000000000000000000000000000000000000
111000001111111100000000000111100000000000000000000000000000000000000011
110000000000111100000000000111100000000000000000000000000000000000000011
110000000000111100000000000111100000000000000000000000000000000000000011
100000000000111100000000000111100000000000000000000000000000000000000010
100000000000111100000000000111100000000000000000000000000000000000000000
000000000000111100000000000111100000000000000000000000000000000000000000
000000000000111100000000000111100000000000000000000000000000000000000000
000000000000111100000000000111100000000000000000000000000000000000000000
000000000000111100000000000111100000000000000000000000000000000000000000
000000000000111100000000000111100000000000000000000000000000000000000001
000000000000111100000000000111100000000000000000000000000000000000000011
000000000000111100000000000111100000000000000000000000000000000000000111
000000000000111100000000000111100000000000000000000000000000000000001111
000000000000111100000000000111100000000000000000000000000000000000001111
000000000000111100000000000111100000000000000000000000000000000000001111
000000000000111100000000000111100000000000001110000000000000000000001111
000000000000111100000000000111100000000001111100000000000000000000001111
000000000000111100000000000111100000000001111100000000000000000000001111
000000000000111110000000001111100000000001111100000000000000000000001111
000000000111111111110001111111111110000001111000000000000000000000000111
000000001111111111111001111111111110000011110000000000000000000000000011
000000000000000000000000000000000000000011110000000000000000000000000000
000000000000000000000000000000000000000011100000000000000000000000000000
000000000000000000000000000000000000000111100000000000000000000000000000
000000000000000000000000000000000000000111000000000000000000000000000000
000000000000000000000000000000000000001110000000000000000000000000000000
000000000000000000000000000000000000001100000000000000000000000000000000
000000000000000000000000000000000000011100000000000000000000000000000000
000000000000000000000000000000000000000000000000000000000000000000000000
000000000000000000000000000000000000000000000000000000000000000000000000
000000000000000000000000000000000000000000000000000000000000000000000000
000000000000000000000000000000000000000000000000000000000000000000000000
000000000000000000000000000000000000000000000000000000000000000000000000
000000000000000000000000000000000000000000000000000000000000000000000000
000000000000000000000000000000000000000000000000000000000000000000000000
000000000000000000000000000000000000000000000000000000000000000000000000
000000000000000000000000000000000000000000000000000000000000000000000000
000000000000000000000000000000000000000000000000000000000000000000000000
000000000000000000000000000000000000000000000000000000000000000000000000
000000000000000000000000000000000000000000000000000000000000000000000000
000000000000000000000000000000000000000000000000000000000000000000000000
000000000000000000000000000000000000000000000000000000000000000000000000
000000000000000000000000000000000000000000000000000000000000000000000000
000000000000000000000000000000000000000000000000000000000000000000000000
000000000000000000000000000000000000000000000000000000000000000000000000
000000000000000000000000000000000000000000000000000000000000000000000000
000000000000000000000000000000000000000000000000000000000000000000000000
000000000000000000000000000000000000000000000000000000000000000000000000
000000000000000000000000000000000000000000000000000000000000000000000000
000000000000000000000000000000000000000000000000000000000000000000001110
000000000000000000000000000000000000000000000000000000000000000011111111
000000000000000000000000000000000000000000000000000000000000000001111111
000000000000000000000000000000000000000000000000000000000000000000011111
000000000000000000000000000000000000000000000000000000000000000000001111
000000000000000000000000000000000000000000000000000000000000000000000111
000000000000000000000000000000000000000000000000000000000000000000000011
000000000000000000000000000000000000000000000000000000000000000000000001
000000000000000000000000000000000000000000000000000000000000000000000000
000000000000000000000000000000000000000000000000000000000000000000000000
000000000000000000000000000000000000000000000000000000000000000000000000
000000000000000000000000000000000000000000000000000000000000000000000000
000000000011111111000000000000000000000000000000000000000000000000000000
000000001111000111110000000000000000000000000000000000000000000000000000
000000011100000001111000000000000000000000000000000000000000000000000000
000000111000000001111100000000000000000000000000000000000000000000000000
000001110000000000111100000000000000000000000000000000000000000000000000
000011110000000000111110000000000000000000000000000000000000000000000000
000111100000000000011110000000000000000000000000000000000000000000000000
000111100000000000011110000000000000000000000000000000000000000000000000
000111100000000000011110000000000000000000000000000000000000000000000000
000111100000000000011110000000000000000000000000000000000000000000000000
001111111111111111111110000000000000000000000000000000000000000000000000
001111111111111111000000000000000000000000000000000000000000000000000000
001111100000000000000000000000000000000000000000000000000000000000000000
001111100000000000000000000000000000000000000000000000000000000000000000
001111100000000000000000000000000000000000000000000000000000000000000000
000111110000000000000000000000000000000000000000000000000000000000000000
000111110000000000000000000000000000000000000000000000000000000000000000
000111110000000000000000000000000000000000000000000000000000000000000000
000011111000000000000000000001111000000000000000000000000000000000000000
000011111100000000000110000011111100000000000000000000000000000000000000
000001111111000000001100000011111100000000000000000000000000000000000000
000000111111111111111100000001111100000000000000000000000000000000000000
000000011111111111110000000001111000000000000000000000000000000000000000
000000000011111110000000000000000000000000000000000000000000000000000000
000000000000000000000000000000000000000000000000000000000000000000000000
000000000000000000000000000000000000000000000000000000000000000000000000
000000000000000000000000000000000000000000000000000000000000000000000000
000000000000000000000000000000000000000000000000000000000000000000000000
000000000000000000000000000000000000000000000000000000000000000000000000
000000000000000000000000000000000000000000000000000000000000000000000000
000000000000000000000000000000000000000000000000000000000000000000000000
000000000000000000000000000000000000000000000000000000000000000000000000
000000000000000000000000000000000000000000000000000000000000000000000000
000000000000000000000000000000000000000000000000000000000000000000000000
000000000000000000000000000000000000000000000000000000000000000000000000
000000000000000000000000000000000000000000000000000000000000000000000000
000000000000000000000000000000000000000000000000000000000000000000000000
000000000000000000000000000000000000000000000000000000000000000000000000
000000000000000000000000000000000000000000000000000000000000000000000000
000000000000000000000000000000000000000000000000000000000000000000000000
000000000000000000000000000000000000000000000000000000000000000000000000
000000000000000000000000000000000000000000000000000000000000000000000000
000000000000000000000000000000000000000000000000000000000000000000000000
000000000000000000000000000000000000000000000000000000000000000000000000
000000000000000000000000000000000000000000000000000000000000000000000000
000000000000000000000000000000000000000000000000000000000000000000000000
000000000000000000000000000000000000000000000000000000000000000000000000
000000000000000000000000000000000000000000000000000000000000000000000000
000000000000000000000000000000000000000000000000000000000000000000000000
000000000000000000000000000000000000000000000000000000000000000000000000
000000000000000000000000000000000000000000000000000000000000000000000100
000000000000000000000000000000000000000000000000000000000000000001111100
000000000000000000000000000000000000000000000000000011100000001111111100
000000000000000000000000000000000000000000000000000111110000000001111100
000000000000000000000000000000000000000000000000000111110000000000111100
000000000000000000000000000000000000000000000000000111110000000000111100
000000000000000000000000000000000000000000000000000111110000000000111100
000000000000000000000000000000000000000000000000000001000000000000111100
000000000000000000000000000000000000000000000000000000000000000000111100
000000000000000000000000000000000000000000000000000000000000000000111100
000000000000000000000000000000000000000000000000000000000000000000111100
000000000000000000000000000000000000000000000000000000000000000000111100
000000000000000000000000000000000000000000000000000000000000000000111100
000000100000000110000000011000000000100000011000000000110000000000111100
000001111111111110000000011000000001111111111000001111110000000000111100
000000001111110000000000111000000000001111100000111111110000000000111100
000000000111100000000000111100000000000111000000001111110000000000111100
000000000111100000000001111100000000000110000000000111110000000000111100
000000000111110000000001111110000000000110000000000011110000000000111100
000000000011110000000001111110000000001110000000000011110000000000111100
000000000011110000000011011110000000001100000000000011110000000000111100
000000000011111000000011001111000000001100000000000011110000000000111100
000000000001111000000110001111000000011000000000000011110000000000111100
000000000001111000000110001111100000011000000000000011110000000000111100
000000000001111100001100000111100000110000000000000011110000000000111100
000000000000111100001100000111100000110000000000000011110000000000111100
000000000000111100001100000111110000110000000000000011110000000000111100
000000000000111100011000000011110001100000000000000011110000000000111100
000000000000111110011000000011111001100000000000000011110000000000111100
000000000000011110110000000001111001000000000000000011110000000000111100
000000000000011111110000000001111011000000000000000011110000000000111100
000000000000011111100000000001111111000000000000000011110000000000111100
000000000000001111100000000000111110000000000000000011110000000000111100
000000000000001111100000000000111110000000000000000111110000000000111100
000000000000001111000000000000011110000000000000000111111000000001111110
000000000000000111000000000000011100000000000001111111111111001111111111
000000000000000110000000000000001100000000000000000000000000000000000000
000000000000000000000000000000000000000000000000000000000000000000000000
000000000000000000000000000000000000000000000000000000000000000000000000
000000000000000000000000000000000000000000000000000000000000000000000000
000000000000000000000000000000000000000000000000000000000000000000000000
000000000000000000000000000000000000000000000000000000000000000000000000
000000000000000000000000000000000000000000000000000000000000000000000000
000000000000000000000000000000000000000000000000000000000000000000000000
000000000000000000000000000000000000000000000000000000000000000000000000
000000000000000000000000000000000000000000000000000000000000000000000000
000000000000000000000000000000000000000000000000000000000000000000000000
000000000000000000000000000000000000000000000000000000000000000000000000
000000000000000000000000000000000000000000000000000000000000000000000000
000000000000000000000000000000000000000000000000000000000000000000000000
000000000000000000000000000000000000000000000000000000000000000000000000
000000000000000000000000000000000000000000000000000000000000000000000000
000000000000000000000000000000000000000000000000000000000000000000000000
000000000000000000000000000000000000000000000000000000000000000000000000
000000000000000000000000000000000000000000000000000000000000000000000000
000000000000000000000000000000000000000000000000000000000000000000000000
