000011111111111110000000000000000000000000000011111100001111000000000000
000000111111111111000000000000000000000000001111000000001111000000000000
000000001111111111100000000000000000000000011110000000001111000000000000
000000000000111111100000000000000000000000111110000000001111000000000000
000000000000000111110000000000000000000000111100000000001111000000000000
001000000000000011110000000000000000000000111100000000001111000000000000
001100000000000011100000000000000000000001111100000000001111000000000000
001100000000000011100000000000000000000001111100000000011111000000000000
001100000000000111100000000000000000000000111100000000111111000000000000
001100000000000111000000000000000000000000111110000011001111000000000000
001111000000001110000000000000000000000000111111111110001111000000000000
001111111001111100000000000000000000000000011111111000001111111000000000
000111111111100000000000000000000000000000000111110000001000001000000000
000000000000000000000000000000000000000000000000000000000000000000000000
000000000000000000000000000000000000000000000000000000000000000000000000
000000000000000000000000000000000000000000000000000000000000000000000000
000000000000000000000000000000000000000000000000000000000000000000000000
000000000000000000000000000000000000000000000000000000000000000000000000
000000000000000000000000000000000000000000000000000000000000000000000000
000000000000000000000000000000000000000000000000000000000000000000000000
000000000000000000000000000000000000000000000000000000000000000000000000
000000000000000000000000000000000000000000000000000000000000000000000000
000000000000000000000000000000000000000000000000000000000000000000000000
000000000000000000000000000000000000000000000000000000000000000000000000
000000000000000000000000000000000000000000000000000000000000000000000000
000000000000000000000000000000000000000000000000000000000000000000000000
000000000000000000000000000000000000000000000000000000000000000000000000
000000000000000000000000000000000000000000000000000000000000000000000000
000000000000000000000000000000000000000000000000000000000000000000000000
000000000000000000000000000000000000000000000000000000000000000000000000
000000000000000000000000000000000000000000000000000000000000000000000000
000000000000000000000000000000000000000000000000000000000000000000000000
000000000000000000000000000000000000000000000000000000000000000000000000
000000000000000000000000000000000000000000000000000000000000000000000000
000000000000000000000000000000000000000000000000000000000000000000000000
000000000000000000000000000000000000000000000000000000000000000000000000
000000000000000000000000000000000000000000000000000000000000000000000000
000000000000000000000000000000000000000000000000000000000000000000000000
000000000000000000000000000000000000000000000000000000000000000000000000
000000000000000000000000000000000000000000000000000000000000000000000000
000000000000000000000000000000000000000000000000000000000000000000000000
000000000100000000000000000000000000000000000000000000000000000000000000
000000001111000000000000000000000000000000000000000000000000000000000000
000000011111000000000000000000000000000000000000000000000000000000000000
000000011111000000000000000000000000000000000000000000000000000000000000
000000011111000000000000000000000000000000000000000000000000000000000000
000000001110000000000000000000000000000000000000000000000000000000000000
000000000000000000000000000000000000000000000000000000000000000000000000
000000000000000000000000000000000000000000000000000000000000000000000000
000000000000000000000000000000000000000000000000000000000000000000000000
000000000000000000000000000000000000000000000000000000000000000000000000
000000000000000000000000000000000000000000000000000000000000000000000000
000000000001000000000000000000001111000000000000000000000011110000000000
000000001111000000000111110000111111111000000000000000111111111110000000
000011111111000000111111110011111111111100000000000001110000111111111111
000011111111000000111111110111100011111110000000000111100000001111111111
000000011111000000000111111100000001111110000000001111000000000111111111
000000001111000000000011111000000000111110000000001110000000000111110000
000000001111000000000011110000000000011111000000011110000000000111110000
000000001111000000000011110000000000011111000000011110000000000011110000
000000001111000000000011110000000000001111000000011110000000000011110000
000000001111000000000011110000000000001111000000011110000000000011110000
000000001111000000000011110000000000001111000000011111000000000011100000
000000001111000000000011110000000000001111000000011111000000000111100000
000000001111000000000011110000000000001111000000001111100000000111000000
000000001111000000000011110000000000001111000000001111110000001110000000
000000001111000000000011110000000000001111000000000111111111111000000000
000000001111000000000011110000000000001111000000000001111111100000000000
000000001111000000000011110000000000001111000000000000110000000000000000
000000001111000000000011110000000000001111000000000001100000000000000000
000000001111000000000011110000000000001111000000000111000000000000000000
000000001111000000000011110000000000001111000000000111000000000000000000
000000001111000000000111110000000000001111000000001111110000000000000000
000000011111000000000111110000000000001111000000001111111111111111111000
110011111111111100111111111111000000001111111000000111111111111111111100
110011111111111100111111111111000000001111111000000011111111111111111110
000000000000000000000000000000000000000000000000000011110000000111111110
000000000000000000000000000000000000000000000000000111000000000000011111
000000000000000000000000000000000000000000000000011110000000000000011111
000000000000000000000000000000000000000000000000111100000000000000001111
000000000000000000000000000000000000000000000000111100000000000000001111
000000000000000000000000000000000000000000000000111100000000000000001111
000000000000000000000000000000000000000000000000111100000000000000001110
000000000000000000000000000000000000000000000000111100000000000000011110
000000000000000000000000000000000000000000000000111100000000000000011100
000000000000000000000000000000000000000000000000011110000000000000111000
000000000000000000000000000000000000000000000000001111000000000001110000
000000000000000000000000000000000000000000000000000111100000001111100000
000000000000000000000000000000000000000000000000000011111111111110000000
000000000000000000000000000000000000000000000000000000001111100000000000
000000000000000000000000000000000000000000000000000000000000000000000000
000000000000000000000000000000000000000000000000000000000000000000000000
000000000000000000000000000000000000000000000000000000000000000000000000
000000000000000000000000000000000000000000000000000000000000000000000000
000000000000000000000000000000000000000000000000000000000000000000000000
000000000000000000000000000000000000000000000000000000000000000000000000
000000000000000000000000000000000000000000000000000000000000000000000000
000000000000000000000000000000000000000000000000000000000000000000000000
000000000000000000000000000000000000000000000000000000000000000000000000
000000000000000000000000000000000000000000000000000000000000000000000000
000000000000000000000000000000000000000000000000000000000000000000000000
000000000000000000000000000000000000000000000000000000000000000000000000
000000000000000000000000000000000000000000000000000000000000000000000000
000000000000000000000000000000000000000000000000000000000000000000000000
000000000000000000000000000000000000000000000000000000000000000000000000
000000000000000000000000000000000000000000000000000000000000000000000000
000000000000000000000000000000000000000000000000000000000000000000000000
000000000000000000000000000000000000000000000000000000000000000000000000
000000000000000000000000000000000000000000000000000000000000000000000000
000000000000000000000000000000000000000000000000000000000000000000000000
000000000000000000000000000000000000000000000000000000000000000000000000
000000000000000000000000000000000000000000000000000000000000000000000000
000000000000000000000000000000000000000000000000000000000000000000000000
000000000000000000000000000000000000000000000000000000000000000000000000
000000000000000000000000000000000000000000000000000000000000000000000000
000000000010000000000000000000000000000100000000000000000000000001100000
000000111111111000000000000011110000111111110000000000000000011111111100
000011111111111100000000111111110001111111111000000000000001110000111111
001111000011111110000000111111110111111111111100000000000011100000001111
001100000000111111000000000111111110000001111110000000000111000000001111
001100000000011111000000000011111000000000111110000000001111000000000111
001100000000001111000000000011110000000000011111000000011110000000000111
000000000000001111000000000011110000000000011111000000011110000000000011
000000000000001111000000000011110000000000001111000000011110000000000011
000000000000001111000000000011110000000000001111000000011110000000000011
000000000111111111000000000011110000000000001111000000011110000000000011
000001111111001111000000000011110000000000001111000000011111000000000111
000111110000001111000000000011110000000000001111000000001111000000000111
001111000000001111000000000011110000000000001111000000001111100000001110
011110000000001111000000000011110000000000001111000000000111111000111100
011110000000001111000000000011110000000000001111000000000001111111110000
111100000000001111000000000011110000000000001111000000000000110000000000
111100000000001111000000000011110000000000001111000000000001100000000000
111100000000001111000000000011110000000000001111000000000011100000000000
111110000000011111000000000011110000000000001111000000000111000000000000
111110000001101111000000000011110000000000001111000000001111100000000000
011111100111001111100000000111110000000000001111000000001111111111111111
011111111100001111111000111111111110000000001111111000000111111111111111
001111111000001111111101111111111111000000001111111100000011111111111111
000000000000000000000000000000000000000000000000000000000001111111111111
000000000000000000000000000000000000000000000000000000000111000000000000
000000000000000000000000000000000000000000000000000000011110000000000000
000000000000000000000000000000000000000000000000000000111100000000000000
000000000000000000000000000000000000000000000000000000111100000000000000
000000000000000000000000000000000000000000000000000000111100000000000000
000000000000000000000000000000000000000000000000000000111100000000000000
000000000000000000000000000000000000000000000000000000111100000000000000
000000000000000000000000000000000000000000000000000000111100000000000000
000000000000000000000000000000000000000000000000000000011110000000000000
000000000000000000000000000000000000000000000000000000011111000000000001
000000000000000000000000000000000000000000000000000000000111100000000111
000000000000000000000000000000000000000000000000000000000011111111111110
000000000000000000000000000000000000000000000000000000000000011111110000
000000000000000000000000000000000000000000000000000000000000000000000000
000000000000000000000000000000000000000000000000000000000000000000000000
000000000000000000000000000000000000000000000000000000000000000000000000
000000000000000000000000000000000000000000000000000000000000000000000000
000000000000000000000000000000000000000000000000000000000000000000000000
000000000000000000000000000000000000000000000000000000000000000000000000
000000000000000000000000000000000000000000000000000000000000000000000000
000000000000000000000000000000000000000000000000000000000000000000000000
000000000000000000000000000000000000000000000000000000000000000000000000
000000000000000000000000000000000000000000000000000000000000000000000000
000000000000000000000000000000000000000000000000000000000000000000000000
000000000000000000000000000000000000000000000000000000000000000000000000
000000000000000000000000000000000000000000000000000000000000000000000000
000000000000000000000000000000000000000000000000000000000000000000000000
000000000000000000000000000000000000000000000000000000000000000000000000
000000000000000000000000000000000000000000000000000000000000000000000000
000000000000000000000000000000000000000000000000000000000000000000000000
000000000000000000000000000000000000000000000000000000000000000000000000
000000000000000000000000000000000000000000000000000000000000000000000000
000000000000000000000000000000000000000000000000000000000000000000000000
000000000000000000000000000000000000000000000000000000000000000000000000
000000000000000000000000000000000000000000000000000000000000000000000000
000000000000000000000000000000000000000000000000000000000000000000000000
000000000000000000000000000000000000000000000000000000000000000000000000
000000000000000000000000000000000000000000000000000000000000000000000000
000000000000000000000000000000000000000000000000000000000000000000000000
