000000000000000000000000000000000000000000000000000000000000000000000000
000000000000000000000000000000000000000000000000000000000000000000000000
000000000000000000000000000000000000000000000000000000000000000000000000
000000000000000000000000000000000000000000000000000000000000000000000000
000000000000000000000000000000000000000000000000000000000000000000000000
000000000000000000000000000000000000000000000000000000000000000000000000
000000000000000000000000000000000000000000000000000000000000000000000000
000000000000000000000000000000000000000000000000000000000000000000000000
000000000000000000000000000000000000000000000000000000000000000000000000
000000000000000000000000000000000000000000000000000000000000000000000000
000000000011000000000000000000000110000000000000000000000000000110000000
000000011111111100000000000001111111111000000000000011110000111111111000
000001111000111110000000000011111111111100000000111111110001111111111100
000111100000001111000000001110000011111110000001111111110011111111111111
001111000000000111100000001100000000111110000000000111110110000000111111
011110000000000111100000001100000000011111000000000111111000000000011111
011110000000000111110000001000000000001111000000000111111000000000001111
111100000000000011110000000000000000001111000000000111110000000000000111
111100000000000011110000000000000000001111000000000111110000000000000111
111100000000000011110000000000000000001111000000000111110000000000000011
111111000000000011110000000000000111111111000000000111110000000000000011
111111111111111111110000000001111111001111000000000111110000000000000011
111100000000000000000000000111110000001111000000000111110000000000000011
111100000000000000000000001111000000001111000000000111110000000000000011
111100000000000000000000011110000000001111000000000111110000000000000011
111100000000000000000000111100000000001111000000000111110000000000000011
111110000000000000000000111100000000001111000000000111110000000000000111
111110000000000000000000111100000000001111000000000111110000000000000111
111111000000000000000000111100000000011111000000000111110000000000001111
011111000000000000000000111100000000111111000000000111110000000000011110
011111100000000000110000111110000001101111000000000111111000000000111000
001111111000000011100000111111101111001111000000000111111111000001110000
000111111111111111000000011111111100001111111000000111111111111111000000
000001111111111100000000001111111000001111111000000111111111111110000000
000000001111100000000000000000000000000000000000000111110000000000000000
000000000000000000000000000000000000000000000000000111110000000000000000
000000000000000000000000000000000000000000000000000111110000000000000000
000000000000000000000000000000000000000000000000000111110000000000000000
000000000000000000000000000000000000000000000000000111110000000000000000
000000000000000000000000000000000000000000000000000111110000000000000000
000000000000000000000000000000000000000000000000000111110000000000000000
000000000000000000000000000000000000000000000000000111110000000000000000
000000000000000000000000000000000000000000000000000111110000000000000000
000000000000000000000000000000000000000000000000000111110000000000000000
000000000000000000000000000000000000000000000000000111110000000000000000
000000000000000000000000000000000000000000000000000111110000000000000000
000000000000000000000000000000000000000000000000111111111111000000000000
000000000000000000000000000000000000000000000001111111111111000000000000
000000000000000000000000000000000000000000000000000000000000000000000000
000000000000000000000000000000000000000000000000000000000000000000000000
000000000000000000000000000000000000000000000000000000000000000000000000
000000000000000000000000000000000000000000000000000000000000000000000000
000000000000000000000000000000000000000000000000000000000000000000000000
000000000000000000000000000000000000000000000000000000000000000000000000
000000000000000000000000000000000000000000000000000000000000000000000000
000000000000000000000000000000000000000000000000000000000000000000000000
000000000000000000000000000000000000000000000000000000000000000000000000
000000000000000000000000000000000000000000000000000000000000000000000000
000000000000000000000000000000000000000000000000000000000000000000000000
000000000000000000000000000000000000000000000000000000000000000000000000
000000000000000000000000000000000000000000000000000000000000000000000000
000000000000000000000000000000000000000000000000000000000000000000000000
000000000000000000000000000000000000000000000000000000000000000000000000
000000000000000000000000000011111111111111000000000000000000000000000000
000000000000000000000000000000001111110000000000000000000000000000000000
000000000000000000000000000000001111110000000000000000000000000000000000
000000000000000000000000000000000111100000000000000000000000000000000000
000000000000000000000000000000000111100000000000000000000000000000000000
000000000000000000000000000000000111100000000000000000000000000000000000
000000000000000000000000000000000111100000000000000000000000000000000000
000000000000000000000000000000000111100000000000000000000000000000000000
000000000000000000000000000000000111100000000000000000000000000000000000
000000000000000000000000000000000111100000000000000000000000000000000000
000000000000000000000000000000000111100000000000000000000000000000000000
000000000000000000000000000000000111100000000000011100001111111100000000
000000000000000000000000000000000111100000000111111100011111111111000000
000000000000000000000000000000000111100000001111111100111111111111000000
000000000000000000000000000000000111100000000001111101100000011111100000
000000000000000000000000000000000111100000000000111111000000001111100000
000000000000000000000000000000000111100000000000111110000000000111110000
000000000000000000000000000000000111100000000000111100000000000111110000
000000000000000000000000000000000111100000000000111100000000000011110000
000000000000000000000000000000000111100000000000111100000000000011110000
000000000000000000000000000000000111100000000000111100000000000011110000
000000000000000000000000000000000111100000000000111100000000000011110000
000000000000000000000000000000000111100000000000111100000000000011110000
000000000000000000000000000000000111100000000000111100000000000011110000
000000000000000000000000000000000111100000000000111100000000000011110000
000000000000000000000000000000000111100000000000111100000000000011110000
000000000000000000000000000000000111100000000000111100000000000011110000
000000000000000000000000000000000111100000000000111100000000000011110000
000000000000000000000000000000000111100000000000111100000000000011110000
000000000000000000000000000000000111100000000000111100000000000011110000
000000000000000000000000000000000111100000000000111100000000000011110000
000000000000000000000000000000001111110000000000111100000000000011110000
000000000000000000000000000000111111111100000011111111000000000011111100
000000000000000000000000000011111111111111001111111111110000000011111111
000000000000000000000000000000000000000000000000000000000000000000000000
000000000000000000000000000000000000000000000000000000000000000000000000
000000000000000000000000000000000000000000000000000000000000000000000000
000000000000000000000000000000000000000000000000000000000000000000000000
000000000000000000000000000000000000000000000000000000000000000000000000
000000000000000000000000000000000000000000000000000000000000000000000000
000000000000000000000000000000000000000000000000000000000000000000000000
000000000000000000000000000000000000000000000000000000000000000000000000
000000000000000000000000000000000000000000000000000000000000000000000000
000000000000000000000000000000000000000000000000000000000000000000000000
000000000000000000000000000000000000000000000000000000000000000000000000
000000000000000000000000000000000000000000000000000000000000000000000000
000000000000000000000000000000000000000000000000000000000000000000000000
000000000000000000000000000000000000000000000000000000000000000000000000
000000000000000000000000000000000000000000000000000000000000000000000000
000000000000000000000000000000000000000000000000000000000000000000000000
000000000000000000000000000000000000000000000000000000000000000000000000
000000000000000000000000000000000000000000000000000000000000000000000000
000000000000000000000000000000000000000000000000000000000000000000000000
000000000000000000000000000000000000000000000000000000000000000000000000
000000000000000000000000000000000000000000000000000000000000000000000000
000000000000000000000000000000000000000000000000000000000000000000000000
000000000000000000000000000000000000000000000000000000000000000000000000
000000000000000000000000000000000000000000000000000000000000000000000000
000000000000000000000000000000000000000000000000000000000000000000000000
000000000000000000000000000000000000000000000000000000000000000000000000
000000000000000000000000000000000000000000000000000000000000000000000000
000000000000000000000000000000000000000000000000000000000000000000000000
000000000000000000000000000000000000000000000000000000000000000000000000
000000000000000000000000000000000000000000000000000000000000000000000000
000000000000000000000000000000000000000000000000000000000000000000000000
000000000000000000000000000000000000000000000000000000000000000000000000
000000000000000000000000000000000000000000000000000000000000000000000000
000000000000000000000000000000000000000000000000000000000000000000000000
000000000000000000000000000000000000000000000000000000000000000000000000
000000000000000000000000000000000000000000000000000000000000000000000000
000000000000000000000000000000000000000000000000000000000000000000000000
000000000000000000000000000000000000000000000000000000000000000000000000
000000000000000000000000000000000000000000000000000000000000000000000000
000000000000000000000000000000000000000000000000000000000000000000000000
000000001000000000111111111000000000000000001111111111100000000110000000
000000011100000000111111111100000000000000001111111111100000000110000000
000000011100000000000111100000000000000000000011111100000000000111000000
000000111100000000000011100000000000000000000001111000000000001111000000
000000111110000000000111000000000000000000000001111100000000001111100000
000000111110000000000111000000000000000000000000111100000000011111100000
000001111111000000000110000000000000000000000000111100000000011111100000
000001101111000000001110000000000000000000000000111110000000111111110000
000011001111000000001100000000000000000000000000011110000000110011110000
000011000111100000001100000000000000000000000000011110000000110011111000
000110000111100000011000000000000000000000000000011111000001100001111000
000110000111110000011000000000000000000000000000001111000001100001111000
000110000011110000010000000000000000000000000000001111000011000001111100
001100000011110000110000000000000000000000000000001111000011000000111100
001100000001111000110000000000000000000000000000001111100110000000111110
011000000001111001100000000000000000000000000000000111100110000000011110
011000000001111101100000000000000000000000000000000111101110000000011110
110000000000111101100000000000000000000000000000000111111100000000011111
110000000000111111000000000000000000000000000000000011111100000000001111
110000000000011111000000000000000000000000000000000011111000000000001111
100000000000011110000000000000000000000000000000000011111000000000000111
100000000000011110000000000000000000000000000000000001110000000000000111
000000000000001110000000000000000000000000000000000001110000000000000111
000000000000001100000000000000000000000000000000000000100000000000000011
000000000000000000000000000000000000000000000000000000000000000000000000
000000000000000000000000000000000000000000000000000000000000000000000000
000000000000000000000000000000000000000000000000000000000000000000000000
000000000000000000000000000000000000000000000000000000000000000000000000
000000000000000000000000000000000000000000000000000000000000000000000000
000000000000000000000000000000000000000000000000000000000000000000000000
000000000000000000000000000000000000000000000000000000000000000000000000
000000000000000000000000000000000000000000000000000000000000000000000000
000000000000000000000000000000000000000000000000000000000000000000000000
000000000000000000000000000000000000000000000000000000000000000000000000
000000000000000000000000000000000000000000000000000000000000000000000000
000000000000000000000000000000000000000000000000000000000000000000000000
000000000000000000000000000000000000000000000000000000000000000000000000
000000000000000000000000000000000000000000000000000000000000000000000000
000000000000000000000000000000000000000000000000000000000000000000000000
000000000000000000000000000000000000000000000000000000000000000000000000
000000000000000000000000000000000000000000000000000000000000000000000000
000000000000000000000000000000000000000000000000000000000000000000000000
