000000000000000000000000000000000000000000000000000000000000000000000000
000000000000000000000000000000000000000000000000000000000000000000000000
000000000000000000000000000000000000000000000000000000000000000000000000
000000000000000000000000000000000000000000000000000000000000000000000000
000000000000000000000000000000000000000000000000000000000000000000000000
000000000000000000000000000000000000000000000000000000000000000000000000
000000000000000000000000000000000000000000000000000000000000000000000000
000000000000000000000000001000000000000000000000000000000000000000000000
000000000000000000000001111100000000000000000000000000000000000000000000
000000000000000000011111111100000000000110000000000000000000000000000000
000000000000000000001111111100000000011111000000000000000000000000000000
000000000000000000000001111100000000011111000000000000000000000000000000
000000000000000000000001111100000000011111000000000000000000000000000000
000000000000000000000001111100000000011111000000000000000000000000000000
000000000000000000000001111100000000000110000000000000000000000000000000
000000000000000000000001111100000000000000000000000000000000000000000000
000000000000000000000001111100000000000000000000000000000000000000000000
000000000000000000000001111100000000000000000000000000000000000000000000
000000000000000000000001111100000000000000000000000000000000000000000000
000000000000000000000001111100000000000000000000000000000000000000000000
000000000000000000000001111100000000000011000000000000110000001111100000
000000000000000000000001111100000000011111000000000111110000111111111100
000000000000000000000001111100000011111111000000111111110001111111111110
000000000000000000000001111100000011111111000000111111110011100001111111
000000000000000000000001111100000000001111000000000111111110000000011111
000000000000000000000001111100000000001111000000000011111000000000001111
000000000000000000000001111100000000001111000000000011110000000000000111
000000000000000000000001111100000000001111000000000011110000000000000111
000000000000000000000001111100000000001111000000000011110000000000000011
000000000000000000000001111100000000001111000000000011110000000000000011
000000000000000000000001111100000000001111000000000011110000000000000011
000000000000000000000001111100000000001111000000000011110000000000000011
000000000000000000000001111100000000001111000000000011110000000000000011
000000000000000000000001111100000000001111000000000011110000000000000011
000000000000000000000001111100000000001111000000000011110000000000000011
000000000000000000000001111100000000001111000000000011110000000000000011
000000000000000000000001111100000000001111000000000011110000000000000111
000000000000000000000001111100000000001111000000000011110000000000000111
000000000000000000000001111100000000001111000000000011110000000000001110
000000000000000000000001111100000000001111000000000011111000000000011100
000000000000000000000001111100000000001111000000000011111100000000111000
000000000000000000000001111100000000011111100000000011111111111111100000
100000000000000000011111111111110011111111111100000011111111111111000000
000000000000000000001100000001100011000000011100000011110111111100000000
000000000000000000000000000000000000000000000000000011110000000000000000
000000000000000000000000000000000000000000000000000011110000000000000000
000000000000000000000000000000000000000000000000000011110000000000000000
000000000000000000000000000000000000000000000000000011110000000000000000
000000000000000000000000000000000000000000000000000011110000000000000000
000000000000000000000000000000000000000000000000000011110000000000000000
000000000000000000000000000000000000000000000000000011110000000000000000
000000000000000000000000000000000000000000000000000011110000000000000000
000000000000000000000000000000000000000000000000000011110000000000000000
000000000000000000000000000000000000000000000000000011110000000000000000
000000000000000000000000000000000000000000000000000011110000000000000000
000000000000000000000000000000000000000000000000000111111000000000000000
000000000000000000000000000000000000000000000000111111111111000000000000
000000000000000000000000000000000000000000000000000000000000000000000000
000000000000000000000000000000000000000000000000000000000000000000000000
000000000000000000000000000000000000000000000000000000000000000000000000
000000000000000000000000000000000000000000000000000000000000000000000000
000000000000000000000000000000000000000000000000000000000000000000000000
000000000000000000000000000000000000000000000000000000000000000000000000
000000000000000000000000000000000000000000000000000000000000000000000000
000000000000000000000000000000000000000000000000000000000000000000000000
000000000000000000000000000000000000000000000000000000000000000000000000
000000000000000000000000000000000000000000000000000000000000000000000000
000000000000000000000000000000000000000000000000000000000000000000000000
000000000000000000000000000000000000000000000000000000000000000000000000
000000000000000000000000000000000000000000000000000000000000000000000000
000000000000000000001100000000000000000000000000000000000000000000000000
000000000000000001111110000000000000000000000000000000000000011110000000
000000000000000011111110000000000000000000000000000000000111111110000000
000000000000000111111110000000000000000000000000000000000111111110000000
000000000000001110000010000000000000000000000000000000000000011110000000
000000000000001100000000000000000000000000000000000000000000011110000000
000000000000011100000000000000000000000000000000110000000000011110000000
000000000000111100000000000000000000000000000111110000000000011110000000
000000000000111000000000000000000000000000000111110000000000011110000000
000000000000111000000000000000000000000000000111100000000000011110000000
000000000001111000000000000000000000000000000111100000000000011110000000
000000000001111000000000000000000000000000000111100000000000011110000000
000000000001111000000000000000000000000000000111100000000000011110000000
000000000001111000000000000000000000000000000111100000000000011110000001
000000000001111000000000000000000000000000000111100000000000011110000111
000000000011111111111100000000000000000000001111111111110000011110001111
100000001111111111111100000000000000000000111111111111110000011110111100
110000001111111100000000000000000000000001111111111111100000011111110000
111000000001111000000000000000000000000000000111100000000000011111000000
111000000001111000000000000000000000000000000111100000000000011111000000
111100000001111000000000000000000000000000000111100000000000011110000000
111100000001111000000000000000000000000000000111100000000000011110000000
111100000001111000000000000000000000000000000111100000000000011110000000
111100000001111000000000000000000000000000000111100000000000011110000000
111100000001111000000000000000000000000000000111100000000000011110000000
111100000001111000000000000000000000000000000111100000000000011110000000
111100000001111000000000000000000000000000000111100000000000011110000000
111100000001111000000000000000000000000000000111100000000000011110000000
111100000001111000000000000000000000000000000111100000000000011110000000
111100000001111000000000000000000000000000000111100000000000011110000000
111000000001111000000000000000000000000000000111100000000000011110000000
111000000001111000000000000000000000000000000111100000000000011110000000
110000000001111000000000000000000000000000000111110000000000011110000000
100000000001111000000000000000000000000000000111110000100000011110000000
000000000001111100000000000000000000000000000111111111100000111110000000
000000011111111111100000000000000000000000000011111111000111111111111000
000000011111111111100000000000000000000000000001111110000111111111111000
000000000000000000000000000000000000000000000000000000000000000000000000
000000000000000000000000000000000000000000000000000000000000000000000000
000000000000000000000000000000000000000000000000000000000000000000000000
000000000000000000000000000000000000000000000000000000000000000000000000
000000000000000000000000000000000000000000000000000000000000000000000000
000000000000000000000000000000000000000000000000000000000000000000000000
000000000000000000000000000000000000000000000000000000000000000000000000
000000000000000000000000000000000000000000000000000000000000000000000000
000000000000000000000000000000000000000000000000000000000000000000000000
000000000000000000000000000000000000000000000000000000000000000000000000
000000000000000000000000000000000000000000000000000000000000000000000000
000000000000000000000000000000000000000000000000000000000000000000000000
000000000000000000000000000000000000000000000000000000000000000000000000
000000000000000000000000000000000000000000000000000000000000000000000000
000000000000000000000000000000000000000000000000000000000000000000000000
000000000000000000000000000000000000000000000000000000000000000000000000
000000000000000000000000000000000000000000000000000000000000000000000000
000000000000000000000000000000000000000000000000000000000000000000000000
000000000000000000000000000000000000000000000000000000000000000000000000
000000000000000000000000000000000000000000000000000000000000000000000000
000000000000000000000000000000000000000000000000000000000000000000000000
000000000000000000000000000000000000000000000000000000000000000000000000
000000000000000000000000000000000000000000000000000000000000000000000000
000000000000000000000000000000000000000000000000000000000000000000000000
000000000000000000000000000000000000000000000000000000000000000000000000
000000000000000000000000000000000000000000000000000000000000000000000000
000000000000000000000000000000000000000000000000000000000000000000000000
000000000000000000000000000000000000000000000000000000000000000000000000
000000000000000000000000000000000000000000000000000000000000000000000000
000000000000000000000000000000000000000000000000000000000000000000000000
000000000000000000000000000000000000000000000000000000000000000000000000
000000000000000000000000000000000000000000000000000000000000000000000000
000000000000000000000000000000000000000000000000000000000000000000000000
000000000000000000000000000000000000000000000000000000000000000000000000
000000000000000000000000000000000000000000000000000000000000000000000000
000000000000000000000000000000000000000000000000000000000000000000000000
000000000000000000000000000000000000000000000000000000000000000000000000
000000000000000000000000000000000000000000000000000000000000000000000000
000000000000000000000000000000000000000000000000000000000000000000000000
000000000000000000000000000000000000000000000000000000000000000000000000
111111000000000000001111111111100000000000000000000000111111111100000000
111111100000000000111100001111100000000000000000000011111111111110000000
011111110000000001110000000011100000000000000000000111000001111111000000
000111110000000011100000000001100000000000000000001110000000011111000000
000011110000000011100000000000100000000000000000001100000000001111000000
000011111000000011100000000000100000000000000000001100000000001111000000
000001111000000011100000000000000000000000000000000000000000000111100000
000001111000000011110000000000000000000000000000000000000000000111100000
000001111000000011111100000000000000000000000000000000000000001111100000
111111111000000011111111110000000000000000000000000000000111111111100000
111001111000000001111111111111000000000000000000000000111111000111100000
000001111000000000111111111111100000000000000000000011110000000111100000
000001111000000000000111111111110000000000000000001111100000000111100000
000001111000000000000000111111111000000000000000011111000000000111100000
000001111000000000000000000011111000000000000000011110000000000111100000
000001111000000000000000000001111000000000000000011110000000000111100000
000001111000000010000000000001111000000000000000111110000000000111100000
000011111000000010000000000001111000000000000000111110000000001111100000
000111111000000010000000000001111000000000000000111110000000011111100000
001101111000000011000000000001110000000000000000011111000000110111100000
110001111000000011100000000011100000000000000000011111110111000111100000
100001111111000111110000001111000000000000000000001111111110000111111100
000001111111000111111111111100000000000000000000000111111000000111111100
000000000000000000011111100000000000000000000000000000000000000000000000
000000000000000000000000000000000000000000000000000000000000000000000000
000000000000000000000000000000000000000000000000000000000000000000000000
000000000000000000000000000000000000000000000000000000000000000000000000
000000000000000000000000000000000000000000000000000000000000000000000000
000000000000000000000000000000000000000000000000000000000000000000000000
000000000000000000000000000000000000000000000000000000000000000000000000
000000000000000000000000000000000000000000000000000000000000000000000000
000000000000000000000000000000000000000000000000000000000000000000000000
