000000000000000000000000000000000000000000000000000000000000000000001111
000000000000000000000000000000000000000000000000000000000000000000001111
000000000000000000000000000000000000000000000000000000000000000000001111
000000000000000000000000000000000000000000000000000000000000000000001111
000000000000000000000000000000000000000000000000000000000000000000001111
000000000000000000000000000000000000000000000000000000000000000000001111
000000000000000000000000000000000000000000000000000000000000000000001111
000000000000000000000000000000000000000000000000000000000000000000001111
000000000000000000000000000000000000000000000000000000000000000000001111
000000000000000000000000000000000000000000000000000000000000000000001111
001111111110000000000000111100001111111100000000000000000001111111101111
111111111111000000001111111100111111111110000000000000000111111111111111
110000111111100000011111111101111111111111000000000000011100000011111111
000000001111100000000001111111000000011111100000000001111000000000011111
000000000111110000000001111110000000001111100000000011110000000000001111
000000000011110000000001111100000000000111100000000011100000000000001111
000000000011110000000001111100000000000111110000000111100000000000001111
000000000011110000000001111100000000000111110000000111000000000000001111
000000000011110000000001111100000000000111110000001111000000000000001111
000001111111110000000001111100000000000111110000001111000000000000001111
011111110011110000000001111100000000000111110000001111000000000000001111
111100000011110000000001111100000000000111110000001111000000000000001111
110000000011110000000001111100000000000111110000001111000000000000001111
100000000011110000000001111100000000000111110000001111000000000000001111
100000000011110000000001111100000000000111110000001111100000000000001111
000000000011110000000001111100000000000111110000001111100000000000001111
000000000011110000000001111100000000000111110000001111100000000000001111
000000000011110000000001111100000000000111110000000111110000000000011111
000000001111110000000001111100000000000111110000000111111000000000111111
100000011011110000000001111100000000000111110000000011111100000001100111
111001110011110000000001111100000000000111110000000001111111000111000111
111111000011111110001111111111100000000111111110000000111111111110000111
111110000011111111011111111111110000000111111110000000011111111100001111
000000000000000000000000000000000000000000000000000000000000000000000000
000000000000000000000000000000000000000000000000000000000000000000000000
000000000000000000000000000000000000000000000000000000000000000000000000
000000000000000000000000000000000000000000000000000000000000000000000000
000000000000000000000000000000000000000000000000000000000000000000000000
000000000000000000000000000000000000000000000000000000000000000000000000
000000000000000000000000000000000000000000000000000000000000000000000000
000000000000000000000000000000000000000000000000000000000000000000000000
000000000000000000000000000000000000000000000000000000000000000000000000
000000000000000000000000000000000000000000000000000000000000000000000000
000000000000000000000000000000000000000000000000000000000000000000000000
000000000000000000000000000000000000000000000000000000000000000000000000
000000000000000000000000000000000000000000000000000000000000000000000000
000000000000000000000000000000000000000000000000000000000000000000000000
000000000000000000000000000000000000000000000000000000000000000000000000
000000000000000000000000000000000000000000000000000000000000000000000000
000000000000000000000000000000000000000000000000000000000000000000000000
000000000000000000000000000000000000000000000000000000000000000000000000
000000000000000000000000000000000000000000000000000000000000000000000000
000000000000000000000000000000000000000000000000000000000000000000000000
000000000000000000000000000000000000000000000000000000000000000000000000
000000000000000000000000000000000000000000000000000000000000000000000000
000000000000000000000000000000000000000000000000000000000000000000000000
000000000000000000000000000000000000000000000000000000000000000000000000
000000000000000000000000000000000000000000000000000000000000000000000000
000000000000000000000000000000000000000000000000000000000000000000000000
000000000000000000000000000000000000000000000000000000000000000000000000
000000000000000000000000000000000000000000000000000000000000000000000000
000000000000000000000000000000000000000000000000000000000000000000000000
000000000000000000001111000000000000000000000000000000000000000000000000
100000000000000000011110000000000000000000000000000000000000000000000000
110000000000000000011110000000000000000000000000000000000000000000000000
111000000000000000111100000000000000000000000000000000000000000000000000
111000000000000000111000000000000000000000000000000000000000000000000000
111100000000000001110000000000000000000000000000000000000000000000000000
111100000000000001110000000000000000000000000000000000000000000000000000
111110000000000011100000000000000000000000000000000000000000000000000000
111110000000000111000000000000000000000000000000000000000000000000000000
011111000000000110000000000000000000000000000000000000000000000000000000
011111000000001110000000000000000000000000000000000000000000000000000000
001111100000001100000000000000111111111000000000000000111000000000000011
000111100000011000000000000011110001111110000000000111111000000000111111
000111110000111000000000001111000000011111000000011111111000000001111111
000011111000110000000000011110000000001111100000000011111000000000001111
000011111001100000000000011100000000000111110000000001111000000000000111
000001111111100000000000111100000000000011111000000001111000000000000111
000001111111000000000001111000000000000011111000000001111000000000000111
000000111111000000000001111000000000000001111100000001111000000000000111
000000011111000000000001111000000000000001111100000001111000000000000111
000000011111000000000011111000000000000001111100000001111000000000000111
000000011111000000000011111000000000000001111100000001111000000000000111
000000011111000000000011111000000000000001111100000001111000000000000111
000000011111000000000011111000000000000000111100000001111000000000000111
000000011111000000000011111000000000000000111100000001111000000000000111
000000011111000000000011111000000000000000111100000001111000000000000111
000000011111000000000001111100000000000001111100000001111000000000000111
000000011111000000000001111100000000000001111000000001111000000000001111
000000011111000000000001111100000000000001111000000001111000000000001111
000000011111000000000000111110000000000001110000000001111100000000011111
000000011111000000000000111110000000000011100000000001111100000000110111
000000111111000000000000011111000000000111000000000001111111000111100111
000001111111100000000000001111110000001110000000000000111111111111000111
001111111111111100000000000111111111111100000000000000011111111100000111
000000000000000000000000000001111111100000000000000000000111110000000000
000000000000000000000000000000000000000000000000000000000000000000000000
000000000000000000000000000000000000000000000000000000000000000000000000
000000000000000000000000000000000000000000000000000000000000000000000000
000000000000000000000000000000000000000000000000000000000000000000000000
000000000000000000000000000000000000000000000000000000000000000000000000
000000000000000000000000000000000000000000000000000000000000000000000000
000000000000000000000000000000000000000000000000000000000000000000000000
000000000000000000000000000000000000000000000000000000000000000000000000
000000000000000000000000000000000000000000000000000000000000000000000000
000000000000000000000000000000000000000000000000000000000000000000000000
000000000000000000000000000000000000000000000000000000000000000000000000
000000000000000000000000000000000000000000000000000000000000000000000000
000000000000000000000000000000000000000000000000000000000000000000000000
000000000000000000000000000000000000000000000000000000000000000000000000
000000000000000000000000000000000000000000000000000000000000000000000000
000000000000000000000000000000000000000000000000000000000000000000000000
000000000000000000000000000000000000000000000000000000000000000000000000
000000000000000000000000000000000000000000000000000000000000000000000000
000000000000000000000000000000000000000000000000000000000000000000000000
000000000000000000000000000000000000000000000000000000000000000000000000
000000000000000000000000000000000000000000000000000000000000000000000000
000000000000000000000000000000000000000000000000000000000000000000000000
000000000000000000000000000000000000000000000000000000000000000000000000
000000000000000000000000000000000000000000000000000000000000000000000000
000000000000000000000000000000000000000000000000000000000000000000000000
000000000000000000000000000000000000000000000000000000000000000000000000
000000000001100000000000000000000000001000000000000000000000000000000000
000000011111100000000000000000000011111000000000000000000000000000000000
000001111111100000000000000000011111111000000000000000000000000000000000
000000001111100000000000000000000011111000000000000000000000000000000000
000000000111100000000000000000000001111000000000000000000000000000000000
000000000111100000000000000000000001111000000000000000000000000000000000
000000000111100000000000000000000001111000000000000000000000000000000000
000000000111100000000000000000000001111000000000000000000000000000000000
000000000111100000000000000000000001111000000000000000000000000000000000
000000000111100000000000000000000001111000000000000000000000000000000000
000000000111100000000000000000000001111000000000000000000000000000000000
000000000111100000000000000000000001111000000000000000000000000000000000
000000000111100000000000000000000001111000000000000000000000000000000000
000000000111100000000000000000000001111000000111111000000000000000000111
000000000111100000000000000000000001111000111111111110000000000000011111
000000000111100000000000000000000001111001111111111111000000000001110000
000000000111100000000000000000000001111011110000111111100000000011100000
000000000111100000000000000000000001111110000000001111110000000111000000
000000000111100000000000000000000001111100000000001111110000001111000000
000000000111100000000000000000000001111100000000000111110000011110000000
000000000111100000000000000000000001111000000000000011111000011110000000
000000000111100000000000000000000001111000000000000011111000011110000000
000000000111100000000000000000000001111000000000000011111000011110000000
000000000111100000000000000000000001111000000000000011111000111111111111
000000000111100000000000000000000001111000000000000011111000111111111111
000000000111100000000000000000000001111000000000000011110000111110000000
000000000111100000000000000000000001111000000000000011110000111110000000
000000000111100000000000000000000001111000000000000011110000111110000000
000000000111100000000000000000000001111000000000000011110000011110000000
000000000111100000000000000000000001111000000000000011100000011111000000
000000000111100000000000000000000001111000000000000111000000011111000000
000000000111100000000000000000000001111000000000001111000000011111100000
000000000111100000000000000000000001111100000000001100000000001111110000
000000001111100000000000000000000001111110000000111000000000000111111000
000000001111110000000000000000000001111111111111110000000000000011111111
110011111111111110000000000000000011101111111111000000000000000001111111
000000000000000000000000000000000001000001111100000000000000000000011111
000000000000000000000000000000000000000000000000000000000000000000000000
000000000000000000000000000000000000000000000000000000000000000000000000
000000000000000000000000000000000000000000000000000000000000000000000000
000000000000000000000000000000000000000000000000000000000000000000000000
000000000000000000000000000000000000000000000000000000000000000000000000
000000000000000000000000000000000000000000000000000000000000000000000000
000000000000000000000000000000000000000000000000000000000000000000000000
000000000000000000000000000000000000000000000000000000000000000000000000
000000000000000000000000000000000000000000000000000000000000000000000000
000000000000000000000000000000000000000000000000000000000000000000000000
000000000000000000000000000000000000000000000000000000000000000000000000
000000000000000000000000000000000000000000000000000000000000000000000000
000000000000000000000000000000000000000000000000000000000000000000000000
000000000000000000000000000000000000000000000000000000000000000000000000
000000000000000000000000000000000000000000000000000000000000000000000000
000000000000000000000000000000000000000000000000000000000000000000000000
000000000000000000000000000000000000000000000000000000000000000000000000
000000000000000000000000000000000000000000000000000000000000000000000000
000000000000000000000000000000000000000000000000000000000000000000000000
