000000000011110000000000000000000000000000000000000000000000000000000000
000000000011110000000000000000000000000000000000000000000000000000000000
000000000011110000000000000000000000000000000000000000000000000000000000
000000000011110000000000000000000000000000000000000000000000000000000000
000000000011110000000000000000000000000000000000000000000000000000000000
000000000011110000000000000000000000000000000000000000000000000000000000
000000000011110000000000000000000000000000000000000000000000000000000000
000000000011110000000000000000000000000000000000000000000000000000000000
000000000011110000000000000000000000000000000000000000000000000000000000
000000000011110000000000000000000000000000000000000000000000000000000000
111111111011110000000000000000000000011111111111100000000110000000011111
111111111111110000000000000000000000001111111110000000001110000000000111
000000111111110000000000000000000000000011111000000000001110000000000011
000000001111110000000000000000000000000011111000000000011111000000000001
000000000111110000000000000000000000000001111000000000011111000000000011
000000000011110000000000000000000000000001111000000000011111000000000011
000000000011110000000000000000000000000000111100000000111111100000000011
000000000011110000000000000000000000000000111100000000110111100000000111
000000000011110000000000000000000000000000111100000001100111110000000110
000000000011110000000000000000000000000000111110000001100011110000000110
000000000011110000000000000000000000000000011110000011000011110000001100
000000000011110000000000000000000000000000011110000011000001111000001100
000000000011110000000000000000000000000000011111000111000001111000001000
000000000011110000000000000000000000000000001111000110000001111100011000
000000000011110000000000000000000000000000001111000110000000111100011000
000000000011110000000000000000000000000000001111101100000000111100110000
000000000111110000000000000000000000000000000111101100000000011110110000
000000000111110000000000000000000000000000000111111000000000011111100000
000000001111110000000000000000000000000000000111111000000000011111100000
000000011011110000000000000000000000000000000111111000000000001111100000
110011110011111000000000000000000000000000000011110000000000001111000000
111111100011111111000000000000000000000000000011110000000000000111000000
111110000011111111000000000000000000000000000011100000000000000111000000
000000000000000000000000000000000000000000000000000000000000000000000000
000000000000000000000000000000000000000000000000000000000000000000000000
000000000000000000000000000000000000000000000000000000000000000000000000
000000000000000000000000000000000000000000000000000000000000000000000000
000000000000000000000000000000000000000000000000000000000000000000000000
000000000000000000000000000000000000000000000000000000000000000000000000
000000000000000000000000000000000000000000000000000000000000000000000000
000000000000000000000000000000000000000000000000000000000000000000000000
000000000000000000000000000000000000000000000000000000000000000000000000
000000000000000000000000000000000000000000000000000000000000000000000000
000000000000000000000000000000000000000000000000000000000000000000000000
000000000000000000000000000000000000000000000000000000000000000000000000
000000000000000000000000000000000000000000000000000000000000000000000000
000000000000000000000000000000000000000000000000000000000000000000000000
000000000000000000000000000000000000000000000000000000000000000000000000
000000000000000000000000000000000000000000000000000000000000000000000000
000000000000000000000000000000000000000000000000000000000000000000000000
000000000000000000000000000000000000000000000000000000000000000000000000
000000000000000000000000000000000000000000000000000000000000000000000000
000000000000000000000000000000000000000000000000000000000000000000000000
000000000000000000000000000000000000000000000000000000000000000000000000
000000000000000000000000000000000000000000000000000000000000000000000000
000000000000000000000000000000000000000000000000000000000000000000000000
000000000000000000000000000000000000000000000000000000000000000000000000
000000000000000000000000000000000000000000000000000000000000000000000000
000000000000000000000000000000000000000000000000000000000000000000000000
000000000000000000000000000000000000000000000000000000000000000000000000
000000000000000000000000000000000000000000000000000000000000000000000000
000000000000000000000000000000000000000000000000000000000000000000000000
000000000000000000000000000000000000000000000000000000000000000000000000
000000000000000000000000000000000000000000000000000000000000000000000000
000000000000000000000000000000000000000000000000000000000000000000000000
000000000000000000000000000000000000000000000000000000000000000000000000
000000000000000000000000000000000000000000000000000000000000000000000000
000000000000000000000000000000000000000000000000000000000000000000000000
000000000000000000000000000000000000000000000000000000000000000000000000
000000000000000000000000000000000000000000000000000000000000000000000000
000000000000000000000000000000000000000000000000000000000000000000000000
000000000000000000000000000000000000000000000000000000000000000000000000
000000000000000000000000000000000000000000000000000000000000000000000000
000000110000011111111000000000000000000111111100000000000000001111111100
001111110000111111111110000000000000011110011111000000000000111111111110
111111110001111111111111000000000001111000000111100000000011100001111111
000111110011000000111111100000000011100000000011110000000111000000011111
000011111110000000001111110000000111100000000001111000000110000000001111
000011111100000000000111110000000111000000000001111000000110000000000111
000011111000000000000011111000001111000000000001111100000000000000000111
000011110000000000000011111000001111000000000001111100000000000000000011
000011110000000000000001111000011111000000000001111100000000000000000111
000011110000000000000001111000011111000000000001111100000000000001111111
000011110000000000000001111000011111111111111111111100000000011111111111
000011110000000000000001111000011111111111111110000000000001111100000011
000011110000000000000001111000011111000000000000000000000111110000000011
000011110000000000000001111000011111000000000000000000001111100000000011
000011110000000000000001110000011111000000000000000000001111000000000011
000011110000000000000011110000011111000000000000000000011111000000000011
000011110000000000000011100000001111000000000000000000011110000000000011
000011110000000000000111000000001111100000000000000000011110000000000111
000011111000000000001111000000001111110000000000000000011111000000001111
000011111100000000001110000000000111111000000000001000011111000000011111
000011111111000000111000000000000011111100000000111000001111110001100011
000011111111111111100000000000000001111111111111110000001111111111000111
000011111111111111000000000000000000111111111111000000000111111110000111
000011110000111000000000000000000000001111111100000000000000111000000000
000011110000000000000000000000000000000000000000000000000000000000000000
000011110000000000000000000000000000000000000000000000000000000000000000
000011110000000000000000000000000000000000000000000000000000000000000000
000011110000000000000000000000000000000000000000000000000000000000000000
000011110000000000000000000000000000000000000000000000000000000000000000
000011110000000000000000000000000000000000000000000000000000000000000000
000011110000000000000000000000000000000000000000000000000000000000000000
000011110000000000000000000000000000000000000000000000000000000000000000
000011110000000000000000000000000000000000000000000000000000000000000000
000011110000000000000000000000000000000000000000000000000000000000000000
000011111000000000000000000000000000000000000000000000000000000000000000
011111111110000000000000000000000000000000000000000000000000000000000000
111111111111100000000000000000000000000000000000000000000000000000000000
000000000000000000000000000000000000000000000000000000000000000000000000
000000000000000000000000000000000000000000000000000000000000000000000000
000000000000000000000000000000000000000000000000000000000000000000000000
000000000000000000000000000000000000000000000000000000000000000000000000
000000000000000000000000000000000000000000000000000000000000000000000000
000000000000000000000000000000000000000000000000000000000000000000000000
000000000000000000000000000000000000000000000000000000000000000000000000
000000000000000000000000000000000000000000000000000000000000000000000000
000000000000000000000000000000000000000000000000000000000000000000000000
000000000000000000000000000000000000000000000000000000000000000000000000
000000000000000000000000000000000000000000000000000000000000000000000000
000000000000000000000000000000000000000000000000000000000000000000000000
000000000000000000000000000000000000000000000000000000000000000000000000
000000000000000000000000000000100000000000000000000000000000000000000000
000000000000000000000000001111100000000000000000000000000000000000000000
000000000000000000000001111111100000000000000000000000000000000000000000
000000000000000000000000001111100000000000000000000000000000000000000000
000000000000000000000000000111100000000000000000000000000000000000000000
000000000000000000000000000111100000000000000000000000000000000000000000
000000000000000000000000000111100000000000000000000000000000000000000000
000000000000000000000000000111100000000000000000000000000000000000000000
000000000000000000000000000111100000000000000000000000000000000000000000
000000000000000000000000000111100000000000000000000000000000000000000000
000000000000000000000000000111100000000000000000000000000000000000000000
000000000000000000000000000111100000000000000000000000000000000000000000
000000000000000000000000000111100000000000000000000000000000000000000000
000111110000000000000000000111100000011111100000000011000000011000000110
001111110000000000000000000111100001111111111000000011111111111100000111
011111000000000000000000000111100011111111111100000000111111000000000000
111100000000000000000000000111100111000011111110000000011111000000000000
110000000000000000000000000111111100000000111111000000001111000000000000
100000000000000000000000000111111000000000011111000000001111100000000000
000000000000000000000000000111110000000000001111100000001111100000000001
000000000000000000000000000111100000000000001111100000000111100000000001
000000000000000000000000000111100000000000001111100000000111110000000001
000000000000000000000000000111100000000000000111100000000011110000000011
000000000000000000000000000111100000000000000111100000000011111000000011
000000000000000000000000000111100000000000000111100000000011111000000110
000000000000000000000000000111100000000000000111100000000001111000000110
000000000000000000000000000111100000000000000111100000000001111100001110
100000000000000000000000000111100000000000000111000000000000111100001100
110000000000000000000000000111100000000000001111000000000000111100001100
111000000000000000000000000111100000000000001110000000000000011110011000
111100000000000000000000000111100000000000001110000000000000011110011000
111110000000000000000000000111100000000000011100000000000000011111110000
011111000000000000000000000111110000000000111000000000000000001111110000
001111110000000000000000000111111100000001100000000000000000001111110000
000111111100000000000000000111111111111111000000000000000000000111100000
000011111100000000000000000110111111111110000000000000000000000111100000
000001100000000000000000000100000111111000000000000000000000000111000000
000000000000000000000000000000000000000000000000000000000000000011000000
000000000000000000000000000000000000000000000000000000000000000110000000
000000000000000000000000000000000000000000000000000000000000000110000000
000000000000000000000000000000000000000000000000000000000000000100000000
000000000000000000000000000000000000000000000000000000000000001100000000
000000000000000000000000000000000000000000000000000000000000001100000000
000000000000000000000000000000000000000000000000000000000000011000000000
000000000000000000000000000000000000000000000000000000000000011000000000
000000000000000000000000000000000000000000000000000000000000110000000000
000000000000000000000000000000000000000000000000000000100001110000000000
000000000000000000000000000000000000000000000000000001111111100000000000
000000000000000000000000000000000000000000000000000001111111000000000000
000000000000000000000000000000000000000000000000000001111110000000000000
000000000000000000000000000000000000000000000000000000000000000000000000
000000000000000000000000000000000000000000000000000000000000000000000000
000000000000000000000000000000000000000000000000000000000000000000000000
000000000000000000000000000000000000000000000000000000000000000000000000
000000000000000000000000000000000000000000000000000000000000000000000000
000000000000000000000000000000000000000000000000000000000000000000000000
