001111110000000000111111111111000011111111111100000000111111110000000111
000000000000000000000011110000000000000000000000000000000000000000000000
000000000000000000000000000000000000000000000000000000000000000000000000
000000000000000000000000000000000000000000000000000000000000000000000000
000000000000000000000000000000000000000000000000000000000000000000000000
000000000000000000000000000000000000000000000000000000000000000000000000
000000000000000000000000000000000000000000000000000000000000000000000000
000000000000000000000000000000000000000000000000000000000000000000000000
000000000000000000000000000000000000000000000000000000000000000000000000
000000000000000000000000000000000000000000000000000000000000000000000000
000000000000000000000000000000000000000000000000000000000000000000000000
000000000000000000000000000000000000000000000000000000000000000000000000
000000000000000000000000000000000000000000000000000000000000000000000000
000000000000000000000000000000000000000000000000000000000000000000000000
000000000000000000000000000000000000000000000000000000000000000000000000
000000000000000000000000000000000000000000000000000000000000000000000000
000000000000000000000000000000000000000000000000000000000000000000000000
000000000000000000000000000000000000000000000000000000000000000000000000
000000000000000000000000000000000000000000000000000000000000000000000000
000000000000000000000000000000000000000000000000000000000000000000000000
000000000000000000000000000000000000000000000000000000000000000000000000
000000000000000000000000000000000000000000000000000000000000000000000000
000000000000000000000000000000000000000000000000000000000000000000000000
000000000000000000000000000000000000000000000000000000000000000000000000
000000000000000000000000000000000000000000000000000000000000000000000000
000000000000000000000000000000000000000000000000000000000000000000000000
000000000000000000000000000000000000000000000000000000000000000000000000
000000000000000000000000000000000000000000000000000000000000000000000000
000000000000000000000000000000000000000000000000000000000000000000000000
000000000000000000000000000000000000000000000000000000000000000000000000
000000000000000000000000000000000000000000000000000000000000000000000000
000000000000000000000000000000000000000000000000000000000000000000000000
000000000000000000000000000000000000000000000000000000000000000000000000
000000000000000000000000000000000000000000000000000000010000000000000000
000000000000000000000000000000000000000000000000000011110000000000000000
000000000000000000000000000000000000000000000000000011110000000000000000
000000000000000000000000000000000000000000000000000011110000000000000000
000000000000000000000000000000000000000000000000000011110000000000000000
000000000000000000000000000000000000000000000000000011110000000000000000
000000000000000000000000000000000000000000000000000011110000000000000000
000000000000000000000000000000000000000000000000000011110000000000000000
011111000000000111111110000000000000000000000000000011110000000000000000
111111000000011110001111100000000000000000000000000111111111110000000011
111111000001111000000011110000000000000000000000011111111111110000001111
111111000011110000000001111000000000000000000000111111111111110000011110
000111000111100000000001111000000000000000000000000011110000000000111100
000010000111100000000001111100000000000000000000000011110000000000111000
000000001111000000000000111100000000000000000000000011110000000001111000
000000001111000000000000111100000000000000000000000011110000000001111000
000000001111000000000000111100000000000000000000000011110000000001111000
000000001111100000000000111100000000000000000000000011110000000011111100
000000011111111111111111111100000000000000000000000011110000000011111111
000000011111000000000000000000000000000000000000000011110000000011111000
000000011111000000000000000000000000000000000000000011110000000011111000
000000011111000000000000000000000000000000000000000011110000000011111000
000000011111000000000000000000000000000000000000000011110000000011111000
000000001111100000000000000000000000000000000000000011110000000001111000
000000001111100000000000000000000000000000000000000011110000000001111100
000000001111100000000000000000000000000000000000000011110000000001111100
000000000111110000000000000000000000000000000000000011110000000000111110
000000000111111000000000001100000000000000000000000011110000000000111111
000000000011111110000000111000000000000000000000000011111111110000011111
100000000001111111111111110000000000000000000000000011111111100000001111
110000000000011111111111000000000000000000000000000001111111000000000011
000000000000000111111000000000000000000000000000000000000000000000000000
000000000000000000000000000000000000000000000000000000000000000000000000
000000000000000000000000000000000000000000000000000000000000000000000000
000000000000000000000000000000000000000000000000000000000000000000000000
000000000000000000000000000000000000000000000000000000000000000000000000
000000000000000000000000000000000000000000000000000000000000000000000000
000000000000000000000000000000000000000000000000000000000000000000000000
000000000000000000000000000000000000000000000000000000000000000000000000
000000000000000000000000000000000000000000000000000000000000000000000000
000000000000000000000000000000000000000000000000000000000000000000000000
000000000000000000000000000000000000000000000000000000000000000000000000
000000000000000000000000000000000000000000000000000000000000000000000000
000000000000000000000000000000000000000000000000000000000000000000000000
000000000000000000000000000000000000000000000000000000000000000000000000
000000000000000000000000000000000000000000000000000000000000000000000000
000000000000000000000000000000000000000000000000000000000000000000000000
000000000000000000000000000000000000000000000000000000000000000000000000
000000000000000000000000000000000000000000000000000000000000000000000000
000000000000000000000000000000000000000000000000000000000000000000000000
000000000000000000000000000000000000000000000000000000000000000000000000
000000000000000000000000000000000000000000000000000000000000000000000000
000000000000000000000000000000000000000000000000000000000000000000000000
000000000000000000000000000000000000000000000000000000000000000000000000
000000000000000000000000000000000000000000000000000000000000000000000000
000000000000000000000000000000000000000000000000000000000000000000000000
000000000000000000000000000000000000000000000000000000000000000000000000
000000000000000000000000000000000000000000000000000000000000000000000000
000000000000000000000000000000000000000000000000000000000000000000000011
000000000000000000000000000000000000000000000000000000000000000000111111
000000000000000000000000000000000000000000000000000000000000000011111111
000000000000000000000000000000000000000000000000000000000000000000001111
000000000000000000000000000000000000000000000000000000000000000000001111
000000000000000000000000000000000000000000000000000000000000000000001111
000000000000000000000000000000000000000000000000000000000000000000001111
000000000000000000000000000000000000000000000000000000000000000000001111
000000000000000000000000000000000000000000000000000000000000000000001111
000000000000000000000000000000000000000000000000000000000000000000001111
000000000000000000000000000000000000000000000000000000000000000000001111
000000000000000000000000000000000000000000000000000000000000000000001111
000000000000000000000000000000000000000000000000000000000000000000001111
000000001111111100000000000000011111111100000000000000000001111111001111
000000111100011111000000000001111111111110000000000000000111111111111111
000001110000000111100000000111100011111111000000000000011110000011111111
000011100000000011110000000110000000011111000000000001111000000000111111
000111000000000011110000000110000000001111100000000011110000000000001111
001111000000000011111000000100000000001111100000000011100000000000001111
011110000000000001111000000000000000000111100000000111100000000000001111
011110000000000001111000000000000000000111100000000111000000000000001111
011110000000000001111000000000000000000111100000001111000000000000001111
011110000000000001111000000000000001111111100000001111000000000000001111
011111111111111111111000000000011111110111100000001111000000000000001111
111111111111111100000000000011111100000111100000001111000000000000001111
111110000000000000000000000111100000000111100000001111000000000000001111
011110000000000000000000001111000000000111100000001111000000000000001111
011110000000000000000000011111000000000111100000001111100000000000001111
011111000000000000000000011110000000000111100000001111100000000000001111
011111000000000000000000011110000000000111100000001111100000000000001111
011111000000000000000000011110000000000111100000000111110000000000011111
001111100000000000000000011110000000001111100000000111111000000000111111
001111110000000000001000011111000000110111100000000011111100000001110111
000111111100000000110000011111100011100111100000000011111111000111000111
000011111111111111110000001111111111000111110000000001111111111110001111
000000111111111111000000000111111100000111111100000000011111111100001111
000000001111111000000000000001110000000000000000000000000011110000000000
000000000000000000000000000000000000000000000000000000000000000000000000
000000000000000000000000000000000000000000000000000000000000000000000000
000000000000000000000000000000000000000000000000000000000000000000000000
000000000000000000000000000000000000000000000000000000000000000000000000
000000000000000000000000000000000000000000000000000000000000000000000000
000000000000000000000000000000000000000000000000000000000000000000000000
000000000000000000000000000000000000000000000000000000000000000000000000
000000000000000000000000000000000000000000000000000000000000000000000000
000000000000000000000000000000000000000000000000000000000000000000000000
000000000000000000000000000000000000000000000000000000000000000000000000
000000000000000000000000000000000000000000000000000000000000000000000000
000000000000000000000000000000000000000000000000000000000000000000000000
000000000000000000000000000000000000000000000000000000000000000000000000
000000000000000000000000000000000000000000000000000000000000000000000000
000000000000000000000000000000000000000000000000000000000000000000000000
000000000000000000000000000000000000000000000000000000000000000000000000
000000000000000000000000000000000000000000000000000000000000000000000000
000000000000000000000000000000000000000000000000000000000000000000000000
000000000000000000000000000000000000000000000000000000000000000000000000
000000000000000000000000000000000000000000000000000000000000000000000000
000000000000000000000000000000000000000000000000000000000000000000000000
000000000000000000000000000000000000000000000000000000000000000000000000
000000000000000000000000000000000000000000000000000000000000000000000000
000000000000000000000000000000000000000000000000000000000000000000000000
000000000000000000000000000000000000000000000000000000000000000000000000
000000000000000000000000000000000000000000000000000000000000000000000000
000000000000000000000000000000000000000000000000000000000000000000000000
000000000000000000000000000000000000000000000000000000000000000000000000
000000000000000000000000000000000000000000000000000000000000000000000000
000000000000000000000000000000000000000000000000000000000000000000000000
000000000000000000000000000000001110000000000000000000000000000000000000
000000000000000000000000000000001110000000000000000000000000000000000000
000000000000000000000000000000001111000000000000000000000000000000000000
000000000000000000000000000000011111000000000000000000000000000000000000
000000000000000000000000000000011111100000000000000000000000000000000000
000000000000000000000000000000111111100000000000000000000000000000000000
000000000000000000000000000000111111100000000000000000000000000000000000
000000000000000000000000000001110111110000000000000000000000000000000000
000000000000000000000000000001100111110000000000000000000000000000000000
000000000000000000000000000001100011111000000000000000000000000000000000
000000000000000000000000000011100011111000000000000000000000000000000000
000000000000000000000000000011000001111100000000000000000000000000000000
000000000000000000000000000111000001111100000000000000000000000000000000
000000000000000000000000000110000001111100000000000000000000000000000000
000000000000000000000000001110000000111110000000000000000000000000000000
000000000000000000000000001100000000111110000000000000000000000000000000
000000000000000000000000001100000000011111000000000000000000000000000000
000000000000000000000000011100000000011111000000000000000000000000000000
000000000000000000000000011000000000001111000000000000000000000000000000
000000000000000000000000111000000000001111100000000000000000000000000000
000000000000000000000000110000000000001111100000000000000000000000000000
