000000000000000000000000000000000000000000000000000000000000000000000000
000000000000000000000000000000000000000000000000000000000000000000000000
000000000000000000000000000000000000000000000000000000000000000000000000
000000000000000000000000000000000000000000000000000000000000000000000000
000000000000000000000000000000000000000000000000000000000000000000000000
000000000000000000000000000000000000000000000000000000000000000000000000
000000000000000000000000000000000000000000000000000000000000000000000000
000000000000000000000000000000000000000000000000000000000000000000000000
000000000000000000000000000000000000000000000000000000000000000000000000
000000000000000000000000000000000000000000000000000000000000000000000000
000000000000000000000000000000000000000000000000000000000000000000000000
000000000000000000000000000000000000000000000000000000000000000000000000
000000000000000000000000000000000000000000000000000000000000000000000000
000000000000000000000000000000000000000000000000000000000000000000000000
000000000000000000000000000000000000000000000000000000000000000000000000
000000000000000000000000000000000000000000000000000000000000000000000000
000000000000000000000000000000000000000000000000000000000000000000000000
000000000000000000000000000000000000000000000000000000000000000000000000
000000000000000000000000000000000000000000000000000000000000000000000000
000000000000000000000000000000000000000000000000000000000000000000000000
000000000001111111000000000000000011000001111100000000000000000000000000
000000000111111111110000000000011111000111111111100000000000000000000000
000000011111111111111000000111111111001111111111110000000000000000000000
000000111000000011111000000011111111011100001111111000000000000000000000
000000110000000001111100000000011111110000000011111000000000000000000000
000000110000000000111100000000011111100000000011111000000000000000000000
000000100000000000111100000000011111000000000001111100000000000000000000
000000000000000000111100000000011111000000000001111100000000000000000000
000000000000000000111100000000011111000000000001111100000000000000000000
000000000000000011111100000000011111000000000001111100000000000000000000
000000000001111111111100000000011111000000000001111100000000000000000000
000000001111110000111100000000011111000000000001111100000000000000000000
000000011110000000111100000000011111000000000001111100000000000000000000
000001111100000000111100000000011111000000000001111100000000000000000000
000001111000000000111100000000011111000000000001111100000000000000000000
000011110000000000111100000000011111000000000001111100000000000000000000
000011110000000000111100000000011111000000000001111100000000000000000000
000011110000000000111100000000011111000000000001111100000000000000000000
000011110000000001111100000000011111000000000001111100000000000000000000
000011111000000011111100000000011111000000000001111100000000000000000000
000011111100001110111100000000011111000000000001111100000000000000000000
000001111111111000111110000000011111000000000001111100000000000000000000
000000111111110000111111110111111111111100000001111111110000000000000000
000000011111000000110000100011000000011000000000100000100000000000000000
000000000000000000000000000000000000000000000000000000000000000000000000
000000000000000000000000000000000000000000000000000000000000000000000000
000000000000000000000000000000000000000000000000000000000000000000000000
000000000000000000000000000000000000000000000000000000000000000000000000
000000000000000000000000000000000000000000000000000000000000000000000000
000000000000000000000000000000000000000000000000000000000000000000000000
000000000000000000000000000000000000000000000000000000000000000000000000
000000000000000000000000000000000000000000000000000000000000000000000000
000000000000000000000000000000000000000000000000000000000000000000000000
000000000000000000000000000000000000000000000000000000000000000000000000
000000000000000000000000000000000000000000000000000000000000000000000000
000000000000000000000000000000000000000000000000000000000000000000000000
000000000000000000000000000000000000000000000000000000000000000000000000
000000000000000000000000000000000000000000000000000000000000000000000000
000000000000000000000000000000000000000000000000000000000000000000000000
000000000000000000000000000000000000000000000000000000000000000000000000
000000000000000000000000000000000000000000000000000000000000000000000000
000000000000000000000000000000000000000000000000000000000000000000000000
000000000000000000000000000000000000000000000000000000000000000000000000
000000000000000000000000000000000000000000000000000000000000000000000000
000000000000000000000000000000000000000000000000000000000000000000000000
000000000000000000000000000000000000000000000000000000000000000000000000
000000000000000000000000000000000000000000000000000000000000000000000000
000000000000000000000000000000000000000000000000000000000000000000000000
000000000000000000000000000000000000000000000000000000000000000000000000
000000000000000000000000000000000000000000000000000000000000000000000000
000000000000000000000000000000000000000000000000000000000000000000000000
000000001111000000000000000000000000000000000000000000000000000000000000
110011111111000000000000000000000000000000000000000000000000000000000000
110011111111000000000000000000000000000000000000000000000000000000000000
110000011111000000000000000000000000000000000000000000000000000000000000
110000001111000000000000000000000000000000000000000000000000000000000000
110000001111000000000000000000000000000000000000000000000000000000000000
110000001111000000000000000000000000000000000000000000000000000000000000
110000001111000000000000000000000000000000000000000000000000000000000000
110000001111000000000000000000000000000000000000000000000000000000000000
000000001111000000000000000000000000000000000000000000000000000000000000
000000001111000000000000000000000000000000000000000000000000000000000000
000000001111000000000000000000000000000000000000000000000000000000000000
000000001111000000111100000000000000000000011111000000000000000000000000
000000001111000011111111100000000000000011111111110000000000000000000000
000000001111001111111111110000000000000111000001111000000000000000000000
000000001111011110011111111000000000011110000000111100000000000000000000
000000001111110000000111111000000000111100000000011110000000000000000000
000000001111100000000011111000000001111000000000011111000000000000000000
000000001111000000000001111100000001111000000000001111000000000000000000
000000001111000000000001111100000011110000000000001111000000000000000000
000000001111000000000000111100000011110000000000001111000000000000000000
000000001111000000000000111100000011110000000000001111000000000000000000
000000001111000000000000111100000011111111111111111111000000000000000000
000000001111000000000000111100000011111111111111111111000000000000000000
000000001111000000000000111100000111110000000000000000000000000000000000
000000001111000000000000111100000011110000000000000000000000000000000000
000000001111000000000000111100000011110000000000000000000000000000000000
000000001111000000000000111100000011111000000000000000000000000000000000
000000001111000000000000111100000011111000000000000000000000000000000000
000000001111000000000000111100000011111000000000000000000000000000000000
000000001111000000000000111100000001111100000000000000000000000000000000
000000001111000000000000111100000001111110000000000000000000000000000000
000000001111000000000000111100000000111111000000000011000000000000000000
000000011111000000000000111100000000011111110000001110000000000000000000
000011111111111100000000111111110000001111111111111100000000000000000000
000011111111111100000000111111110000000111111111110000000000000000000000
000000000000000000000000000000000000000000011100000000000000000000000000
000000000000000000000000000000000000000000000000000000000000000000000000
000000000000000000000000000000000000000000000000000000000000000000000000
000000000000000000000000000000000000000000000000000000000000000000000000
000000000000000000000000000000000000000000000000000000000000000000000000
000000000000000000000000000000000000000000000000000000000000000000000000
000000000000000000000000000000000000000000000000000000000000000000000000
000000000000000000000000000000000000000000000000000000000000000000000000
000000000000000000000000000000000000000000000000000000000000000000000000
000000000000000000000000000000000000000000000000000000000000000000000000
000000000000000000000000000000000000000000000000000000000000000000000000
000000000000000000000000000000000000000000000000000000000000000000000000
000000000000000000000000000000000000000000000000000000000000000000000000
000000000000000000000000000000000000000000000000000000000000000000000000
000000000000000000000000000000000000000000000000000000000000000000000000
000000000000000000000000000000000000000000000000000000000000000000000000
000000000000000000000000000000000000000000000000000000000000000000000000
000000000000000000000000000000000000000000000000000000000000000000000000
000000000000000000000000000000000000000000000000000000000000000000000000
000000000000000000000000000000000000000000000000000000000000000000000000
000000000000000000000000000000000000000000000000000000000000000000000000
000000000000000000000000000000000000000000000000000000000000000000000000
000000000000000000000000000000000000000000000000000000000000000000000000
000000000000000000000000000000000000000000000000000000000000000000000000
000000000000000000000000000000000000000000000000000000000000000000000000
000000000000000000000000000000000000000000000000000000000000000000000000
000000000000000000000000000000000000000000000000000000000000000000000000
000000000000000000000000000000000000000000000001110000000000000000000000
000000000000000000000000000000000000000000011111110000000000000000000000
000000000000000000000000000000000000000000111111110000000000000000000000
000000000000000000000000000000000000000000000011110000000000000000000000
000000000000000000000000000000000000000000000011110000000000000000000000
000000000000000000000000000000000000000000000011110000000000000000000000
000000000000000000000000000000000000000000000011110000000000000000000000
000000000000000000000000000000000000000000000011110000000000000000000000
000000000000000000000000000000000000000000000011110000000000000000000000
000000000000000000000000000000000000000000000011110000000000000000000000
000000000000000000000000000000000000000000000011110000000000000000000000
000000000000000000000000000000000000000000000011110000000000000000000000
000000000000000000000000000000000000000000000011110000000000000000000000
001110000111111111000000000000000000111111111011110000000000000000000000
111110001111111111100000000000000011111111111111110000000000000000000000
111110011111111111110000000000001111000000111111110000000000000000000000
111110110000000111110000000000011100000000001111110000000000000000000000
011111100000000011111000000000111000000000000111110000000000000000000000
011111000000000011111000000001111000000000000011110000000000000000000000
011110000000000001111000000001110000000000000011110000000000000000000000
011110000000000001111000000011110000000000000011110000000000000000000000
011110000000000001111000000011110000000000000011110000000000000000000000
011110000000000001111000000011110000000000000011110000000000000000000000
011110000000000001111000000111110000000000000011110000000000000000000000
011110000000000001111000000111110000000000000011110000000000000000000000
011110000000000001111000000111110000000000000011110000000000000000000000
011110000000000001111000000111110000000000000011110000000000000000000000
011110000000000001111000000011110000000000000011110000000000000000000000
011110000000000001111000000011111000000000000011110000000000000000000000
011110000000000001111000000011111000000000000111110000000000000000000000
011110000000000001111000000011111100000000000111110000000000000000000000
011110000000000001111000000001111100000000001111110000000000000000000000
011110000000000001111000000001111111000000011011110000000000000000000000
011110000000000001111100000000111111110011110011111000000000000000000000
111111111000000001111111100000011111111111100011111111000000000000000000
111111111000000001111111100000000111111110000011111111000000000000000000
000000000000000000000000000000000000000000000000000000000000000000000000
000000000000000000000000000000000000000000000000000000000000000000000000
000000000000000000000000000000000000000000000000000000000000000000000000
000000000000000000000000000000000000000000000000000000000000000000000000
000000000000000000000000000000000000000000000000000000000000000000000000
000000000000000000000000000000000000000000000000000000000000000000000000
000000000000000000000000000000000000000000000000000000000000000000000000
000000000000000000000000000000000000000000000000000000000000000000000000
000000000000000000000000000000000000000000000000000000000000000000000000
