000000000000000000000000000000000000000000000000000000000000000000000000
000000000000000000000000000000000000000000000000000000000000000000000000
000000000000000000000000000000000000000000000000000000000000000000000000
000000000000000000000000000000000000000000000000000000000000000000000000
000000000000000000000000000000000000000000000000000000000000000000000000
000000000000000000000000000000000000000000000000000000000000000000000000
000000000000000000000000000000000000000000000000000000000000000000000000
000000000000000000000000000000000000000000000000000000000000000000000000
000000000000000000000000000000000000000000000000000000000000000000000000
000000000000000000000000000000000000000000000000000000000000000000000000
000000000000000000000000000000000000000000000000000000000000000000000000
000000000000000000000000000000000000000000000000000000000000000000000000
000000000000000000000000000000000000000000000000000000000000000000000000
000000000000000000000000000000000000000000000000000000000000000000000000
000000000000000000000000000000000000000000000000000000000000000000000000
000000000000000000000000000000000000000000000000000000000000000000000000
000000000000000000000000000000000000000000000000000000000000000000000000
000000000000000000000000000000000000000000000000000000000000000000000000
000000000000000000000000000000000000000000000000000000000000000000000000
000000000000000000000000000000000000000000000000000000000000000000000000
000000000000000000000000000000000000000000000000000000000000000000000000
000000000000000000000000000000000000000000000000000000000000000000000000
000000000000000000000000000000000000000000000000000000000000000000000000
000000000000000000000000000000000000000000000000000000000000000000000000
000000000000000000000000000000000000000000000000000000000000000000000000
000000000000000000000000000000000000000000000000000000000000000000000000
000000000000000000000000000000000000000000000000000000000000000000000000
000000000000000000000000000000000000000000000000000000000000000000000000
000000000000000000000000000000000000000000000000000000000000000000000000
000000000000000000000000000000000000000000000000000000000000000000000000
000000000000000000000000000000000000000000000000000000000000000000000000
000000000000000000000000000000000000000000000000000000000000000000000000
000000000000000000000000000000000000000000000000000000000000000000000000
000000000000000000000000000000000000000000000000000000000000000000000000
000000000000000000000000000000000000000000000000000000000000000000000000
000000000000000000000000000000000000000000000000000000000000000000000000
000000000000000000000000000000000000000000000000000000000000000000000000
000000000000000000000000000000000000000000000000000000000000000000000000
000000000000000000000000000000000000000000000000000000000000000000000000
000000000000000000000000000000000000000000000000000000000000000000000000
000000000000000000000000000000000000000000000000000000000000000000000000
000000000000000000000000000000000000000000000000000000000000000000000000
000000000000000000000000000000000000000000000000000000000000000000000000
000000000000000000000000000000000000000000000000000000000000000000000000
000000000000000000000000000000000000000000000000000000000000000000000000
000000000000000000000000000000000000000000000000000000000000000000000000
000000000000000000000000000000000000000000000000000000000000000000000000
000000000000000000000000000000000000000000000000000000000000000000000000
000000000000000000000000000000000000000000000000000000000000000000000000
000000000000000000000000000000000000000000000000000000000000000000000000
000000000000000000000000000000000000000000000000000000000000000000000000
000000000000000000000000000000000000000000000000000000000000000000000000
000000000000000000000000000000000000000000000000000000000000000000000000
000000000000000000000000000000000000000000000000000000000000000000000011
000000000000000000000000000000000000000000000000000000000000000000000000
000000000000000000000000000000000000000000000000000000000000000000000000
000000000000000000000000000000000000000000000000000000000000000000000000
000000000000000000000000000000000000000000000000000000000000000000000000
000000000000000000000000000000000000000000000000000000000000000000000000
000000000000000000000000000000000000000000000000000000000000000000000000
000000000000000000000000000000000000000000000000000000000000000000000000
000000000000000000000000000000000000000000000000000000000000000000000000
000000000000000000000000000000000000000000000000000000000000000000000000
000000000000000000000000000000000000000000000000000000000000000000000000
100000000000000011111100000000000000000011111000000000000000000001111110
111000000000011111111111000000000000011111111111000000000000000111111111
111100000000111000000111100000000001111000001111100000000000011110001111
111100000011110000000011110000000011100000000111110000000001110000000001
011000000111100000000011111000000111100000000011110000000011100000000000
001000000111000000000001111000001111000000000001111000000111100000000000
001000001111000000000001111000001111000000000001111000000111000000000000
001000001111000000000001111100011111000000000001111100001111000000000000
000000011111000000000001111100011110000000000001111100001111000000000000
000000011111000000000001111100011110000000000001111100011110000000000000
000000011111111111111111111100011111111111111111111100011110000000000000
000000011111111111111111110000011111111111111111110000011110000000000000
000000011110000000000000000000011110000000000000000000011110000000000000
000000011111000000000000000000011110000000000000000000011110000000000000
000000011111000000000000000000011111000000000000000000011111000000000000
000000011111000000000000000000011111000000000000000000011111000000000000
000000011111000000000000000000011111000000000000000000011111000000000000
000000001111100000000000000000011111000000000000000000001111100000000000
000000001111100000000000000000001111100000000000000000001111110000000000
000000001111110000000000000000001111110000000000000000000111111000000001
000000000111111000000000011000000111111000000000011000000111111100000111
111100000011111111000011110000000011111111000011110000000011111111111110
111000000001111111111111100000000001111111111111100000000000111111111100
100000000000011111111110000000000000011111111110000000000000001111110000
000000000000000000000000000000000000000000000000000000000000000000000000
000000000000000000000000000000000000000000000000000000000000000000000000
000000000000000000000000000000000000000000000000000000000000000000000000
000000000000000000000000000000000000000000000000000000000000000000000000
000000000000000000000000000000000000000000000000000000000000000000000000
000000000000000000000000000000000000000000000000000000000000000000000000
000000000000000000000000000000000000000000000000000000000000000000000000
000000000000000000000000000000000000000000000000000000000000000000000000
000000000000000000000000000000000000000000000000000000000000000000000000
000000000000000000000000000000000000000000000000000000000000000000000000
000000000000000000000000000000000000000000000000000000000000000000000000
000000000000000000000000000000000000000000000000000000000000000000000000
000000000000000000000000000000000000000000000000000000000000000000000000
000000000000000000000000000000000000000000000000000000000000000000000000
000000000000000000000000000000000000000000000000000000000000000000000000
000000000000000000000000000000000000000000000000000000000000000000000000
000000000000000000000000000000000000000000000000000000000000000000000000
000000000000000000000000000000000000000000000000000000000000000000000000
000000000000000000000000000000000000000000000000000000000000000000000000
000000000000000000000000000000000000000000000000000000000000000000000000
000000000000000000000000000000000000000000000000000000000000000000000000
000000000000000000000000000000000000000000000000000000000000000000000000
000000000000000000000000000000000000000000000000000000000000000000000000
000000000000000000000000000000000000000000000000000000000000000000000000
000000000000000000000000000000000000000000000000000000000000000000000000
000000000000000000000000000000000000000000000000000000000000000000000000
000000000000000000000000000000000000000000000000000000000000000000000000
000000000000000000000000000000000000000000000000000000000000000000000000
000000000000000000000000000000000000000000000000000000000000000000000000
000000000000000000000000000000000000000000000000000000000000000000000000
000000000000000000000000000000000000000000000000000000000000000000000000
000000000000000000000000000000000000000000000000000000000000000000000000
000000000000000000001110000000000000000000000000000000000000000000000000
000000000000000000111100000000000000000000000000000000000000000000000000
000000000000000000111100000000000000000000000000000000000000000000000000
000000000000000000111100000000000000000000000000000000000000000000000000
000000000000000000111100000000000000000000000000000000000000000000000000
000000000000000000111100000000000000000000000000000000000000000000000000
000000000000000000111100000000000000000000000000000000000000000000000000
110000000000000000111100000000000000000000000000000000100000011110000000
111110000000000000111100000000000000000000000000000111110001111111100000
011111100000000001111111111110000000000000000001111111110011111111111000
000111110000000111111111111110000000000000000000111111110111000111111000
000011111000001111111111111100000000000000000000000111111100000001111101
000001111100000000111100000000000000000000000000000111111000000001111111
000001111100000000111100000000000000000000000000000111110000000000111110
000000111110000000111100000000000000000000000000000111110000000000111110
000000111110000000111100000000000000000000000000000111110000000000111110
000000111110000000111100000000000000000000000000000111110000000000111110
000000111110000000111100000000000000000000000000000111110000000000111110
000000011110000000111100000000000000000000000000000111110000000000111110
000000011110000000111100000000000000000000000000000111110000000000111110
000000011110000000111100000000000000000000000000000111110000000000111110
000000011110000000111100000000000000000000000000000111110000000000111110
000000011110000000111100000000000000000000000000000111110000000000111110
000000111110000000111100000000000000000000000000000111110000000000111110
000000111100000000111100000000000000000000000000000111110000000000111110
000000111100000000111100000000000000000000000000000111110000000000111110
000000111000000000111100000000000000000000000000000111110000000000111110
000001110000000000111110000100000000000000000000000111110000000000111110
000011100000000000111111111100000000000000000000000111110000000000111110
001111000000000000011111111000000000000000000001111111111110001111111111
111100000000000000001111110000000000000000000001111111111110001111111111
000000000000000000000000000000000000000000000000000000000000000000000000
000000000000000000000000000000000000000000000000000000000000000000000000
000000000000000000000000000000000000000000000000000000000000000000000000
000000000000000000000000000000000000000000000000000000000000000000000000
000000000000000000000000000000000000000000000000000000000000000000000000
000000000000000000000000000000000000000000000000000000000000000000000000
000000000000000000000000000000000000000000000000000000000000000000000000
000000000000000000000000000000000000000000000000000000000000000000000000
000000000000000000000000000000000000000000000000000000000000000000000000
000000000000000000000000000000000000000000000000000000000000000000000000
000000000000000000000000000000000000000000000000000000000000000000000000
000000000000000000000000000000000000000000000000000000000000000000000000
000000000000000000000000000000000000000000000000000000000000000000000000
000000000000000000000000000000000000000000000000000000000000000000000000
000000000000000000000000000000000000000000000000000000000000000000000000
000000000000000000000000000000000000000000000000000000000000000000000000
000000000000000000000000000000000000000000000000000000000000000000000000
000000000000000000000000000000000000000000000000000000000000000000000000
000000000000000000000000000000000000000000000000000000000000000000000000
000000000000000000000000000000000000000000000000000000000000000000000000
000000000000000000000000000000000000000000000000000000000000000000000000
000000000000000000000000000000000000000000000000000000000000000000000000
000000000000000000000000000000000000000000000000000000000000000000000000
000000000000000000000000000000000000000000000000000000000000000000000000
000000000000000000000000000000000000000000000000000000000000000000000000
000000000000000000000000000000000000000000000000000000000000000000000000
000000000000000000000000000000000000000000000000000000000000000000000000
000000000000000000000000000000000000000000000000000000000000000000000000
