111000000000000111100000000000011110000000000111110000000000111111111111
111000000000000111100000000000011110000000000111110000000000111110000000
111000000000000111100000000000011110000000000111110000000000111110000000
111000000000000111100000000000011110000000000111110000000000111110000000
111000000000000111100000000000011110000000000111110000000000011111000000
111000000000000111100000000000011110000000000111110000000000011111000000
111000000000000111110000000000111110000000000111110000000000011111000000
111000000000000111110000000000111110000000000111110000000000001111100000
111000000000000011110000000001111110000000000111110000000000001111110000
111100001000000011111100000110011110000000000111110000000000000111111000
111111111000000011111111111100011111000000000111110000000000000011111111
111111110000000001111111111000011111111001111111111111100000000001111111
011111100000000000011111100000010000001000100000000011000000000000011111
000000000000000000000000000000000000000000000000000000000000000000000000
000000000000000000000000000000000000000000000000000000000000000000000000
000000000000000000000000000000000000000000000000000000000000000000000000
000000000000000000000000000000000000000000000000000000000000000000000000
000000000000000000000000000000000000000000000000000000000000000000000000
000000000000000000000000000000000000000000000000000000000000000000000000
000000000000000000000000000000000000000000000000000000000000000000000000
000000000000000000000000000000000000000000000000000000000000000000000000
000000000000000000000000000000000000000000000000000000000000000000000000
000000000000000000000000000000000000000000000000000000000000000000000000
000000000000000000000000000000000000000000000000000000000000000000000000
000000000000000000000000000000000000000000000000000000000000000000000000
000000000000000000000000000000000000000000000000000000000000000000000000
000000000000000000000000000000000000000000000000000000000000000000000000
000000000000000000000000000000000000000000000000000000000000000000000000
000000000000000000000000000000000000000000000000000000000000000000000000
000000000000000000000000000000000000000000000000000000000000000000000000
000000000000000000000000000000000000000000000000000000000000000000000000
000000000000000000000000000000000000000000000000000000000000000000000000
000000000000000000000000000000000000000000000000000000000000000000000000
000000000000000000000000000000000000000000000000000000000000000000000000
000000000000000000000000000000000000000000000000000000000000000000000000
000000000000000000000000000000000000000000000000000000000000000000000000
000000000000000000000000000000000000000000000000000000000000000000000000
000000000000000000000000000000000000000000000000000000000000000000000000
000000000000000000000000000000000000000000000000000000000000000000000000
000000000000000000000000000000000000000000000000000000000000000000000000
000000000000000000000000000000000000000000000000000000000000000000000000
000000000000000000000000000000000000000000000000000000000000000000000000
000000000000000000000000000000000000000000000000000000000000000000000000
000000000000000000000000000000000000000000000000000000000000000000000000
000000000000000000000000000000000000000000000000000000000000000000000000
000000000000000000000000000000000000000000000000000000000000000000000000
000000000000000000000000000000000000000000000000000000000000000000000000
000000000000000000000000000000000000000000000000000000000000000000000000
000000000000000000000000000000000000000000000000000000000000000000000000
000000000000000000000000000000000000000000000000000000000000000000000000
000000000000000000000000000000000000000000000000000000000000000000000000
000000000000000000000000000000000000000000000000000000000000000000000000
111000000000000000000010000001110000000000000000000000000000011111000000
111111000000000000011110000111111000000000000000000000000011111111110000
001111110000000111111110001111111000000000000000000000000111000001111100
000011111000000111111110011111110000000000000000000000011110000000111100
000001111100000000011110111111110000000000000000000000111100000000011110
000000111110000000011111100000110000000000000000000001111000000000011111
000000111110000000011111000000010000000000000000000001111000000000001111
000000011111000000011111000000000000000000000000000011110000000000001111
000000011111000000011111000000000000000000000000000011110000000000001111
000000011111000000011110000000000000000000000000000011110000000000001111
000000001111000000011110000000000000000000000000000011111111111111111111
000000001111000000011110000000000000000000000000000011111111111111111111
000000001111000000011110000000000000000000000000000011110000000000000000
000000001111000000011110000000000000000000000000000011110000000000000000
000000001111000000011110000000000000000000000000000011110000000000000000
000000001111000000011110000000000000000000000000000011111000000000000000
000000001111000000011110000000000000000000000000000011111000000000000000
000000011110000000011110000000000000000000000000000011111000000000000000
000000011110000000011110000000000000000000000000000001111100000000000000
000000011100000000011110000000000000000000000000000001111110000000000000
000000111000000000011110000000000000000000000000000000111111000000000011
000001110000000000011111000000000000000000000000000000011111110000001110
000111100000000111111111111100000000000000000000000000001111111111111100
111110000000000111111111111100000000000000000000000000000011111111110000
100000000000000000000000000000000000000000000000000000000000011100000000
000000000000000000000000000000000000000000000000000000000000000000000000
000000000000000000000000000000000000000000000000000000000000000000000000
000000000000000000000000000000000000000000000000000000000000000000000000
000000000000000000000000000000000000000000000000000000000000000000000000
000000000000000000000000000000000000000000000000000000000000000000000000
000000000000000000000000000000000000000000000000000000000000000000000000
000000000000000000000000000000000000000000000000000000000000000000000000
000000000000000000000000000000000000000000000000000000000000000000000000
000000000000000000000000000000000000000000000000000000000000000000000000
000000000000000000000000000000000000000000000000000000000000000000000000
000000000000000000000000000000000000000000000000000000000000000000000000
000000000000000000000000000000000000000000000000000000000000000000000000
000000000000000000000000000000000000000000000000000000000000000000000000
000000000000000000000000000000000000000000000000000000000000000000000000
000000000000000000000000000000000000000000000000000000000000000000000000
000000000000000000000000000000000000000000000000000000000000000000000000
000000000000000000000000000000000000000000000000000000000000000000000000
000000000000000000000000000000000000000000000000000000000000000000000000
000000000000000000000000000000000000000000000000000000000000000000000000
000000000000000000000000000000000000000000000000000000000000000000000000
000000000000000000000000000000000000000000000000000000000000000000000000
000000000000000000000000000000000000000000000000000000000000000000000000
000000000000000000000000000000000000000000000000000000000000000000000000
000000000000000000000000000000000000000000000000000000000000000000000000
000000000000000000000000000000000000000000000000000000000000000000000000
000000000000000000000000000000000000000000000000000000000000000000000000
000000000000000000000000000000000000000000000000000000000000000000000000
000000000111111000001111111111111100000000000000000000000000000000000000
000000000111111111111111111111111100000000000000000000000000000001111000
000000000000011111110000111111111100000000000000000000000000000011111100
000000000000011111000000000000011100000000000000000000000000000011111100
000000000000011111000000000000001000000000000000000000000000000001111100
000000000000011111000000000000001000000000000000000000000000000001111000
000000000000011111000000000000001000000000000000000000000000000000000000
000000000000011111000000000000001000000000000000000000000000000000000000
000000000000011111000000000000000000000000000000000000000000000000000000
000000000000011111000000000000000000000000000000000000000000000000000000
000000000000011111000000000000000000000000000000000000000000000000000000
000000000000011111000000000000000000000000000001000000000000000000000000
000000000000011111000000000000100000000000011111111100000000000000111000
000000000000011111000000000000100000000001111111111110000000001111111000
000000000000011111000000000000100000000111000001111111000000011111111000
000000000000011111000000000001100000000110000000011111000000000001111000
000000000000011111111111111111100000000110000000001111100000000001111000
000000000000011111111111111111100000000100000000000111100000000001111000
000000000000011111100000000111100000000000000000000111100000000001111000
000000000000011111000000000001100000000000000000000111100000000001111000
000000000000011111000000000000100000000000000000000111100000000001111000
000000000000011111000000000000100000000000000011111111100000000001111000
000000000000011111000000000000100000000000111111100111100000000001111000
000000000000011111000000000000000000000011111000000111100000000001111000
000000000000011111000000000000000000000111100000000111100000000001111000
000000000000011111000000000000000000001111000000000111100000000001111000
000000000000011111000000000000000000011111000000000111100000000001111000
000000000000011111000000000000000000011110000000000111100000000001111000
000000000000011111000000000000000000011110000000000111100000000001111000
000000000000011111000000000000000000011110000000000111100000000001111000
000000000000011111000000000000000000011110000000011111100000000001111000
000000000000011111000000000000000000011111000000110111100000000001111000
000000000000011111100000000000000000011111110111100111100000000001111100
000000000111111111111110000000000000001111111110000111111100011111111111
000000000111111111111110000000000000000111111100000111111110011111111111
000000000000000000000000000000000000000000000000000000000000000000000000
000000000000000000000000000000000000000000000000000000000000000000000000
000000000000000000000000000000000000000000000000000000000000000000000000
000000000000000000000000000000000000000000000000000000000000000000000000
000000000000000000000000000000000000000000000000000000000000000000000000
000000000000000000000000000000000000000000000000000000000000000000000000
000000000000000000000000000000000000000000000000000000000000000000000000
000000000000000000000000000000000000000000000000000000000000000000000000
000000000000000000000000000000000000000000000000000000000000000000000000
000000000000000000000000000000000000000000000000000000000000000000000000
000000000000000000000000000000000000000000000000000000000000000000000000
000000000000000000000000000000000000000000000000000000000000000000000000
000000000000000000000000000000000000000000000000000000000000000000000000
000000000000000000000000000000000000000000000000000000000000000000000000
000000000000000000000000000000000000000000000000000000000000000000000000
000000000000000000000000000000000000000000000000000000000000000000000000
000000000000000000000000000000000000000000000000000000000000000000000000
000000000000000000000000000000000000000000000000000000000000000000000000
000000000000000000000000000000000000000000000000000000000000000000000000
000000000000000000000000000000000000000000000000000000000000000000000000
000000000000000000000000000000000000000000000000000000000000000000000000
000000000000000000000000000000000000000000000000000000000000000000000000
000000000000000000000000000000000000000000000000000000000000000000000000
000000000000000000000000000000000000000000000000000000000000000000000000
000000000000000000000000000000000000000000000000000000000000000000000000
000000000000000000000000000000000000000000000000000000000000000000000000
000000000000000000000000000000000000000000000000000000000000000000000000
000000000000000000000000000000000000000000000000000000000000000000000000
000000000000000000000000000000000000000000000000000000000000000000000000
000000000000000000000000000000000000000000000000000000000000000000000000
000000000000000000000000000000000000000000000000000000000000000000000000
000000000000000000000000000000000000000000000000000000000000000000000000
000000000000000000000000000000000000000000000000000000000000000000000000
000000000000000000000000000000000000000000000000000000000000000000000000
000000000000000000000000000000000000000000000000000000000000000000000000
000000000000000000000000000000000000000000000000000000000000000000000000
000000000000000000000000000000000000000000000000000000000000000000000000
000000000000000000000000000000000000000000000000000000000000000000000000
000000000000000000000000000000000000000000000000000000000000000000000000
000000000000000000000000000000000000000000000000000000000000000000000000
