000000000000000000000001111100000000001111111000000000000000000000000000
000000000000000000000011110000000000000011111110000000000000000000000000
000000000000000000000111100000000000000000111111000000000000000000000000
000000000000000000001111000000000000000000011111100000000000000000000000
000000000000000000011110000000000000000000001111100000000000000000000000
000000000000000000111100000000000000000000001111110000000000000000000000
000000000000000001111100000000000000000000000111110000000000000000000000
000000000000000001111100000000000000000000000111111000000000000000000000
000000000000000001111000000000000000000000000011111000000000000000000000
000000000000000011111000000000000000000000000011111100000000000000000000
000000000000000011111000000000000000000000000011111100000011110000111111
000000000000000011111000000000000000000000000011111100111111110001111111
000000000000000111111000000000000000000000000001111100111111110011111111
000000000000000111111000000000000000000000000001111100000111111110000001
000000000000000111111000000000000000000000000001111100000011111000000000
000000000000000111111000000000000000000000000001111100000011110000000000
000000000000000111111000000000000000000000000001111100000011110000000000
000000000000000111111000000000000000000000000001111100000011110000000000
000000000000000111111000000000000000000000000001111100000011110000000000
000000000000000011111000000000000000000000000001111100000011110000000000
000000000000000011111000000000000000000000000011111000000011110000000000
000000000000000011111100000000000000000000000011111000000011110000000000
000000000000000011111100000000000000000000000011110000000011110000000000
000000000000000001111100000000000000000000000011110000000011110000000000
000000000000000001111110000000000000000000000111100000000011110000000000
000000000000000000111110000000000000000000000111100000000011110000000000
000000000000000000111111000000000000000000001111000000000011110000000000
000000000000000000011111100000000000000000001110000000000011110000000000
000000000000000000001111110000000000000000011100000000000011110000000000
000000000000000000000111111000000000000000111000000000000011110000000000
000000000000000000000011111110000000000011110000000000000111110000000000
000000000000000000000000111111110000011111000000000000111111111110000000
000000000000000000000000001111111111111100000000000000111111111111000000
000000000000000000000000000001111111000000000000000000000000000000000000
000000000000000000000000000000000000000000000000000000000000000000000000
000000000000000000000000000000000000000000000000000000000000000000000000
000000000000000000000000000000000000000000000000000000000000000000000000
000000000000000000000000000000000000000000000000000000000000000000000000
000000000000000000000000000000000000000000000000000000000000000000000000
000000000000000000000000000000000000000000000000000000000000000000000000
000000000000000000000000000000000000000000000000000000000000000000000000
000000000000000000000000000000000000000000000000000000000000000000000000
000000000000000000000000000000000000000000000000000000000000000000000000
000000000000000000000000000000000000000000000000000000000000000000000000
000000000000000000000000000000000000000000000000000000000000000000000000
000000000000000000000000000000000000000000000000000000000000000000000000
000000000000000000000000000000000000000000000000000000000000000000000000
000000000000000000000000000000000000000000000000000000000000000000000000
000000000000000000000000000000000000000000000000000000000000000000000000
000000000000000000000000000000000000000000000000000000000000000000000000
000000000000000000000000000000000000000000000000000000000000000000000000
000000000000000000000000000000000000000000000000000000000000000000000000
000000000000000000000000000000000000000000000000000000000000000000000000
000000000000000000000000000000000000000000000000000000000000000000000000
000000000000000000000000000000000000000000000000000000000000000000000000
000000000000000000000000000000000000000000000000000000000000000000000000
000000000000000000000000000000000000000000000000000000000000000000000000
000000000000000000000000000000000000000000000000000000000000000000000000
000000000000000000000000000000000000000000000000000000000000000000000000
000000000000000000000000000000000000000000000000000000000000000000000000
000000000000000000000000000000000000000000000000000000000000000000000000
000000000000000000000000000000000000000000000000000000000000000000000000
000000000000000000000000000000000000000000000000000000000000000000000001
000000000000000000000000000000000000000000000000000000000000000000000000
000000000000000000000000000000000000000000000000000000000000000000000000
000000000000000000000000000000000000000000000000000000000000000000000000
000000000000000000000000000000000000000000000000000000000000000000000000
000000000000000000000000000000000000000000000000000000000000000000000000
000000000000000000000000000000000000000000000000000000000000000000000000
000000000000000000000000000000000000000000000000000000000000000000000000
000000000000000000000000000000000000000000000000000000000000000000000000
000000000000000000000000000000000000000000000000000000000000000000000000
000000000000000000000000000000000000000000000000000000000000000000000000
001110000000000000111000000000001100000111111100000000000000000000111111
111110000000001111111000000011111100011111111111000000000000000011111111
111110000000011111111000001111111100111111111111100000000000001111000011
111110000000000011111000000001111101110000011111100000000000111100000000
111110000000000011111000000000111111000000000111110000000001111000000000
011110000000000001111000000000111110000000000111110000000011110000000000
011110000000000001111000000000111100000000000011110000000011110000000000
011110000000000001111000000000111100000000000011110000000111100000000000
011110000000000001111000000000111100000000000011110000000111100000000000
011110000000000001111000000000111100000000000011110000000111100000000000
011110000000000001111000000000111100000000000011110000000111100000000000
011110000000000001111000000000111100000000000011110000001111100000000000
011110000000000001111000000000111100000000000011110000001111100000000000
011110000000000001111000000000111100000000000011110000001111100000000000
011110000000000001111000000000111100000000000011110000000111100000000000
011110000000000011111000000000111100000000000011110000000111110000000000
011110000000000011111000000000111100000000000011110000000111110000000000
011110000000000011111000000000111100000000000011110000000111111000000000
011110000000000111111000000000111100000000000011110000000011111000000000
011111000000001101111000000000111100000000000011110000000011111100000000
011111110001111001111000000000111100000000000011111000000001111111000011
001111111111100011111100000001111110000000000011111100000000111111111111
000111111111000011111111101111111111110000000011111111000000001111111110
000001111100000000000000000000000000000000000000000000000000000001111000
000000000000000000000000000000000000000000000000000000000000000000000000
000000000000000000000000000000000000000000000000000000000000000000000000
000000000000000000000000000000000000000000000000000000000000000000000000
000000000000000000000000000000000000000000000000000000000000000000000000
000000000000000000000000000000000000000000000000000000000000000000000000
000000000000000000000000000000000000000000000000000000000000000000000000
000000000000000000000000000000000000000000000000000000000000000000000000
000000000000000000000000000000000000000000000000000000000000000000000000
000000000000000000000000000000000000000000000000000000000000000000000000
000000000000000000000000000000000000000000000000000000000000000000000000
000000000000000000000000000000000000000000000000000000000000000000000000
000000000000000000000000000000000000000000000000000000000000000000000000
000000000000000000000000000000000000000000000000000000000000000000000000
000000000000000000000000000000000000000000000000000000000000000000000000
000000000000000000000000000000000000000000000000000000000000000000000000
000000000000000000000000000000000000000000000000000000000000000000000000
000000000000000000000000000000000000000000000000000000000000000000000000
000000000000000000000000000000000000000000000000000000000000000000000000
000000000000000000000000000000000000000000000000000000000000000000000000
000000000000000000000000000000000000000000000000000000000000000000000000
000000000000000000000000000000000000000000000000000000000000000000000000
000000000000000000000000000000000000000000000000000000000000000000000000
000000000000000000000000000000000000000000000000000000000000000000000000
000000000000000000000000000000000000000000000000000000000000000000000000
000000000000000000000000000000000000000000000000000000000000000000000000
000000000000000000000000000000000000000000000000000000000000000000000000
000000100000000000000000000000000000000000000000000000000000000000000000
001111100000000000000000000000000000000000000000000000000000000000000000
111111100000000000000000000000000000000000000000000000000000000000000000
001111100000000000000000000000000000000000000000000000000000000000000000
000111100000000000000000000000000000000000000000000000000000000000000000
000111100000000000000000000000000000000000000000000000000000000000000000
000111100000000000000000000000000000000000000000000000000000000000000000
000111100000000000000000000000000000000000000000000000000000000000000000
000111100000000000000000000000000000000000000000000000000000000000000000
000111100000000000000000000000000000000000000000000000000000000000000000
000111100000000000000000000000000000000000000000000000000000000000000000
000111100000000000000000000000000000000000000000000000000000000000000000
000111100000000000000000000000000000000000000000000000000000000000000000
000111100000000000000001111111000000000000000000000111111000000000000000
111111100000000000000111111111110000000000000000111111111110000000000000
111111100000000000011100000011111111111100000001110000001111000000000000
111111100000000000111000000001111111111100000111100000000111100000000000
001111100000000001111000000000111110000000001111000000000011110000000000
000111100000000001110000000000111110000000001110000000000011110000000000
000111100000000011110000000000111110000000011110000000000011111000000000
000111100000000011110000000000011110000000011110000000000011111000000000
000111100000000011110000000000011110000000011110000000000001111000000000
000111100000000011110000000000011110000000111110000000000001111000000000
000111100000000011111000000000111100000000111111111111111111111000000000
000111100000000011111000000000111100000000111111111111111111100000000000
000111100000000001111100000001111000000000111110000000000000000000000000
000111100000000000111110000011100000000000111110000000000000000000000000
000111100000000000011111111111000000000000111110000000000000000000000000
000111100000000000000111111000000000000000111110000000000000000000000000
000111100000000000000110000000000000000000011110000000000000000000000000
001111100000000000011100000000000000000000011111000000000000000000000000
011111100000000000111000000000000000000000011111100000000000000000000000
111111100000000001111100000000000000000000001111110000000000000000000000
100111100000000001111111100000000000000000001111111000000000110000000000
000111110000000001111111111111111111000000000111111111000111100000000000
000111111110000000111111111111111111100000000001111111111111000000000000
000000000000000000001111111111111111110000000000011111111100000000000000
000000000000000000011100000000001111110000000000000000000000000000000000
000000000000000001110000000000000011111000000000000000000000000000000000
000000000000000011100000000000000011111000000000000000000000000000000000
000000000000000111100000000000000001111000000000000000000000000000000000
000000000000000111100000000000000001111000000000000000000000000000000000
000000000000000111000000000000000001110000000000000000000000000000000000
000000000000000111100000000000000001110000000000000000000000000000000000
000000000000000111100000000000000011100000000000000000000000000000000000
000000000000000111100000000000000111100000000000000000000000000000000000
000000000000000011110000000000001111000000000000000000000000000000000000
000000000000000001111000000000011110000000000000000000000000000000000000
000000000000000000111110000011111000000000000000000000000000000000000000
000000000000000000001111111111100000000000000000000000000000000000000000
000000000000000000000000000000000000000000000000000000000000000000000000
000000000000000000000000000000000000000000000000000000000000000000000000
000000000000000000000000000000000000000000000000000000000000000000000000
000000000000000000000000000000000000000000000000000000000000000000000000
000000000000000000000000000000000000000000000000000000000000000000000000
000000000000000000000000000000000000000000000000000000000000000000000000
