000000000000111110000000111100000000000111110000000000000011110000000000
000000000000111110000000111100000000000111110000000000000011110000000000
000000000000111110000000111100000000000111110000000000000011110000000000
000000000000111110000000111100000000000111110000000000000011110000000000
000000000000111100000000111100000000000111110000000000000011110000000000
000000000000111100000000111100000000000011111000000000000011110000000010
000000000000111100000000111100000000000011111000000000000111110000000010
000000000000111000000000111100000000000011111100000000001111110000000010
000000000001110000000000111100000000000001111110000000011111110000000011
100000000011110000000000111100000000000000111111000000110011110000000011
110000000111100000000001111110000000000000011111111111100011111000000011
111100001110000000001111111111111000000000001111111111000011111111000011
111111111000000000001100000000111000000000000011111110000010000001000011
000000000000000000000000000000000000000000000000000000000000000000000000
000000000000000000000000000000000000000000000000000000000000000000000000
000000000000000000000000000000000000000000000000000000000000000000000000
000000000000000000000000000000000000000000000000000000000000000000000000
000000000000000000000000000000000000000000000000000000000000000000000000
000000000000000000000000000000000000000000000000000000000000000000000000
000000000000000000000000000000000000000000000000000000000000000000000000
000000000000000000000000000000000000000000000000000000000000000000000000
000000000000000000000000000000000000000000000000000000000000000000000000
000000000000000000000000000000000000000000000000000000000000000000000000
000000000000000000000000000000000000000000000000000000000000000000000000
000000000000000000000000000000000000000000000000000000000000000000000000
000000000000000000000000000000000000000000000000000000000000000000000000
000000000000000000000000000000000000000000000000000000000000000000000000
000000000000000000000000000000000000000000000000000000000000000000000000
000000000000000000000000000000000000000000000000000000000000000000000000
000000000000000000000000000000000000000000000000000000000000000000000000
000000000000000000000000000000000000000000000000000000000000000000000000
000000000000000000000000000000000000000000000000000000000000000000000000
000000000000000000000000000000000000000000000000000000000000000000000000
000000000000000000000000000000000000000000000000000000000000000000000000
000000000000000000000000000000000000000000000000000000000000000000000000
000000000000000000000000000000000000000000000000000000000000000000000000
000000000000000000000000000000000000000000000000000000000000000000000000
000000000000000000000000000000000000000000000000000000000000000000000000
000000000000000000000000000000000000000000000000000000000000000000000000
000000000000000000000000000000000000000000000000000000000000000000000000
000000000000000000000000000000000000000000000000000000000000000000000000
000000000000000000000000000000000000000000000000000000000000000000000000
000000000000000000000000000000000000000000000000000000000000000000000000
000000000000000000000000000000000000000000000000000000000000000000000000
000000000000000000000000000000000000000000000000000000000000000000000000
000000000000000000000000000000000000000000000000000000000000000000011000
000000000000000000000000000000000000000000000000000000000000000001111000
000000000000000000000000000000000000000000000000000000000000000001111000
000000000000000000000000000000000000000000000000000000000000000001111000
000000000000000000000000000000000000000000000000000000000000000001111000
000000000000000000000000000000000000000000000000000000000000000001111000
000000000000000000000000000000000000000000000000000000000000000001111000
100000000000000000000011110000000000000000000111110000000000000001111000
111000000000000000011111111110000000000000111111111100000000000001111000
111110000000000001111000001111000000000011111111111110000000000011111111
111111000000000011100000000111100000000111000000111111000000011111111111
011111100000000111100000000011110000001110000000011111000000011111111111
001111110000001111000000000011110000001100000000001111100000000001111000
000111110000001111000000000011111000000100000000000111100000000001111000
000111110000011110000000000001111000000000000000000111100000000001111000
000011111000011110000000000001111000000000000000000111100000000001111000
000011111000011110000000000001111000000000000000001111100000000001111000
000011111000111111111111111111111000000000000111111111100000000001111000
000011111000111111111111111111111000000000111111000111100000000001111000
000011110000111110000000000000000000000011110000000111100000000001111000
000011110000111110000000000000000000001111000000000111100000000001111000
000011110000111110000000000000000000011111000000000111100000000001111000
000011100000011110000000000000000000011110000000000111100000000001111000
000111100000011111000000000000000000011110000000000111100000000001111000
000111000000011111000000000000000000011110000000000111100000000001111000
001111000000011111100000000000000000011110000000001111100000000001111000
001110000000001111100000000000000000011110000000011111100000000001111000
111000000000000111111000000000011000011111000001110111100000000001111100
110000000000000111111110000011110000011111111111000111100000000001111111
000000000000000001111111111111100000001111111110000111111100000000111111
000000000000000000111111111110000000000111111000000111111100000000011111
000000000000000000000011100000000000000000000000000000000000000000000000
000000000000000000000000000000000000000000000000000000000000000000000000
000000000000000000000000000000000000000000000000000000000000000000000000
000000000000000000000000000000000000000000000000000000000000000000000000
000000000000000000000000000000000000000000000000000000000000000000000000
000000000000000000000000000000000000000000000000000000000000000000000000
000000000000000000000000000000000000000000000000000000000000000000000000
000000000000000000000000000000000000000000000000000000000000000000000000
000000000000000000000000000000000000000000000000000000000000000000000000
000000000000000000000000000000000000000000000000000000000000000000000000
000000000000000000000000000000000000000000000000000000000000000000000000
000000000000000000000000000000000000000000000000000000000000000000000000
000000000000000000000000000000000000000000000000000000000000000000000000
000000000000000000000000000000000000000000000000000000000000000000000000
000000000000000000000000000000000000000000000000000000000000000000000000
000000000000000000000000000000000000000000000000000000000000000000000000
000000000000000000000000000000000000000000000000000000000000000000000000
000000000000000000000000000000000000000000000000000000000000000000000000
000000000000000000000000000000000000000000000000000000000000000000000000
000000000000000000000000000000000000000000000000000000000000000000000000
000000000000000000000000000000000000000000000000000000000000000000000000
000000000000000000000000000000000000000000000000000000000000000000000000
000000000000000000000000000000000000000000000000000000000000000000000000
000000000000000000000000000000000000000000000000000000000000000000000000
000000000000000000000000000000000000000000000000000000000000000000000000
000000000000000000000000000000000000000000000000000000000000000000000000
000000000000000000000000000000000000000000000000000000000000000000000000
000000000000000000000000000000000000000000000000000000000000000000000000
000000000000000000000000000000000000000000000000000000000000000000000000
000000000000000000000000000000000000000000000000000000000000000000000000
000000000000000000000000000000000000000000000000000000000000000000000000
000000000000000000000000000000000000000000000000000000000000000000000000
000000000000000000000000000000000000000000000000000000000000000000000000
000000000000000000000000000000000000000000000000000000000000000000000000
000000000000000000000000000000000000000000000000000000000000000000000000
000000000000000000000000000000000000000000000000000000000000000000000000
000000000000000000000000000000000000000000000000000000000000000000000000
000000000000000000000000000000000000000000000000000000000000000000000000
000000000000000000000000000000000000000000000000000000000000000000000000
000000001000000000000000000000000001000000000000000000000000000000000000
000011111111000000000000011100001111100111111111111000001111111111000000
001110000111110000001111111100011111100011111111100000000011111100000000
111100000001111000001111111100111111100000111110000000000001111000000000
111000000000111100000000111101111111100000111110000000000001110000000000
110000000000111100000000111111000001100000011111000000000001100000000000
110000000000111110000000111110000000100000011111000000000001100000000000
100000000000011110000000111110000000000000001111000000000011100000000000
100000000000011110000000111110000000000000001111100000000011000000000000
100000000000011110000000111100000000000000000111100000000111000000000000
110000000000111110000000111100000000000000000111100000000110000000000000
111111111111111110000000111100000000000000000111110000000110000000000000
100000000000000000000000111100000000000000000011110000001100000000000000
100000000000000000000000111100000000000000000011111000001100000000000000
100000000000000000000000111100000000000000000001111000011000000000000000
100000000000000000000000111100000000000000000001111000011000000000000000
110000000000000000000000111100000000000000000001111100011000000000000000
110000000000000000000000111100000000000000000000111100110000000000000000
110000000000000000000000111100000000000000000000111110110000000000110000
111000000000000000000000111100000000000000000000011111100000000001111000
111100000000000110000000111100000000000000000000011111100000000011111100
111111000000011100000000111110000000000000000000001111000000000011111100
111111111111111000001111111111111000000000000000001111000000000011111000
001111111111100000001111111111111000000000000000001111000000000001111000
000001111100000000000000000000000000000000000000000110000000000000000000
000000000000000000000000000000000000000000000000000110000000000000000000
000000000000000000000000000000000000000000000000001100000000000000000000
000000000000000000000000000000000000000000000000001100000000000000000000
000000000000000000000000000000000000000000000000001000000000000000000000
000000000000000000000000000000000000000000000000011000000000000000000000
000000000000000000000000000000000000000000000000011000000000000000000000
000000000000000000000000000000000000000000000000110000000000000000000000
000000000000000000000000000000000000000000000001110000000000000000000000
000000000000000000000000000000000000000001000001100000000000000000000000
000000000000000000000000000000000000000001110111000000000000000000000000
000000000000000000000000000000000000000011111111000000000000000000000000
000000000000000000000000000000000000000011111110000000000000000000000000
000000000000000000000000000000000000000001111000000000000000000000000000
000000000000000000000000000000000000000000000000000000000000000000000000
000000000000000000000000000000000000000000000000000000000000000000000000
000000000000000000000000000000000000000000000000000000000000000000000000
000000000000000000000000000000000000000000000000000000000000000000000000
000000000000000000000000000000000000000000000000000000000000000000000000
000000000000000000000000000000000000000000000000000000000000000000000000
000000000000000000000000000000000000000000000000000000000000000000000000
000000000000000000000000000000000000000000000000000000000000000000000000
000000000000000000000000000000000000000000000000000000000000000000000000
000000000000000000000000000000000000000000000000000000000000000000000000
000000000000000000000000000000000000000000000000000000000000000000000000
000000000000000000000000000000000000000000000000000000000000000000000000
000000000000000000000000000000000000000000000000000000000000000000000000
000000000000000000000000000000000000000000000000000000000000000000000000
000000000000000000000000000000000000000000000000000000000000000000000000
000000000000000000000000000000000000000000000000000000000000000000000000
000000000000000000000000000000000000000000000000000000000000000000000000
000000000000000000000000000000000000000000000000000000000000000000000000
000000000000000000000000000000000000000000000000000000000000000000000000
000000000000000000000000000000000000000000000000000000000000000000000000
000000000000000000000000000000000000000000000000000000000000000000000000
000000000000000000000000000000000000000000000000000000000000000000000000
000000000000000000000000000000000000000000000000000000000000000000000000
000000000000000000000000000000000000000000000000000000000000000000000000
000000000000000000000000000000000000000000000000000000000000000000000000
000000000000000000000000000000000000000000000000000000000000000000000000
