000000000000000000000000000000000000000000000000000000000000000000000000
000000000000000000000000000000000000000000000000000000000000000000000000
000000000000000000000000000000000000000000000000000000000000000000000000
000000000000000000000000000000000000000000000000000000000000000000000000
000000000000000000000000000000000000000000000000000000000000000000000000
000000000000000000000000000000000000000000000000000000000000000000000000
000000000000000000000000000000000000000000000000000000000000000000000000
000000000000000000000000000000000000000000000000000000000000000000000000
000000000000000000000000000000000000000000000000000000000000000011111000
000000000000000000000000000000000000000000000000000000000000111111111000
000000000000000000000000000000000000000000000000000000000000011111111000
000000000000000000000000000000000000000000000000000000000000000011111000
000000000000000000000000000000000000000000000000000000000000000011111000
000000000000000000000000000000000000000000000000000000000000000011111000
000000000000000000000000000000000000000000000000000000000000000011111000
000000000000000000000000000000000000000000000000000000000000000011111000
000000000000000000000000000000000000000000000000000000000000000011111000
000000000000000000000000000000000000000000000000000000000000000011111000
000000000000000000000000000000000000000000000000000000000000000011111000
000000000000000000000000000000000000000000000000000000000000000011111000
111111000000000000000010000001111100000000000000000000001111100011111000
111111110000000000011111000111111111100000000000000000111111111111111000
111111111000000111111111001111111111110000000000000011110011111111111000
000111111000000011111111011100001111110000000000001110000000001111111000
000001111100000000011111110000000111111000000000011100000000000111111000
000001111100000000011111100000000011111000000000111000000000000011111000
000000111100000000011111000000000001111000000001111000000000000011111000
000000111100000000011111000000000001111100000001111000000000000011111000
000000111100000000011111000000000001111100000011110000000000000011111000
000011111100000000011111000000000001111100000011110000000000000011111000
111111111100000000011111000000000001111100000011110000000000000011111000
110000111100000000011111000000000001111100000011110000000000000011111000
000000111100000000011111000000000001111100000011110000000000000011111000
000000111100000000011111000000000001111100000011110000000000000011111000
000000111100000000011111000000000001111100000011111000000000000011111000
000000111100000000011111000000000001111100000011111000000000000011111000
000000111100000000011111000000000001111100000011111000000000000011111000
000000111100000000011111000000000001111100000011111100000000000011111000
000001111100000000011111000000000001111100000001111100000000000111111000
000011111100000000011111000000000001111100000001111110000000001111111000
001110111100000000011111000000000001111100000000111111100000111001111000
111000111110000000011111000000000001111100000000011111111111110001111000
110000111111100111111111111100000001111111100000001111111111000011111111
000000110000100011000000011000000000100000100000000001111110000001000001
000000000000000000000000000000000000000000000000000000000000000000000000
000000000000000000000000000000000000000000000000000000000000000000000000
000000000000000000000000000000000000000000000000000000000000000000000000
000000000000000000000000000000000000000000000000000000000000000000000000
000000000000000000000000000000000000000000000000000000000000000000000000
000000000000000000000000000000000000000000000000000000000000000000000000
000000000000000000000000000000000000000000000000000000000000000000000000
000000000000000000000000000000000000000000000000000000000000000000000000
000000000000000000000000000000000000000000000000000000000000000000000000
000000000000000000000000000000000000000000000000000000000000000000000000
000000000000000000000000000000000000000000000000000000000000000000000000
000000000000000000000000000000000000000000000000000000000000000000000000
000000000000000000000000000000000000000000000000000000000000000000000000
000000000000000000000000000000000000000000000000000000000000000000000000
000000000000000000000000000000000000000000000000000000000000000000000000
000000000000000000000000000000000000000000000000000000000000000000000000
000000000000000000000000000000000000000000000000000000000000000000000000
000000000000000000000000000000000000000000000000000000000000000000000000
000000000000000000000000000000000000000000000000000000000000000000000000
000000000000000000000000000000000000000000000000000000000000000000000000
000000000000000000000000000000000000000000000000000000000000000000000000
000000000000000000000000000000000000000000000000000000000000000000000000
000000000000000000000000000000000000000000000000000000000000000000000000
000000000000000000000000000000000000000000000000000000000000000000000000
000000000000000000000000000000000000000000000000000000000000000000000000
000000000000000000000000000000000000000000000000000000000000000000000000
000000000000000000000000000000000000000000000000000000000000000000000000
000000000000000000000000000000000000000000000000000000000000000000000000
000000000000000000000000000000000000000000000000000000000000000000000000
000000000000000000000000000000000000000000000000000000000000000000000000
000000000000000000000000000000000000000000000000000000000000000000000000
000000000000000000000000000000000000000000000000000000000000000000000000
000000000000000000000000110000000000000000000000000000000000000000000000
000000000000000000000011110000000000000000000000000000000000000000000000
000000000000000000000011110000000000000000000000000000000000000000000000
000000000000000000000011110000000000000000000000000000000000000000000000
000000000000000000000011110000000000000000000000000000000000000000000000
000000000000000000000011110000000000000000000000000000000000000000000000
000000000000000000000011110000000000000000000000000000000000000000000000
000000000001000000000011110000000000000000000000000000000000001111100000
000000001111000000000011110000000000000000000000000000000001111111111100
000011111111000000000111111111111000000000000000000000000111100000111111
000011111111000000011111111111111000000000000000000000001110000000001111
000000011111000000111111111111110000000000000000000000011110000000000111
000000001111000000000011110000000000000000000000000000111100000000000011
000000001111000000000011110000000000000000000000000000111100000000000011
000000001111000000000011110000000000000000000000000001111000000000000001
000000001111000000000011110000000000000000000000000001111000000000000001
000000001111000000000011110000000000000000000000000001111000000000000001
000000001111000000000011110000000000000000000000000001111000000000000001
000000001111000000000011110000000000000000000000000011111000000000000000
000000001111000000000011110000000000000000000000000011111000000000000000
000000001111000000000011110000000000000000000000000011111000000000000000
000000001111000000000011110000000000000000000000000011111000000000000000
000000001111000000000011110000000000000000000000000001111100000000000000
000000001111000000000011110000000000000000000000000001111100000000000001
000000011111000000000011110000000000000000000000000001111100000000000001
000000111111000000000011110000000000000000000000000000111110000000000001
000001111111000000000011110000000000000000000000000000111110000000000001
000011001111000000000011111000010000000000000000000000011111000000000011
111110001111000000000011111111110000000000000000000000001111100000000111
111100001111111100000001111111100000000000000000000000000111111000011110
110000001111111100000000111111000000000000000000000000000011111111111000
000000000000000000000000000000000000000000000000000000000000011110000000
000000000000000000000000000000000000000000000000000000000000000000000000
000000000000000000000000000000000000000000000000000000000000000000000000
000000000000000000000000000000000000000000000000000000000000000000000000
000000000000000000000000000000000000000000000000000000000000000000000000
000000000000000000000000000000000000000000000000000000000000000000000000
000000000000000000000000000000000000000000000000000000000000000000000000
000000000000000000000000000000000000000000000000000000000000000000000000
000000000000000000000000000000000000000000000000000000000000000000000000
000000000000000000000000000000000000000000000000000000000000000000000000
000000000000000000000000000000000000000000000000000000000000000000000000
000000000000000000000000000000000000000000000000000000000000000000000000
000000000000000000000000000000000000000000000000000000000000000000000000
000000000000000000000000000000000000000000000000000000000000000000000000
000000000000000000000000000000000000000000000000000000000000000000000000
000000000000000000000000000000000000000000000000000000000000000000000000
000000000000000000000000000000000000000000000000000000000000000000000000
000000000000000000000000000000000000000000000000000000000000000000000000
000000000000000000000000000000000000000000000000000000000000000000000000
000000000000000000000000000000000000000000000000000000000000000000000000
000000000000000000000000000000000000000000000000000000000000000000000000
000000000000000000000000000000000000000000000000000000000000000000000000
000000000000000000000000000000000000000000000000000000000000000000000000
000000000000000000000000000000000000000000000000000000000000000000000000
000000000000000000000000000000000000000000000000000000000000000000000000
000000000000000000000000000000000000000000000000000000000000000000000000
000000000000000000000000000000000000000000000000000000000000000000000000
000000000000000000000000000000000000000011100000000000000000000000000000
000000000000000000000000000000000001111111100000000000000000000000000000
000000000000000000000000000000000001111111100000000000000000000000000000
000000000000000000000000000000000000000111100000000000000000000000000000
000000000000000000000000000000000000000111100000000000000000000000000000
000000000000000000000000000000000000000111100000000000000000000000000000
000000000000000000000000000000000000000111100000000000000000000000000000
000000000000000000000000000000000000000111100000000000000000000000000000
000000000000000000000000000000000000000111100000000000000000000000000000
000000000000000000000000000000000000000111100000000000000000000000000000
000000000000000000000000000000000000000111100000000000000000000000000000
000000000000000000000000000000000000000111100000000000000000000000000000
000001000000000000000000000000000000000111100000000000000000000000000000
111111111100000000000000000001111111110111100000000000000000000000001111
110000111111000000000000000111111111111111100000000000000000000000011111
000000001111100000000000011110000001111111100000000000000000000001110000
000000000111110000000000111000000000011111100000000000000000000011100000
000000000011111000000001110000000000001111100000000000000000000011100000
000000000001111100000011110000000000000111100000000000000000000011000000
000000000001111100000011100000000000000111100000000000000000000000000000
000000000001111100000111100000000000000111100000000000000000000000000000
000000000000111110000111100000000000000111100000000000000000000000000000
000000000000111110000111100000000000000111100000000000000000000000000000
000000000000111110001111100000000000000111100000000000000000000000001111
000000000000111110001111100000000000000111100000000000000000000000111110
000000000000111110001111100000000000000111100000000000000000000011111000
000000000000111110001111100000000000000111100000000000000000000011110000
000000000000111110001111100000000000000111100000000000000000000111100000
000000000000111100000111110000000000000111100000000000000000000111100000
000000000000111100000111110000000000001111100000000000000000001111100000
000000000000111000000111111000000000001111100000000000000000001111100000
000000000001111000000011111000000000011111100000000000000000001111100000
000000000001110000000011111110000000110111100000000000000000000111110000
100000000011100000000001111111100111100111110000000000000000000111111101
111000001111000000000000111111111111000111111110000000000000000011111111
111111111100000000000000001111111100000111111110000000000000000001111111
011111100000000000000000000000000000000000000000000000000000000000000000
000000000000000000000000000000000000000000000000000000000000000000000000
000000000000000000000000000000000000000000000000000000000000000000000000
000000000000000000000000000000000000000000000000000000000000000000000000
000000000000000000000000000000000000000000000000000000000000000000000000
000000000000000000000000000000000000000000000000000000000000000000000000
000000000000000000000000000000000000000000000000000000000000000000000000
000000000000000000000000000000000000000000000000000000000000000000000000
000000000000000000000000000000000000000000000000000000000000000000000000
