000000000000000000000000000000000000000000000000000000000000000000000000
000000000000000000000000000000000000000000000000000000000000000000000000
000000000000000000000000000000000000000000000000000000000000000000000000
000000000000000000000000000000000000000000000000000000000000000000000000
000000000000000000000000000000000000000000000000000000000000000000000000
000000000000000000000000000000000000000000000000000000000000000000000000
000000000000000000000000000000000000000000000000000000000000000000000000
000000000000000000000000000000011111000000000000000000000000011110000000
000000000000000000000000000011111111000000000000000000000111111110000000
000000000000000000000000000011111111000000000000000000000011111110000000
000000000000000000000000000000011111000000000000000000000000011110000000
000000000000000000000000000000011111000000000000000000000000011110000000
000000000000000000000000000000011111000000000000000000000000011110000000
000000000000000000000000000000011111000000000000000000000000011110000000
000000000000000000000000000000011111000000000000000000000000011110000000
000000000000000000000000000000011111000000000000000000000000011110000000
000000000000000000000000000000011111000000000000000000000000011110000000
000000000000000000000000000000011111000000000000000000000000011110000000
000000000000000000000000000000011111000000000000000000000000011110000000
000000000011111100000000000000011111000000000000000001111100011110000000
000000011111111111100000000000011111000000000000000111111111111110000000
000001111000000111110000000000011111000000000000011111111111111110000000
000011110000000011111000000000011111000000000001110000000011111110000000
000111100000000001111100000000011111000000000011100000000000111110000000
000111000000000000111110000000011111000000000111000000000000011110000000
001111000000000000011111000000011111000000001111000000000000011110000000
001111000000000000011111000000011111000000001110000000000000011110000000
011111000000000000011111000000011111000000011110000000000000011110000000
011110000000000000001111000000011111000000011110000000000000011110000000
011110000000000000001111100000011111000000011110000000000000011110000000
011110000000000000001111100000011111000000011110000000000000011110000000
011110000000000000001111100000011111000000011110000000000000011110000000
011110000000000000001111100000011111000000011110000000000000011110000000
011111000000000000001111000000011111000000011110000000000000011110000000
011111000000000000001111000000011111000000011111000000000000011110000000
011111000000000000001111000000011111000000011111000000000000011110000000
001111000000000000011110000000011111000000011111000000000000111110000000
001111100000000000011110000000011111000000001111100000000000111110000000
001111110000000000011100000000011111000000001111110000000001111111000000
000111110000000000111000000000011111000000000111111000000111011111000000
000011111000000001110000000000011111000000000011111111111110011111000000
000001111110000111100000000111111111111100000001111111111000011111111100
000000011111111110000000000011111111111100000000011111110000001111111000
000000000001000000000000000000000000000000000000000000000000000000000000
000000000000000000000000000000000000000000000000000000000000000000000000
000000000000000000000000000000000000000000000000000000000000000000000000
000000000000000000000000000000000000000000000000000000000000000000000000
000000000000000000000000000000000000000000000000000000000000000000000000
000000000000000000000000000000000000000000000000000000000000000000000000
000000000000000000000000000000000000000000000000000000000000000000000000
000000000000000000000000000000000000000000000000000000000000000000000000
000000000000000000000000000000000000000000000000000000000000000000000000
000000000000000000000000000000000000000000000000000000000000000000000000
000000000000000000000000000000000000000000000000000000000000000000000000
000000000000000000000000000000000000000000000000000000000000000000000000
000000000000000000000000000000000000000000000000000000000000000000000000
000000000000000000000000000000000000000000000000000000000000000000000000
000000000000000000000000000000000000000000000000000000000000000000000000
000000000000000000000000000000000000000000000000000000000000000000000000
000000000000000000000000000000000000000000000000000000000000000000000000
000000000000000000000000000000000000000000000000000000000000000000000000
000000000000000000000000000000000000000000000000000000000000000000000000
000000000000000000000000000000000000000000000000000000000000000000000000
000000000000000000000000000000000000000000000000000000000000000000000000
000000000000000000000000000000000000000000000000000000000000000000000000
000000000000000000000000000000000000000000000000000000000000000000000000
000000000000000000000000000000000000000000000000000000000000000000000000
000000000000000000000000000000000000000000000000000000000000000000000000
000000000000000000000000000000000000000000000000000000000000000000000000
000000000000000000000000000000000000000000000000000000000000000000000000
000000000000000000000000000000000000000000000000000000000000000000000000
000000000000000000000000000000000000000000000000000000000000000000000000
000000000000000000000000000000000000000000000000000000000000000000000000
000000000000000000000000000000000000000000000000000000000000000000000000
000000000000000000000000000000000000000000000000000000000000000000000000
000000000000000000000000000000000000000000000000000000000000000000000000
000000000000000000000000000000000000000000000000000000000000000000000000
000000000000000000000000000000000000000000000000000000000000000000000000
000000000000000000000000000000000000000000000000000000000000000000000000
000000000000000000000000000000000000000000000000000000000000000000000000
000000000000000000000000000000000000000000000000000000000000000000000000
000000000000000000000000000000000000000000000000000000000000000000000000
111100000000000000000001111100000000000000000001111000000000000000000000
111111100000000000001111111111110000000000001111111111000000000000000000
111111110000000000011100000011110000000000111100001111100000000000000000
001111111000000000111000000001110000000001110000000011110000000000000000
000011111000000001110000000000110000000011100000000011111000000000000000
000001111000000001110000000000010000000111100000000001111000000000000000
000001111100000001110000000000010000001111000000000001111100000000000000
000000111100000001110000000000000000001111000000000001111100000000000000
000000111100000001111000000000000000001111000000000000111100000000000000
000001111100000001111111000000000000011111000000000000111100000000000000
111111111100000001111111111100000000011111111000000111111100000000000000
111000111100000000111111111111100000011111111111111111111100000000000000
000000111100000000001111111111111000011111000000000000000000000000000000
000000111100000000000011111111111000011111000000000000000000000000000000
000000111100000000000000001111111100011111000000000000000000000000000000
000000111100000000000000000001111100011111000000000000000000000000000000
000000111100000000000000000000111100001111000000000000000000000000000000
000000111100000001000000000000111100001111100000000000000000000000000000
000001111100000001000000000000111100001111100000000000000000000000000000
000011111100000001000000000000111000000111110000000000000000000000000000
001110111100000001100000000000111000000111111000000000001000000000000000
111000111100000011110000000001110000000011111110000001111000000000000000
110000111111100011111100000111100000000001111111111111110000000000000000
000000111111100001111111111110000000000000011111111111000000000000000000
000000000000000000001111110000000000000000000011110000000000000000000000
000000000000000000000000000000000000000000000000000000000000000000000000
000000000000000000000000000000000000000000000000000000000000000000000000
000000000000000000000000000000000000000000000000000000000000000000000000
000000000000000000000000000000000000000000000000000000000000000000000000
000000000000000000000000000000000000000000000000000000000000000000000000
000000000000000000000000000000000000000000000000000000000000000000000000
000000000000000000000000000000000000000000000000000000000000000000000000
000000000000000000000000000000000000000000000000000000000000000000000000
000000000000000000000000000000000000000000000000000000000000000000000000
000000000000000000000000000000000000000000000000000000000000000000000000
000000000000000000000000000000000000000000000000000000000000000000000000
000000000000000000000000000000000000000000000000000000000000000000000000
000000000000000000000000000000000000000000000000000000000000000000000000
000000000000000000000000000000000000000000000000000000000000000000000000
000000000000000000000000000000000000000000000000000000000000000000000000
000000000000000000000000000000000000000000000000000000000000000000000000
000000000000000000000000000000000000000000000000000000000000000000000000
000000000000000000000000000000000000000000000000000000000000000000000000
000000000000000000000000000000000000000000000000000000000000000000000000
000000000000000000000000000000000000000000000000000000000000000000000000
000000000000000000000000000000000000000000000000000000000000000000000000
000000000000000000000000000000000000000000000000000000000000000000000000
000000000000000000000000000000000000000000000000000000000000000000000000
000000000000000000000000000000000000000000000000000000000000000000000000
000000000000000000000000000000000000000000000000000000000000000000000000
000000000000000000000000000000000000000000000000000000000000000000000000
000000000000000000000000000000000000000000000000000000000000000000000000
000000000000000000000000000000000000000000000000000000000000000000000000
000000000000000000000000000000000000000000000000000000000000000000000000
000000000000000000000000000000000000000000000000000000000000000000000000
000000000000000000000000000000000000000000000000000000000000000000000000
000000000000000000000000000000000000000000000000000000000000000000000000
000000000000000000000000000000000000000000000000000000000000000000000000
000000000000000000000000000000000000000000000000000000000000000000000000
000000000000000000000000000000000000000000000000000000000000000000000000
000000000000000000000000000000000000000000000000000000000000000000000000
000000000000000000000000000000000000000000000000000000000000000000000000
000000000000000000000000000000000000000000000000000000000000000000000000
000000000000000000000000000000000000000000000000000000000000000000000000
000001111111100000000000000000111111110000000111111111111000001111111110
000111111111110000000000000011100001111100000011111111100000000111111110
001111111111111000000000001111000000011110000000111110000000000001111000
111000000011111100000000011110000000011111000000111110000000000001110000
110000000001111100000000111100000000001111000000011110000000000001100000
100000000000111100000000111000000000001111000000011111000000000001100000
100000000000111100000001111000000000001111100000001111000000000011000000
000000000000111100000001111000000000000111100000001111100000000011000000
000000000000111100000011111000000000000111100000001111100000000011000000
000000000000111100000011111000000000001111100000000111100000000110000000
000000000000111100000011111111111111111111100000000111110000000110000000
000000000000111100000011111000000000000000000000000011110000001100000000
000000000000111100000011111000000000000000000000000011111000001100000000
000000000000111100000011111000000000000000000000000001111000001000000000
000000000000111100000011111000000000000000000000000001111100011000000000
000000000000111100000001111000000000000000000000000001111100010000000000
000000000000111100000001111100000000000000000000000000111100110000000000
000000000000111100000001111100000000000000000000000000111110100000000000
000000000000111100000001111110000000000000000000000000011111100000000000
000000000000111100000000111111000000000001000000000000011111100000000000
100000000000111110000000011111110000000111000000000000001111000000000000
111100000000111111110000001111111111111110000000000000001111000000000000
111100000000111111110000000011111111111000000000000000001111000000000000
000000000000000000000000000000111111000000000000000000000000000000000000
000000000000000000000000000000000000000000000000000000000000000000000000
000000000000000000000000000000000000000000000000000000000000000000000000
000000000000000000000000000000000000000000000000000000000000000000000000
000000000000000000000000000000000000000000000000000000000000000000000000
000000000000000000000000000000000000000000000000000000000000000000000000
000000000000000000000000000000000000000000000000000000000000000000000000
000000000000000000000000000000000000000000000000000000000000000000000000
000000000000000000000000000000000000000000000000000000000000000000000000
000000000000000000000000000000000000000000000000000000000000000000000000
