000000000000000000000000000000000000000000000000000000000000000001111111
000000000000000000000000000000000000000000000000000000000000000000111110
000000000000000000000000000000000000000000000000000000000000000000111110
000000000000000000000000000000000000000000000000000000000000000000111110
000000000000000000000000000000000000000000000000000000000000000000111110
000000000000000000000000000000000000000000000000000000000000000000111110
000000000000000000000000000000000000000000000000000000000000000000111110
000000000000000000000000000000000000000000000000000000000000000000111110
000000000000000000000000000000000000000000000000000000000000000000111110
000000000000000000000000000000000000000000000000000000000000000000111110
000011111111000000000000000001111111100000000000000000000000000000111110
000111111111100000000000000111100011111000000000000000000000000000111110
011111111111110000000000011110000000111100000000000000000000000000111110
111000000111111000000000111100000000011110000000000000000000000000111110
100000000011111000000001111000000000011110000000000000000000000000111110
000000000001111000000001111000000000011111000000000000000000000000111110
000000000001111100000011110000000000001111000000000000000000000000111110
000000000001111100000011110000000000001111000000000000000000000000111110
000000000001111100000011110000000000001111000000000000000000000000111110
000000000001111100000011111000000000001111000000000000000000000000111110
000000000001111100000111111111111111111111000000000000000000000000111110
000000000001111100000111110000000000000000000000000000000000000000111110
000000000001111100000111110000000000000000000000000000000000000000111110
000000000001111100000111110000000000000000000000000000000000000000111110
000000000001111100000011110000000000000000000000000000000000000000111110
000000000001111100000011111000000000000000000000000000000000000000111110
000000000001111100000011111000000000000000000000000000000000000000111110
000000000001111100000011111000000000000000000000000000000000000000111110
000000000001111100000001111100000000000000000000000000000000000000111110
000000000001111100000001111110000000000011000000000000000000000000111110
000000000001111100000000111111100000001110000000000000000000000001111110
111000000001111111100000011111111111111100000000000000000000000011111111
111100000001111111110000000111111111110000000000000000000000000111111111
000000000000000000000000000000111110000000000000000000000000000000000000
000000000000000000000000000000000000000000000000000000000000000000000000
000000000000000000000000000000000000000000000000000000000000000000000000
000000000000000000000000000000000000000000000000000000000000000000000000
000000000000000000000000000000000000000000000000000000000000000000000000
000000000000000000000000000000000000000000000000000000000000000000000000
000000000000000000000000000000000000000000000000000000000000000000000000
000000000000000000000000000000000000000000000000000000000000000000000000
000000000000000000000000000000000000000000000000000000000000000000000000
000000000000000000000000000000000000000000000000000000000000000000000000
000000000000000000000000000000000000000000000000000000000000000000000000
000000000000000000000000000000000000000000000000000000000000000000000000
000000000000000000000000000000000000000000000000000000000000000000000000
000000000000000000000000000000000000000000000000000000000000000000000000
000000000000000000000000000000000000000000000000000000000000000000000000
000000000000000000000000000000000000000000000000000000000000000000000000
000000000000000000000000000000000000000000000000000000000000000000000000
000000000000000000000000000000000000000000000000000000000000000000000000
000000000000000000000000000000000000000000000000000000000000000000000000
000000000000000000000000000000000000000000000000000000000000000000000000
000000000000000000000000000000000000000000000000000000000000000000000000
000000000000000000000000000000000000000000000000000000000000000000000000
000000000000000000000000000000000000000000000000000000000000000000000000
000000000000000000000000000000000000000000000000000000000000000000000000
000000000000000000000000000000000000000000000000000000000000000000000000
000000000000000000000000000000000000000000000000000000000000000000000000
000000000000000000000000000000000000000000000000000000000000000000000000
000000000000000000000000000000111110000000000000000000000000000000000000
000000000000000000000000000001111110000000000000000000000000000000000000
000000000000000000000000000011111110000000000000000000000000000000000000
000000000000000000000000000110000110000000000000000000000000000000000000
000000000000000000000000001100000000000000000000000000000000000000000000
000000000000000000000000011100000000000000000000000000000000000000000000
000000000000000000000000111100000000000000000000000000000000000000000000
000000000000000000000000111100000000000000000000000000000000000000000000
000000000000000000000000111000000000000000000000000000000000000000000000
000000000000000000000001111000000000000000000000000000000000000000000000
000000000000000000000001111000000000000000000000000000000000000000000000
000000000000000000000001111000000000000000000000000000000000000000000000
000000000000000000000001111000000000000000000000000000000000000000000000
111111111000000000000001111000000000000000000000000000000000111111110000
110001111110000000000001111111111100000000000000000000000011110011111100
000000011111100000000111111111111100000000000000000000001111000000111111
000000001111110000001111111111111100000000000000000000011110000000011111
000000000111110000000001111000000000000000000000000000011100000000011111
000000000011111000000001111000000000000000000000000000111100000000001111
000000000011111000000001111000000000000000000000000000111100000000001111
000000000001111100000001111000000000000000000000000000111100000000001111
000000000001111100000001111000000000000000000000000001111100000000001111
000000000001111100000001111000000000000000000000000001111100000000001111
000000000000111100000001111000000000000000000000000000111100000000001111
000000000000111100000001111000000000000000000000000000111110000000001110
000000000000111100000001111000000000000000000000000000111111000000011100
000000000000111100000001111000000000000000000000000000011111100001111000
000000000000111100000001111000000000000000000000000000000111111111100000
000000000000111100000001111000000000000000000000000000000001111100000000
000000000001111000000001111000000000000000000000000000000011000000000000
000000000001111000000001111000000000000000000000000000000110000000000000
000000000001110000000001111000000000000000000000000000011110000000000000
000000000011110000000001111000000000000000000000000000011110000000000000
000000000111100000000001111100000000000000000000000000011111111111111111
110000001110000000000011111110000000000000000000000000011111111111111111
111111111100000000011111111111110000000000000000000000001111111111111111
111111100000000000000000000000000000000000000000000000000111111111111111
000000000000000000000000000000000000000000000000000000001110000000000011
000000000000000000000000000000000000000000000000000000111100000000000000
000000000000000000000000000000000000000000000000000001111000000000000000
000000000000000000000000000000000000000000000000000001110000000000000000
000000000000000000000000000000000000000000000000000011110000000000000000
000000000000000000000000000000000000000000000000000011110000000000000000
000000000000000000000000000000000000000000000000000011110000000000000000
000000000000000000000000000000000000000000000000000001111000000000000000
000000000000000000000000000000000000000000000000000001111000000000000001
000000000000000000000000000000000000000000000000000000111100000000000011
000000000000000000000000000000000000000000000000000000011110000000001111
000000000000000000000000000000000000000000000000000000001111110001111100
000000000000000000000000000000000000000000000000000000000001111111110000
000000000000000000000000000000000000000000000000000000000000000000000000
000000000000000000000000000000000000000000000000000000000000000000000000
000000000000000000000000000000000000000000000000000000000000000000000000
000000000000000000000000000000000000000000000000000000000000000000000000
000000000000000000000000000000000000000000000000000000000000000000000000
000000000000000000000000000000000000000000000000000000000000000000000000
000000000000000000000000000000000000000000000000000000000000000000000000
000000000000000000000000000000000000000000000000000000000000000000000000
000000000000000000000000000000000000000000000000000000000000000000000000
000000000000000000000000000000000000000000000000000000000000000000000000
000000000000000000000000000000000000000000000000000000000000000000000000
000000000000000000000000000000000000000000000000000000000000000000000000
000000000000000000000000000000000000000000000000000000000000000000000000
000000000000000000000000000000000000000000000000110000000000000000000000
000000000000000000000000000000000000000000000111110000000000000000000000
000000000000000000000000000000000000000000111111110000000000011000000000
000000000000000000000000000000000000000000000111110000000000111100000000
000000000000000000000000000000000000000000000011110000000001111110000000
000000000000000000000000000000000000000000000011110000000001111110000000
000000000000000000000000000000000000000000000011110000000000111100000000
000000000000000000000000000000000000000000000011110000000000011000000000
000000000000000000000000000000000000000000000011110000000000000000000000
000000000000000000000000000000000000000000000011110000000000000000000000
000000000000000000000000000000000000000000000011110000000000000000000000
000000000000000000000000000000000000000000000011110000000000000000000000
000000000000000000000000000000000000000000000011110000000000000000000000
001111111100000000000000011111100000000000000011110000000000001100000011
111111111111000000000011111111111000000000000011110000000001111100000011
100000001111000000001111111111111100000000000011110000001111111100000000
000000000011000000011100000001111110000000000011110000000001111100000000
000000000011000000011100000000111110000000000011110000000000111100000000
000000000011000000011000000000011110000000000011110000000000111100000000
000000000001000000001000000000011111000000000011110000000000111100000000
100000000000000000000000000000001111000000000011110000000000111100000000
110000000000000000000000000000001111000000000011110000000000111100000000
111110000000000000000000000001111111000000000011110000000000111100000000
111111111000000000000000111111111111000000000011110000000000111100000000
111111111111000000000111111000001111000000000011110000000000111100000000
111111111111100000001111000000001111000000000011110000000000111100000000
000111111111100000011110000000001111000000000011110000000000111100000000
000000011111110000111100000000001111000000000011110000000000111100000000
000000000111110000111100000000001111000000000011110000000000111100000000
000000000011110001111100000000001111000000000011110000000000111100000000
000000000011110001111100000000011111000000000011110000000000111100000000
000000000011110001111100000000111111000000000011110000000000111100000000
000000000011100001111100000001111111000000000011110000000000111100000000
000000000111000000111110000111001111000000000011110000000000111110000000
000000001110000000111111111100001111000000000111111000000001111110000000
111111111100000000011111111000001111111000111111111111001111111111111000
111111110000000000000111110000000000000000000000000000000000000000000000
000000000000000000000000000000000000000000000000000000000000000000000000
000000000000000000000000000000000000000000000000000000000000000000000000
000000000000000000000000000000000000000000000000000000000000000000000000
000000000000000000000000000000000000000000000000000000000000000000000000
000000000000000000000000000000000000000000000000000000000000000000000000
000000000000000000000000000000000000000000000000000000000000000000000000
000000000000000000000000000000000000000000000000000000000000000000000000
000000000000000000000000000000000000000000000000000000000000000000000000
000000000000000000000000000000000000000000000000000000000000000000000000
000000000000000000000000000000000000000000000000000000000000000000000000
000000000000000000000000000000000000000000000000000000000000000000000000
000000000000000000000000000000000000000000000000000000000000000000000000
000000000000000000000000000000000000000000000000000000000000000000000000
000000000000000000000000000000000000000000000000000000000000000000000000
000000000000000000000000000000000000000000000000000000000000000000000000
000000000000000000000000000000000000000000000000000000000000000000000000
000000000000000000000000000000000000000000000000000000000000000000000000
000000000000000000000000000000000000000000000000000000000000000000000000
000000000000000000000000000000000000000000000000000000000000000000000000
