000000000000000000000011100001100000000000000000000000000000000000011111
000000000000000000000111000000000000000000000000000000000000000000011111
000000000000000000000110000000000000000000000000000000010000000000011111
000000000000000000001110000000000000000000000000000001110000000000011111
000000000000000000001110000000000000000000000000000011110000000000011111
000000000000000000011110000000000000000000000000000011110000000000011111
000000000000000000011110000000000000000000000000000011110000000000011111
000000000000000000011110000000000000000000000000000011110000000000011111
000000000000000000011110000000000000000000000000000011110000000000011111
000000000000000000011110000000000000000000000000000011110000000000011111
111110000000000000011110000000000000000000000000000011110000000000011111
011111100000000000111111111111000000000000000000000111111111111000011111
000111110000000011111111111110000000000000000000011111111111110000011111
000011111000000011111111111110000000000000000000111111111111110000011111
000001111100000000011110000000000000000000000000000011110000000000011111
000000111110000000011110000000000000000000000000000011110000000000011111
000000111110000000011110000000000000000000000000000011110000000000011111
000000011111000000011110000000000000000000000000000011110000000000011111
000000011111000000011110000000000000000000000000000011110000000000011111
000000011111000000011110000000000000000000000000000011110000000000011111
000000011111000000011110000000000000000000000000000011110000000000011111
000000011111000000011110000000000000000000000000000011110000000000011111
000000011111000000011110000000000000000000000000000011110000000000011111
000000011111000000011110000000000000000000000000000011110000000000011111
000000011111000000011110000000000000000000000000000011110000000000011111
000000011110000000011110000000000000000000000000000011110000000000011111
000000011110000000011110000000000000000000000000000011110000000000011111
000000011100000000011110000000000000000000000000000011110000000000011111
000000111100000000011110000000000000000000000000000011110000000000011111
000000111000000000011110000000000000000000000000000011111000000000011111
000001110000000000011110000000000000000000000000000011111111110000011111
000111100000000111111111111000000000000000000000000011111111100011111111
111110000000000111111111111000000000000000000000000001111111000111111111
110000000000000000000000000000000000000000000000000000000000000000000000
000000000000000000000000000000000000000000000000000000000000000000000000
000000000000000000000000000000000000000000000000000000000000000000000000
000000000000000000000000000000000000000000000000000000000000000000000000
000000000000000000000000000000000000000000000000000000000000000000000000
000000000000000000000000000000000000000000000000000000000000000000000000
000000000000000000000000000000000000000000000000000000000000000000000000
000000000000000000000000000000000000000000000000000000000000000000000000
000000000000000000000000000000000000000000000000000000000000000000000000
000000000000000000000000000000000000000000000000000000000000000000000000
000000000000000000000000000000000000000000000000000000000000000000000000
000000000000000000000000000000000000000000000000000000000000000000000000
000000000000000000000000000000000000000000000000000000000000000000000000
000000000000000000000000000000000000000000000000000000000000000000000000
000000000000000000000000000000000000000000000000000000000000000000000000
000000000000000000000000000000000000000000000000000000000000000000000000
000000000000000000000000000000000000000000000000000000000000000000000000
000000000000000000000000000000000000000000000000000000000000000000000000
000000000000000000000000000000000000000000000000000000000000000000000000
000000000000000000000000000000000000000000000000000000000000000000000000
000000000000000000000000000000000000000000000000000000000000000000000000
000000000000000000000000000000000000000000000000000000000000000000000000
000000000000000000000000000000000000000000000000000000000000000000000000
000000000000000000000000000000000000000000000000000000000000000000000000
000000000000000000000000000000000000000000000000000000000000000000000000
000000000000000000000000000000000000000000000000000000000000000000000000
000000000000000000000000000000000000000000000000000000000000000000000000
000000000000000000000000011000000000000110000000000000000000000000000000
000000000000000000001111111000000001111110000000000000000000000000000000
000000000000000000011111111000000111111110000000000000000000000000000000
000000000000000000000011111000000000011110000000000000000000000000000000
000000000000000000000001111000000000011110000000000000000000000000000000
000000000000000000000001111000000000011110000000000000000000000000000000
000000000000000000000001111000000000011110000000000000000000000000000000
000000000000000000000001111000000000011110000000000000000000000000000000
000000000000000000000001111000000000011110000000000000000000000000000000
000000000000000000000001111000000000011110000000000000000000000000000000
000000000000000000000001111000000000011110000000000000000000000000000000
000000000000000000000001111000000000011110000000000000000000000000000000
000000000000000000000001111000000000011110000000000000000000000000000000
000000000011100000000001111000000000011110000000000000000000000000000000
000000111111100000000001111000000000011110000000000000000000000000000011
000011111111100000000001111000000000011110000000000000000000000000000111
000000001111100000000001111000000000011110000000000000000000000000001110
000000001111100000000001111000000000011110000000000000000000000000011100
000000001111100000000001111000000000011110000000000000000000000000111100
000000001111100000000001111000000000011110000000000000000000000000111100
000000001111100000000001111000000000011110000000000000000000000001111000
000000001111100000000001111000000000011110000000000000000000000001111000
000000001111100000000001111000000000011110000000000000000000000001111000
000000001111100000000001111000000000011110000000000000000000000011111000
000000001111100000000001111000000000011110000000000000000000000011111000
000000001111100000000001111000000000011110000000000000000000000011111000
000000001111100000000001111000000000011110000000000000000000000011111000
000000001111100000000001111000000000011110000000000000000000000001111000
000000001111100000000001111000000000011110000000000000000000000001111100
000000001111100000000001111000000000011110000000000000000000000001111100
000000011111100000000001111000000000011110000000000000000000000001111100
000000011111100000000001111000000000011110000000000000000000000000111110
000001111111100000000001111000000000011110000000000000000000000000111111
000111001111100000000001111000000000011111000000000000000000000000011111
111110001111110000000011111100000000111111100000000000000000000000001111
111100001111111110011111111111100111111111111100000000000000000000000111
100000000000000000000000000000000000000000000000000000000000000000000000
000000000000000000000000000000000000000000000000000000000000000000000000
000000000000000000000000000000000000000000000000000000000000000000000000
000000000000000000000000000000000000000000000000000000000000000000000000
000000000000000000000000000000000000000000000000000000000000000000000000
000000000000000000000000000000000000000000000000000000000000000000000000
000000000000000000000000000000000000000000000000000000000000000000000000
000000000000000000000000000000000000000000000000000000000000000000000000
000000000000000000000000000000000000000000000000000000000000000000000000
000000000000000000000000000000000000000000000000000000000000000000000000
000000000000000000000000000000000000000000000000000000000000000000000000
000000000000000000000000000000000000000000000000000000000000000000000000
000000000000000000000000000000000000000000000000000000000000000000000000
000000000000000000000000000000000000000000000000000000000000000000000000
000000000000000000000000000000000000000000000000000000000000000000000000
000000000000000000000000000000000000000000000000000000000000000000000000
000000000000000000000000000000000000000000000000000000000000000000000000
000000000000000000000000000000000000000000000000000000000000000000000000
000000000000000000000000000000000000000000000000000000000000000000000000
000000000000000000000000000000000000000000000000000000000000000000000000
000000000000000000000000000000000000000000000000000000000000000000000000
000000000000000000000000000000000000000000000000000000000000000000000000
000000000000000000000000000000000000000000000000000000000000000000000000
000000000000000000000000000000000000000000000000000000000000000000000000
000000000000000000000000000000000000000000000000000000000000000000000000
000000000000000000000000000000000000000000000000000000000000000000000000
000000000000000000000000000000000000000000000000000000000000000000000000
000000010000000000000000000000000000000000000000000000000000000000000000
000111111000000000000000000000000000000000000000000000000000000000000000
111111111000000000000000000000000000000000000000000000000000000000000000
000011111000000000000000000000000000000000000000000000000000000000000000
000011111000000000000000000000000000000000000000000000000000000000000000
000011111000000000000000000000000000000000000000000000000000000000000000
000011111000000000000000000000000000000000000000000000000000000000000000
000011111000000000000000000000000000000000000000000000000000000000000000
000011111000000000000000000000000000000000000000000000000000000000000000
000011111000000000000000000000000000000000000000000000000000000000000000
000011111000000000000000000000000000000000000000000000000000000000000000
000011111000000000000000000000000000000000000000000000000000000000000000
000011111000000000000000000000000000000000000000000000000000000000000000
000011111000011111110000000000000000000111111000000000000000000000000000
000011111000111111111100000000000000011111111111000000000000000000000001
000011111001111111111110000000000001110000001111100000000000000000000011
000011111011100001111111000000000011100000000111110000000000000000000111
000011111110000000011111000000000111000000000011110000000000000000000111
000011111100000000011111000000001111000000000011111000000000000000000111
000011111000000000001111100000011110000000000011111000000000000000001111
000011111000000000001111100000011110000000000001111000000000000000001111
000011111000000000001111100000011110000000000001111000000000000000000111
000011111000000000001111100000011110000000000001111000000000000000000111
000011111000000000001111100000111111111111111111111000000000000000000111
000011111000000000001111100000111111111111111111100000000000000000000011
000011111000000000001111100000111110000000000000000000000000000000000000
000011111000000000001111100000111110000000000000000000000000000000000000
000011111000000000001111100000111110000000000000000000000000000000000000
000011111000000000001111100000011110000000000000000000000000000000000000
000011111000000000001111100000011111000000000000000000000000000000000100
000011111000000000001111100000011111000000000000000000000000000000000100
000011111000000000001111100000011111100000000000000000000000000000000100
000011111000000000001111100000001111110000000000000000000000000000001100
000011111000000000001111100000000111111000000000110000000000000000001110
000011111000000000001111100000000011111111000111110000000000000000001111
111111111111100000001111111110000001111111111111000000000000000000001111
000000000000000000000000000000000000011111111100000000000000000000000111
000000000000000000000000000000000000000000000000000000000000000000000000
000000000000000000000000000000000000000000000000000000000000000000000000
000000000000000000000000000000000000000000000000000000000000000000000000
000000000000000000000000000000000000000000000000000000000000000000000000
000000000000000000000000000000000000000000000000000000000000000000000000
000000000000000000000000000000000000000000000000000000000000000000000000
000000000000000000000000000000000000000000000000000000000000000000000000
000000000000000000000000000000000000000000000000000000000000000000000000
000000000000000000000000000000000000000000000000000000000000000000000000
000000000000000000000000000000000000000000000000000000000000000000000000
000000000000000000000000000000000000000000000000000000000000000000000000
000000000000000000000000000000000000000000000000000000000000000000000000
000000000000000000000000000000000000000000000000000000000000000000000000
000000000000000000000000000000000000000000000000000000000000000000000000
000000000000000000000000000000000000000000000000000000000000000000000000
000000000000000000000000000000000000000000000000000000000000000000000000
000000000000000000000000000000000000000000000000000000000000000000000000
000000000000000000000000000000000000000000000000000000000000000000000000
000000000000000000000000000000000000000000000000000000000000000000000000
