111111110000000000000000000000000011110000000000000001111000000001111110
000000000000000000000000000000000011110000000000000001111000000011110000
000000000000000000000000000000000011110000000000000001110000000111100000
000000000000000000000000000000000011110000000000000011110000001111000000
000000000000000000000000000000000011110000000000000011110000011111000000
000000000000000000000000000000000011110000000000000011100000011110000000
000000000000000000000000000000000011110000000000000111100000011110000000
000000000000000000000000000000000011110000000000000111000000011111000000
000000000000000000000000000000000011111000000000001110000000011111000000
000000111000000000000000000000000011111110000000111000000000001111100001
000011110000000000000000000000000011111111111111110000000000001111111111
111111100000000000000000000000000011111111111111000000000000000111111110
111100000000000000000000000000000011110011111110000000000000000001111100
000000000000000000000000000000000011110000000000000000000000000000000000
000000000000000000000000000000000011110000000000000000000000000000000000
000000000000000000000000000000000011110000000000000000000000000000000000
000000000000000000000000000000000011110000000000000000000000000000000000
000000000000000000000000000000000011110000000000000000000000000000000000
000000000000000000000000000000000011110000000000000000000000000000000000
000000000000000000000000000000000011110000000000000000000000000000000000
000000000000000000000000000000000011110000000000000000000000000000000000
000000000000000000000000000000000011110000000000000000000000000000000000
000000000000000000000000000000000011110000000000000000000000000000000000
000000000000000000000000000000000011110000000000000000000000000000000000
000000000000000000000000000000000111111000000000000000000000000000000000
000000000000000000000000000000111111111111000000000000000000000000000000
000000000000000000000000000000000000000000000000000000000000000000000000
000000000000000000000000000000000000000000000000000000000000000000000000
000000000000000000000000000000000000000000000000000000000000000000000000
000000000000000000000000000000000000000000000000000000000000000000000000
000000000000000000000000000000000000000000000000000000000000000000000000
000000000000000000000000000000000000000000000000000000000000000000000000
000000000000000000000000000000000000000000000000000000000000000000000000
000000000000000000000000000000000000000000000000000000000000000000000000
000000000000000000000000000000000000000000000000000000000000000000000000
000000000000000000000000000000000000000000000000000000000000000000000000
000000000000000000000000000000000000000000000000000000000000000000000000
000000000000000000000000000000000000000000000000000000000000000000000000
000000000000000000000000000000000000000000000000000000000000000000000000
000000000000000000000000000000000000000000000000000000000000000000000000
000000000000000000000000000000000000000000000000000000000000000000000000
000000000000000000000000000000000000000000000000000000000000000000000000
000000000000000000000000000000000000000000000000000000000000000000000000
000000000000000000000000000000000000000000000000000000000000000000000000
000000000000000000000000000000000000000000000000000000000000000000000000
000000000000000000000000000000000000000000000000000000000000000000000000
000000000000000000000000000000000000000000000000000000000000000000000000
000000000000000000000000000000000000000000000000000000000000000000000000
000000000000000000000000000000000000000000000000000000000000000000000000
000000000000000000000000000000000000000000000000000000000000000000000000
000000000000000000000000000000000000000000000000000000000000000000000000
000000000000000000000000000000000000000000000000000000000000000000000000
000000000000000000000000000000000000000001111100000000000000001000000111
001111111111110000001111111110000000001111111111000000000001111000011111
000001111110000000000011111000000000011100000111100000011111111000111111
000001111100000000000001110000000001111000000011110000011111111001111111
000000111110000000000001100000000011110000000001111000000001111011111111
000000111110000000000011100000000111100000000001111100000001111110000011
000000011110000000000011000000000111100000000000111100000001111110000001
000000011111000000000011000000001111000000000000111100000001111100000000
000000001111000000000110000000001111000000000000111100000001111100000000
100000001111100000000110000000001111000000000000111110000001111000000000
100000001111100000000100000000001111111111111111111110000001111000000000
000000000111100000001100000000001111111111111111111100000001111000000000
000000000111110000001000000000001111000000000000000000000001111000000000
000000000011110000011000000000001111000000000000000000000001111000000000
000000000011111000011000000000001111000000000000000000000001111000000000
000000000001111000110000000000001111100000000000000000000001111000000000
000000000001111000110000000000001111100000000000000000000001111000000000
000000000001111100100000000000001111100000000000000000000001111000000000
000000000000111101100000000000000111110000000000000000000001111000000000
000000000000111111000000000000000111111000000000000000000001111000000000
000000000000011111000000000000000011111100000000001100000001111100000000
000000000000011111000000000000000001111111000001111000000001111100000000
000000000000001110000000000000000000111111111111110000011111111111110000
000000000000001110000000000000000000001111111111000000011111111111110000
000000000000000000000000000000000000000001110000000000000000000000000000
000000000000000000000000000000000000000000000000000000000000000000000000
000000000000000000000000000000000000000000000000000000000000000000000000
000000000000000000000000000000000000000000000000000000000000000000000000
000000000000000000000000000000000000000000000000000000000000000000000000
000000000000000000000000000000000000000000000000000000000000000000000000
000000000000000000000000000000000000000000000000000000000000000000000000
000000000000000000000000000000000000000000000000000000000000000000000000
000000000000000000000000000000000000000000000000000000000000000000000000
000000000000000000000000000000000000000000000000000000000000000000000000
000000000000000000000000000000000000000000000000000000000000000000000000
000000000000000000000000000000000000000000000000000000000000000000000000
000000000000000000000000000000000000000000000000000000000000000000000000
000000000000000000000000000000000000000000000000000000000000000000000000
000000000000000000000000000000000000000000000000000000000000000000000000
000000000000000000000000000000000000000000000000000000000000000000000000
000000000000000000000000000000000000000000000000000000000000000000000000
000000000000000000000000000000000000000000000000000000000000000000000000
000000000000000000000000000000000000000000000000000000000000000000000000
000000000000000000000000000000000000000000000000000000000000000000000000
000000000000000000000000000000000000000000000000000000000000000000000000
000000000000000000000000000000000000000000000000000000000000000000000000
000000000000000000000000000000000000000000000000000000000000000000000000
000000000000000000000000000000000000000000000000000000000000000000000000
000000000000000000000000000000000000000000000000000000000000000000000000
000000000000000000000000000000000000000000000000000000000000000000000000
000000000000000000000000000000000000000000000000000000000000000000000000
000000000000000000000000000000000000000000000000000000000000000000000000
000000000000000000000000000000000000000000000000000000000000000000000000
000000000000000000000000000000000000000000000000000000000000000000000000
000000000000000000000000000000000000000000000000000000000000000000000000
000000000000000000000000000000000000000000000000000000000000000000000000
000000000000000000000000000000000000000000000000000000000000000000000000
000000000000000000000000000000000000000000000000000000000000000000000000
000000000000000000000000000000000000000000000000000000000000000000000000
000000000000000000000000000000000000000000000000000000000000000000000000
000000000000000000000000000000000000000000000000000000000000000000000000
000000000000000000000000000000000000000000000000000000000000000000000000
000000000000000000000000000000000000000000000000000000000000000000000000
000000000000000000000000000000000000000000000000000000100000000000000000
000000001111000011111000000000000000000000000000001111111110000000011111
000011111111000111111000000000000000000000000000111100001111100000011111
000011111111001111111000000000000000000000000001110000000111110000000111
000000011111011111111000000000000000000000000011100000000011111000000011
000000001111110000111000000000000000000000000111100000000001111000000001
000000001111100000011000000000000000000000001111000000000001111000000000
000000001111000000000000000000000000000000001111000000000001111100000000
000000001111000000000000000000000000000000001111000000000001111100000000
000000001111000000000000000000000000000000011111000000000001111100000000
000000001111000000000000000000000000000000011111100000000001111100000000
000000001111000000000000000000000000000000011111111111111111111100000000
000000001111000000000000000000000000000000011111000000000000000000000000
000000001111000000000000000000000000000000011111000000000000000000000000
000000001111000000000000000000000000000000011111000000000000000000000000
000000001111000000000000000000000000000000011111000000000000000000000000
000000001111000000000000000000000000000000011111000000000000000000000000
000000001111000000000000000000000000000000001111100000000000000000000000
000000001111000000000000000000000000000000001111100000000000000000000000
000000001111000000000000000000000000000000001111110000000000000000000001
000000001111000000000000000000000000000000000111111000000000001000000011
000000011111000000000000000000000000000000000011111110000001111000000111
100011111111111100000000000000000000000000000001111111111111110000011111
100011111111111110000000000000000000000000000000011111111111000000011110
000000000000000000000000000000000000000000000000000111111000000000000000
000000000000000000000000000000000000000000000000000000000000000000000000
000000000000000000000000000000000000000000000000000000000000000000000000
000000000000000000000000000000000000000000000000000000000000000000000000
000000000000000000000000000000000000000000000000000000000000000000000000
000000000000000000000000000000000000000000000000000000000000000000000000
000000000000000000000000000000000000000000000000000000000000000000000000
000000000000000000000000000000000000000000000000000000000000000000000000
000000000000000000000000000000000000000000000000000000000000000000000000
000000000000000000000000000000000000000000000000000000000000000000000000
000000000000000000000000000000000000000000000000000000000000000000000000
000000000000000000000000000000000000000000000000000000000000000000000000
000000000000000000000000000000000000000000000000000000000000000000000000
000000000000000000000000000000000000000000000000000000000000000000000000
000000000000000000000000000000000000000000000000000000000000000000000000
000000000000000000000000000000000000000000000000000000000000000000000000
000000000000000000000000000000000000000000000000000000000000000000000000
000000000000000000000000000000000000000000000000000000000000000000000000
000000000000000000000000000000000000000000000000000000000000000000000000
000000000000000000000000000000000000000000000000000000000000000000000000
000000000000000000000000000000000000000000000000000000000000000000000000
000000000000000000000000000000000000000000000000000000000000000000000000
000000000000000000000000000000000000000000000000000000000000000000000000
000000000000000000000000000000000000000000000000000000000000000000000000
000000000000000000000000000000000000000000000000000000000000000000000000
000000000000000000000000000000000000000000000000000000000000000000000000
000000000000000000000000000000000000000000000000000000000000000000000000
000000000000000000000000000000000000000000000000000000000000000000000000
000000000000000000000000000000000000000000000000000000000000000000000000
011111111111111111111111111111000111100000000000000000000000000000000000
011111111111111111111111111111000111110000000000000000000000000000000000
011100000000011111000000000111001111110000000000000000000000000000000000
011000000000011111000000000011000111110000000000000000000000000000000000
011000000000011111000000000011000111100000000000000000000000000000000000
011000000000011111000000000011000000000000000000000000000000000000000000
011000000000011111000000000011000000000000000000000000000000000000000000
001000000000011111000000000010000000000000000000000000000000000000000000
000000000000011111000000000000000000000000000000000000000000000000000000
000000000000011111000000000000000000000000000000000000000000000000000000
000000000000011111000000000000000000000000000000000000000000000000000000
