111000011110000000001111000000000000111100000001111000000000000001111100
000000011110000000001111000000000000111100000001111000000000000001111100
000000011110000000001111000000000000111100000001111000000000000001111100
000000011110000000001111000000000000111100000001111000000000000001111100
000000011110000000001111000000000000111100000001111100000000000001111100
000000011110000000001111000000000000111100000001111100000000000001111100
000000011110000000001111000000000000111100000001111110000000000011111100
000000111110000000001111000000000000111100000000111110000000000011111100
000001111110000000001111000000000000111100000000111111000000000111111100
000110011110000000001111000000000000111110000000011111110000011101111100
111100011110000000001111100000000000111110000000001111111111111001111100
110000011111110011111111111100000000111111110000000111111111100001111111
100000010000010001000000001100000000000000010000000000111111000000100000
000000000000000000000000000000000000000000000000000000000000000000000000
000000000000000000000000000000000000000000000000000000000000000000000000
000000000000000000000000000000000000000000000000000000000000000000000000
000000000000000000000000000000000000000000000000000000000000000000000000
000000000000000000000000000000000000000000000000000000000000000000000000
000000000000000000000000000000000000000000000000000000000000000000000000
000000000000000000000000000000000000000000000000000000000000000000000000
000000000000000000000000000000000000000000000000000000000000000000000000
000000000000000000000000000000000000000000000000000000000000000000000000
000000000000000000000000000000000000000000000000000000000000000000000000
000000000000000000000000000000000000000000000000000000000000000000000000
000000000000000000000000000000000000000000000000000000000000000000000000
000000000000000000000000000000000000000000000000000000000000000000000000
000000000000000000000000000000000000000000000000000000000000000000000000
000000000000000000000000000000000000000000000000000000000000000000000000
000000000000000000000000000000000000000000000000000000000000000000000000
000000000000000000000000000000000000000000000000000000000000000000000000
000000000000000000000000000000000000000000000000000000000000000000000000
000000000000000000000000000000000000000000000000000000000000000000000000
000000000000000000000000000000000000000000000000000000000000000000000000
000000000000000000000000000000000000000000000000000000000000000000000000
000000000000000000000000000000000000000000000000000000000000000000000000
000000000000000000000000000000000000000000000000000000000000000000000000
000000000000000000000000000000000000000000000000000000000000000000000000
000000000000000000000000000000000000000000000000000000000000000000000000
000000000000000000000000000000000000000000000000000000000000000000000000
000000000000000000000000000000000000000000000000000000000000000000000000
000000000000000000000000000000000000000000000000000000000000000000000000
000000000000000000000000000000000000000000000000000000000000000000000000
000000000000000000000000000000000000000000000000000000000000000000000000
000000000000000000000000000000000000000000000000000000000000000000000000
000000000000000000000000000000000000000000000000000000000000000000000000
000000000000000000000000000000000000000000000000000000000000000000000000
000000000000000000000000000000000000000000000000000000000000000000000000
000000000000000000000000000000000000000000000000000000000000000000000000
000000000000000000000000000000000000000000000000000000000000000000000000
000000000000000000000000000000000000000000000000000000000000000000000000
000000000000000000000000000000000000000000000000000000000000000000000000
000000000000000000000000000000000000000000000000000000000000000000000000
000111110000000000000000000100000111000000000000000000000000000000000000
111111111110000000000000111100001111100111111111110000001111111110000000
110000011111000000001111111100011111100001111111000000000011111000000000
000000001111110000001111111100111111100000111110000000000001110000000000
000000000111111000000001111101111111100000111110000000000001110000000000
000000000011111000000000111111000001100000011110000000000001100000000000
000000000001111100000000111110000000100000011111000000000011100000000000
000000000001111100000000111100000000000000011111000000000011000000000000
000000000001111110000000111100000000000000001111000000000111000000000000
000000000000111110000000111100000000000000001111100000000110000000000000
000000000000111110000000111100000000000000000111100000000110000000000000
000000000000111110000000111100000000000000000111110000001100000000000000
000000000000111110000000111100000000000000000011110000001100000000000000
000000000000111110000000111100000000000000000011110000011000000000000000
000000000000111110000000111100000000000000000011111000011000000000000000
000000000000111100000000111100000000000000000001111000011000000000000000
000000000000111100000000111100000000000000000001111100110000000000000000
000000000000111100000000111100000000000000000000111100110000000000000000
000000000000111000000000111100000000000000000000111111100000000000000000
000000000001111000000000111100000000000000000000111111100000000000000000
000000000011110000000000111100000000000000000000011111000000000000000000
110000000011100000000001111100000000000000000000011111000000000000000000
111000001110000000001111111111111000000000000000001111000000000000000000
111111111000000000001111111111111000000000000000001110000000000000000000
001111000000000000000000000000000000000000000000001110000000000000000000
000000000000000000000000000000000000000000000000001100000000000000000000
000000000000000000000000000000000000000000000000001100000000000000000000
000000000000000000000000000000000000000000000000001000000000000000000000
000000000000000000000000000000000000000000000000011000000000000000000000
000000000000000000000000000000000000000000000000011000000000000000000000
000000000000000000000000000000000000000000000000110000000000000000000000
000000000000000000000000000000000000000000000000110000000000000000000000
000000000000000000000000000000000000000000000001100000000000000000000000
000000000000000000000000000000000000000001000011100000000000000000000000
000000000000000000000000000000000000000011111111000000000000000000000000
000000000000000000000000000000000000000011111110000000000000000000000000
000000000000000000000000000000000000000011111100000000000000000000000000
000000000000000000000000000000000000000001110000000000000000000000000000
000000000000000000000000000000000000000000000000000000000000000000000000
000000000000000000000000000000000000000000000000000000000000000000000000
000000000000000000000000000000000000000000000000000000000000000000000000
000000000000000000000000000000000000000000000000000000000000000000000000
000000000000000000000000000000000000000000000000000000000000000000000000
000000000000000000000000000000000000000000000000000000000000000000000000
000000000000000000000000000000000000000000000000000000000000000000000000
000000000000000000000000000000000000000000000000000000000000000000000000
000000000000000000000000000000000000000000000000000000000000000000000000
000000000000000000000000000000000000000000000000000000000000000000000000
000000000000000000000000000000000000000000000000000000000000000000000000
000000000000000000000000000000000000000000000000000000000000000000000000
000000000000000000000000000000000000000000000000000000000000000000000000
000000000000000000000000000000000000000000000000000000000000000000000000
000000000000000000000000000000000000000000000000000000000000000000000000
000000000000000000000000000000000000000000000000000000000000000000000000
000000000000000000000000000000000000000000000000000000000000000000000000
000000000000000000000000000000000000000000000000000000000000000000000000
000000000000000000000000000000000000000000000000000000000000000000000000
000000000000000000000000000000000000000000000000000000000000000000000000
000000000000000000000000000000000000000000000000000000000000000000000000
000000000000000000000000000000000000000000000000000000000000000000000000
000000000000000000000000000000000000000000000000000000000000000000000000
000000000000000000000000000000000000000000000000000000000000000000000000
000000000000000000000000000000000000000000000000000000000000000000000000
000011000000000000000000000000000000000000000000000000100000000000000011
111111111100000000000000000000000000000000001110000111111000000001111111
110000111111000000000000000000000000000111111110001111110000000011110000
000000001111100000000000000000000000000111111110011111110000001111000000
000000000111110000000000000000000000000000011110111111110000011110000000
000000000011111000000000000000000000000000011111110000110000011100000000
000000000001111100000000000000000000000000011111100000010000111100000000
000000000001111100000000000000000000000000011111000000000001111000000000
000000000001111100000000000000000000000000011111000000000001111000000000
000000000000111110000000000000000000000000011110000000000001111000000000
000000000000111110000000000000000000000000011110000000000001111000000000
000000000000111110000000000000000000000000011110000000000011111000000000
000000000000111110000000000000000000000000011110000000000011111000000000
000000000000111110000000000000000000000000011110000000000011111000000000
000000000000111110000000000000000000000000011110000000000011111000000000
000000000000111100000000000000000000000000011110000000000001111100000000
000000000000111100000000000000000000000000011110000000000001111100000000
000000000000111100000000000000000000000000011110000000000001111100000000
000000000001111000000000000000000000000000011110000000000001111100000000
000000000001111000000000000000000000000000011110000000000000111110000000
000000000011110000000000000000000000000000011110000000000000011111000000
100000000011100000000000000000000000000000011111000000000000011111100000
111000001111000000000000000000000000000111111111111100000000001111110000
111111111100000000000000000000000000000111111111111100000000000011111111
011111100000000000000000000000000000000000000000000000000000000000111111
000000000000000000000000000000000000000000000000000000000000000000000000
000000000000000000000000000000000000000000000000000000000000000000000000
000000000000000000000000000000000000000000000000000000000000000000000000
000000000000000000000000000000000000000000000000000000000000000000000000
000000000000000000000000000000000000000000000000000000000000000000000000
000000000000000000000000000000000000000000000000000000000000000000000000
000000000000000000000000000000000000000000000000000000000000000000000000
000000000000000000000000000000000000000000000000000000000000000000000000
000000000000000000000000000000000000000000000000000000000000000000000000
000000000000000000000000000000000000000000000000000000000000000000000000
000000000000000000000000000000000000000000000000000000000000000000000000
000000000000000000000000000000000000000000000000000000000000000000000000
000000000000000000000000000000000000000000000000000000000000000000000000
000000000000000000000000000000000000000000000000000000000000000000000000
000000000000000000000000000000000000000000000000000000000000000000000000
000000000000000000000000000000000000000000000000000000000000000000000000
000000000000000000000000000000000000000000000000000000000000000000000000
000000000000000000000000000000000000000000000000000000000000000000000000
000000000000000000000000000000000000000000000000000000000000000000000000
000000000000000000000000000000000000000000000000000000000000000000000000
000000000000000000000000000000000000000000000000000000000000000000000000
000000000000000000000000000000000000000000000000000000000000000000000000
000000000000000000000000000000000000000000000000000000000000000000000000
000000000000000000000000000000000000000000000000000000000000000000000000
000000000000000000000000000000000000000000000000000000000000000000000000
000000000000000000000000000000000000000000000000000000000000000000000000
000000000000000000000000000000000000000000000000000000000000000000000000
000000000000000000000000000000000000000000000000000000000000000000000000
000000000000000000000000000000000000000000000000000000000000000000000000
000000000000000000000000000000000000000000000000000000000000000000000000
000000000000000000000000000000000000000000000000000000000000000000000000
000000000000000000000000000000000000000000000000000000000000000000000000
000000000000000000000000000000000000000000000000000000000000000000000000
000000000000000000000000000000000000000000000000000000000000000000000000
000000000000000000000000000000000000000000000000000000000000000000000000
000000000000000000000000000000000000000000000000000000000000000000000000
000000000000000000000000000000000000000000000000000000000000000000000000
000000000000000000000000000000000000000000000000000000000000000000000000
000000000000000000000000000000000000000000000000000000000000000000000000
