000000000000000000000000000000000000000000000000000000000000000000000000
000000000000000000000000000000000000000000000000000000000000000000000000
000000000000000000000000000000000000000000000000000000000000000000000000
000000000000000000000000000000000000000000000000000000000000000000000000
000000000000000000000000000000000000000000000000000000000000000000000000
000000000000000000000000000000000000000000000000000000000000000000000000
000000000000000000000000000000000000000000000000000000000000000000000000
000000000000000000000000000000000000000000000000000000000000000000000000
000000000000000000000000000000000000000000000000000000000000000000000000
000000000000000000000000000000000000000000000000000000000000000000000000
000000000000000000000000000000000000000000000000000000000000000000000000
000000000000000000000000000000000000000000000000000000000000000000000000
000000000000000000000000000000000000000000000000000000000000000000000000
000000000000000000000000000000000000000000000000000000000000000000000000
000000000000000000000000000000000000000000000000000000000000000000000000
000000000000000000000000000000000000000000000000000000000000000000000000
000000000000000000000000000000000000000000000000000000000000000000000000
000000000000000000000000000000000000000000000000000000000000000000000000
000000000000000000000000000000001000000000000000000000000000000000000000
000000000000000000000000000011111100000000000000000000000000000000000000
000000000000000000000000011111111100000000000000000000000001110000000000
000000000000000000000000000001111100000000000000000000000011111000000000
000000000000000000000000000001111100000000000000000000000011111000000000
000000000000000000000000000001111100000000000000000000000011111000000000
000000000000000000000000000001111100000000000000000000000001111000000000
000000000000000000000000000001111100000000000000000000000000100000000000
000000000000000000000000000001111100000000000000000000000000000000000000
000000000000000000000000000001111100000000000000000000000000000000000000
000000000000000000000000000001111100000000000000000000000000000000000000
000000000000000000000000000001111100000000000000000000000000000000000000
000000000000000000000000000001111100000000000000000000000000000000000000
110001110000000000000000000001111100000111111100000000000000011000000000
111111110000000000000000000001111100011111111111000000000111111000000000
001111000000000000000000000001111100111111111111100000011111111000000111
001110000000000000000000000001111101110000111111100000000011111000000000
001110000000000000000000000001111111000000001111110000000001111000000000
001100000000000000000000000001111110000000000111110000000001111000000000
011100000000000000000000000001111100000000000011111000000001111000000000
011000000000000000000000000001111100000000000011111000000001111000000000
111000000000000000000000000001111100000000000001111000000001111000000000
110000000000000000000000000001111100000000000001111000000001111000000000
110000000000000000000000000001111100000000000001111000000001111000000000
100000000000000000000000000001111100000000000001111000000001111000000000
100000000000000000000000000001111100000000000001111000000001111000000000
000000000000000000000000000001111100000000000001111000000001111000000000
000000000000000000000000000001111100000000000001111000000001111000000000
000000000000000000000000000001111100000000000011110000000001111000000000
000000000000000000000000000001111100000000000011110000000001111000000000
000000000000000000000000000001111100000000000011100000000001111000000000
000000000000000000000000000001111100000000000111000000000001111000000000
000000000000000000000000000001111100000000001110000000000001111000000000
000000000000000000000000000001111111000000011100000000000001111000000000
000000000000000000000000000001111111111111110000000000000011111100000000
000000000000000000000000000001100111111111100000000000011111111111100111
000000000000000000000000000001000001111110000000000000000000000000000000
000000000000000000000000000000000000000000000000000000000000000000000000
000000000000000000000000000000000000000000000000000000000000000000000000
000000000000000000000000000000000000000000000000000000000000000000000000
000000000000000000000000000000000000000000000000000000000000000000000000
000000000000000000000000000000000000000000000000000000000000000000000000
000000000000000000000000000000000000000000000000000000000000000000000000
000000000000000000000000000000000000000000000000000000000000000000000000
000000000000000000000000000000000000000000000000000000000000000000000000
000000000000000000000000000000000000000000000000000000000000000000000000
000000000000000000000000000000000000000000000000000000000000000000000000
000000000000000000000000000000000000000000000000000000000000000000000000
000000000000000000000000000000000000000000000000000000000000000000000000
000000000000000000000000000000000000000000000000000000000000000000000000
000000000000000000000000000000000000000000000000000000000000000000000000
000000000000000000000000000000000000000000000000000000000000000000000000
000000000000000000000000000000000000000000000000000000000000000000000000
000000000000000000000000000000000000000000000000000000000000000000000000
000000000000000000000000000000000000000000000000000000000000000000000000
000000000000000000000000000000000000000000000000000000000000000000000000
000000000000000000000000000000000000000000000000000000000000000000000000
000000000000000000000000000000000000000000000000000000000000000000000000
000000000000000000000000000000000000000000000000000000000000000000000000
000000000000000000000000000000000000000000000000000000000000000000000000
000000000000000000000000000000000000000000000000000000000000000000000000
000000000000000000000000000000000000000000000000000000000000000000000000
000000000000000000000000000000000000000000000000000000000000000000000000
000000000000000000000000000000000000000000000000000000000000000000000000
000000000000000000000000000000000000000000000000000000000000000000000000
000000000000000000000000000000000000000000000000000000000000000000000000
000000000000000000000000000000000000000000000000000000000000000000000000
000000000000000000000000000000000000000000000000000000000000000000000000
000000000000000000000000000000000000000000000000000000000000000000000000
000000000000000000000000000000000000000000000000000000000000000000000000
000000000000000000000000000000000000000000000000000000000000000000000000
000000000000000000000000000000000000000000000000000000000000000000000000
000000000000000000000000000000000000000000000000000000000000000000000000
000000000000000000000000000000000000000000000000000000000000000000000000
000000000000000000000000000000000000000000000000000000000000000000000000
000000000000000000000000000000000000000000000000000000000000000000000000
100000000000000000000000000000011111110000000000000000001000001111000000
100000000011111111100000000001111111111110000000000011111000011111100000
110000000000011110000000000111100000011111000000011111111000111111000111
110000000000011110000000001110000000001111100000001111111001111111000111
111000000000011100000000011110000000000111110000000001111011100111000000
111000000000011000000000111100000000000011111000000001111110000011000000
111000000000011000000000111100000000000011111000000001111100000001000000
111100000000111000000001111000000000000001111100000001111100000000000000
111100000000110000000001111000000000000001111100000001111000000000000000
111110000000110000000001111000000000000001111100000001111000000000000000
011110000001100000000001111000000000000001111100000001111000000000000000
011110000001100000000011111000000000000000111100000001111000000000000000
011111000011000000000011111000000000000000111100000001111000000000000000
001111000011000000000011111000000000000000111100000001111000000000000000
001111100010000000000011111000000000000000111100000001111000000000000000
000111100110000000000001111100000000000000111100000001111000000000000000
000111100110000000000001111100000000000001111000000001111000000000000000
000111110100000000000001111100000000000001111000000001111000000000000000
000011111100000000000000111110000000000001111000000001111000000000000000
000011111100000000000000111110000000000011110000000001111000000000000000
000001111000000000000000011111000000000011100000000001111000000000000000
000001111000000000000000001111100000000111000000000001111100000000000000
000001111000000000000000000111111000011100000000011111111111110000001111
000000110000000000000000000001111111110000000000011110000111110000000111
000000000000000000000000000000000000000000000000000000000000000000000000
000000000000000000000000000000000000000000000000000000000000000000000000
000000000000000000000000000000000000000000000000000000000000000000000000
000000000000000000000000000000000000000000000000000000000000000000000000
000000000000000000000000000000000000000000000000000000000000000000000000
000000000000000000000000000000000000000000000000000000000000000000000000
000000000000000000000000000000000000000000000000000000000000000000000000
000000000000000000000000000000000000000000000000000000000000000000000000
000000000000000000000000000000000000000000000000000000000000000000000000
000000000000000000000000000000000000000000000000000000000000000000000000
000000000000000000000000000000000000000000000000000000000000000000000000
000000000000000000000000000000000000000000000000000000000000000000000000
000000000000000000000000000000000000000000000000000000000000000000000000
000000000000000000000000000000000000000000000000000000000000000000000000
000000000000000000000000000000000000000000000000000000000000000000000000
000000000000000000000000000000000000000000000000000000000000000000000000
000000000000000000000000000000000000000000000000000000000000000000000000
000000000000000000000000000000000000000000000000000000000000000000000000
000000000000000000000000000000000000000000000000000000000000000000000000
000000000000000000000000000000000000000000000000000000000000000000000000
000000000000000000000000000000000000000000000000000000000000000000000000
000000000000000000000000000000000000000000000000000000000000000000000000
000000000000000000000000000000000000000000000000000000000000000000000000
000000000000000000000000000000000000000000000000000000000000000000000000
000000000000000000000000000000000000000000000000000000000000000000000000
000000000000000000000000000000000000000000000000000000000000000000000000
000000000000000000000000000000000000000000000000000000000000000000000000
000000000000000000000000000000000000000000000000000000000000000000000000
000000000000000000000000000000000000000000000000000000000000000000000000
000000000000000000000000000000000000000000000000000000000000000000000000
000000000000000000000000000000000000000000000000000000000000000000000000
000000000000000000000000000000000000000000000000000000000000000000000000
000000000000000000000000000000000000000000000000000000000000000000000000
000000000000000000000000000000000000000000000000000000000000000000000000
000000000000000000000000000000000000000000000000000000000000000000000000
000000000000000000000000000000000000000000000000000000000000000000000000
000000000000000000000000000000000000000000000000000000000000000000000000
000000000000000000000000000000000000000000000000000000000000000000000000
000000000000000000000000000000000000000000000000000000000000000000000000
000000000000000111100000000000000000000000000000000111110000000000000000
000000000000111111111000000000000000000000000000111111111111000011111111
000000000011110000111110000000000000000000000001110000011111000000111111
000000000111000000001111000000000000000000000011100000000111000000011111
000000001110000000001111100000000000000000000111000000000011000000011111
000000011110000000000111100000000000000000000111000000000011000000001111
000000111100000000000111100000000000000000001111000000000011000000001111
000000111100000000000111110000000000000000001111000000000000000000000111
000001111100000000000111110000000000000000001111100000000000000000000111
000001111100000000000111110000000000000000000111111000000000000000000111
000001111111100000111111110000000000000000000111111111110000000000000111
000001111111111111111111110000000000000000000011111111111110000000000011
000001111100000000000000000000000000000000000001111111111111000000000011
000001111100000000000000000000000000000000000000001111111111100000000011
000001111100000000000000000000000000000000000000000000111111110000000001
000001111100000000000000000000000000000000000000000000000111110000000001
000001111100000000000000000000000000000000000000000000000011110000000001
000000111110000000000000000000000000000000001100000000000011110000000000
000000111110000000000000000000000000000000001100000000000011110000000000
000000111111000000000000000000000000000000001100000000000011100000000000
000000011111100000000001100000000000000000001110000000000111100000000000
000000001111111000000111100000000000000000001111000000001111000000000000
