011100000000000000111000000000000000011111110000011111110001111111111110
000000000000000000000000000000000000000000000000000000000000000000000000
000000000000000000000000000000000000000000000000000000000000000000000000
000000000000000000000000000000000000000000000000000000000000000000000000
000000000000000000000000000000000000000000000000000000000000000000000000
000000000000000000000000000000000000000000000000000000000000000000000000
000000000000000000000000000000000000000000000000000000000000000000000000
000000000000000000000000000000000000000000000000000000000000000000000000
000000000000000000000000000000000000000000000000000000000000000000000000
000000000000000000000000000000000000000000000000000000000000000000000000
000000000000000000000000000000000000000000000000000000000000000000000000
000000000000000000000000000000000000000000000000000000000000000000000000
000000000000000000000000000000000000000000000000000000000000000000000000
000000000000000000000000000000000000000000000000000000000000000000000000
000000000000000000000000000000000000000000000000000000000000000000000000
000000000000000000000000000000000000000000000000000000000000000000000000
000000000000000000000000000000000000000000000000000000000000000000000000
000000000000000000000000000000000000000000000000000000000000000000000000
000000000000000000000000000000000000000000000000000000000000000000000000
000000000000000000000000000000000000000000000000000000000000000000000000
000000000000000000000000000000000000000000000000000000000000000000000000
000000000000000000000000000000000000000000000000000000000000000000000000
000000000000000000000000000000000000000000000000000000000000000000000000
000000000000000000000000000000000000000000000000000000000000000000000000
000000000000000000000000000000000000000000000000000000000000000000000000
000000000000000000000000000000000000000000000000000000000000000000000000
000000000000000000000000000000000000000000000000000000000000000000000000
000000000000000000000000000000000000000000000000000000000000000000000000
000000000000000000000000000000000000000000000000000000000000000000000000
000000000000000000000000000000000000000000000000000000000000000111111111
000000000000000000000000000000000000000000000000000000000000011111111111
000000000000000000000000000000000000000000000000000000000000111100000000
000000000000000000000000000000000000000000000000000000000001111000000000
000000000000000000000000000000000000000000000000000000000011110000000000
000000000000000000000000000000000000000000000000000000000111100000000000
000000000000000000000000000000000000000000000000000000000111100000000000
000000000000000000000000000000000000000000000000000000001111000000000000
000000000000000000000000000000000000000000000000000000001111000000000000
000000000000000000000000000000000000000000000000000000001111000000000000
000000000000000000000000000000000000000000000000000000001111000000000000
000000000000000000000000000000000000000000000000000000001111100000000000
111100000111111111100000000000000000000000000000000000001111100000000000
110000000011111111000000000000000000000000000000000000001111111000000000
000000000000011100000000000000000000000000000000000000000111111110000000
000000000000011000000000000000000000000000000000000000000111111111111110
100000000000111000000000000000000000000000000000000000000011111111111111
100000000000110000000000000000000000000000000000000000000000111111111111
100000000001110000000000000000000000000000000000000000000000001111111111
110000000001100000000000000000000000000000000000000000000000000000001111
110000000001100000000000000000000000000000000000000000000000000000000000
111000000011000000000000000000000000000000000000000000000000000000000000
111000000011000000000000000000000000000000000000000000000000000000000000
111000000110000000000000000000000000000000000000000000000000000000000000
111100000110000000000000000000000000000000000000000000000000000000000000
111100000110000000000000000000000000000000000000000000000000000000000000
111100001100000000000000000000000000000000000000000000000100000000000000
011110001100000000000000000000000000000000000000000000000100000000000000
011110011000000000000000000000000000000000000000000000000100000000000000
011111011000000000011000000000000000000000000000000000000110000000000000
001111110000000000111100000000000000000000000000000000000110000000000000
001111110000000001111110000000000000000000000000000000000111000000000000
000111110000000001111110000000000000000000000000000000001111100000000000
000111100000000000111110000000000000000000000000000000001111111110000111
000111100000000000111100000000000000000000000000000000000011111111111111
000011000000000000000000000000000000000000000000000000000000011111111000
000011000000000000000000000000000000000000000000000000000000000000000000
000110000000000000000000000000000000000000000000000000000000000000000000
000110000000000000000000000000000000000000000000000000000000000000000000
000110000000000000000000000000000000000000000000000000000000000000000000
001100000000000000000000000000000000000000000000000000000000000000000000
001100000000000000000000000000000000000000000000000000000000000000000000
011000000000000000000000000000000000000000000000000000000000000000000000
011000000000000000000000000000000000000000000000000000000000000000000000
110000000000000000000000000000000000000000000000000000000000000000000000
110000000000000000000000000000000000000000000000000000000000000000000000
100000000000000000000000000000000000000000000000000000000000000000000000
000000000000000000000000000000000000000000000000000000000000000000000000
000000000000000000000000000000000000000000000000000000000000000000000000
000000000000000000000000000000000000000000000000000000000000000000000000
000000000000000000000000000000000000000000000000000000000000000000000000
000000000000000000000000000000000000000000000000000000000000000000000000
000000000000000000000000000000000000000000000000000000000000000000000000
000000000000000000000000000000000000000000000000000000000000000000000000
000000000000000000000000000000000000000000000000000000000000000000000000
000000000000000000000000000000000000000000000000000000000000000000000000
000000000000000000000000000000000000000000000000000000000000000000000000
000000000000000000000000000000000000000000000000000000000000000000000000
000000000000000000000000000000000000000000000000000000000000000000000000
000000000000000000000000000000000000000000000000000000000000000000000000
000000000000000000000000000000000000000000000000000000000000000000000000
000000000000000000000000000000000000000000000000000000000000000000000000
000000000000000000000000000000000000000000000000000000000000000000000000
000000000000000000000000000000000000000000000000000000000000000000000000
000000000000000000000000000000000000000000000000000000000000000000000000
000000000000000000000000000000000000000000000000000000000000000000000000
000000000000000000000000000000000000000000000000000000000000000000000000
000000000000000000000000000000000000000000000000000000000000000000000000
000000000000000000000000000000000000000000000000000000000000000000000000
000000000000000000000000000000000000000000000000000000000000000000000000
000000000000000000000000000000000000000000000000000000000000000000000000
000000000000000000000000000000000000000000000000000000000000000000000000
000000000000000000000000000000000000000000000000000000000000000000000000
000000000000000000000000000000000000000000000000000000000000000000000000
000000000000000000000000000000000000000000000000000000000000000000000000
000000000111110000000000001111000000000011111111100000000000000000001111
110000001111111000000000001111000000001111111111110000000000000000111111
111000000011111100000000011100000000011100001111111000000000000011110000
111100000001111110000000111000000000111000000011111100000000000111000000
111100000000111110000001110000000000110000000001111100000000001110000000
111100000000011111000001100000000000110000000000111100000000011100000000
111110000000001111100011000000000000000000000000111100000000111100000000
011110000000001111100111000000000000000000000000111110000000111000000000
011110000000000111111110000000000000000000000000111110000001111000000000
011110000000000011111100000000000000000000001111111110000001111000000000
111110000000000011111000000000000000000011111110111110000001111000000000
000000000000000001111100000000000000001111100000011110000001111000000000
000000000000000001111110000000000000111110000000011110000001111000000000
000000000000000011111110000000000001111100000000011110000001111000000000
000000000000000011011111000000000001111000000000011110000001111100000000
000000000000000110001111100000000011110000000000011110000001111100000000
000000000000001100000111110000000011110000000000011110000001111100000000
000000000000011100000111110000000011110000000000111110000000111110000000
000000000000111000000011111000000011111000000001111110000000111111000000
000100000001110000000001111100000011111000000011111110000000011111100000
011100000011110000000001111110000001111110001100111110000000001111110000
111000000111100000000000111111000001111111111000111110000000000111111111
110000001111000000000000011111100000111111110000111111110000000011111111
000000000000000000000000000000000000000111000000000000000000000000111111
000000000000000000000000000000000000000000000000000000000000000000000000
000000000000000000000000000000000000000000000000000000000000000000000000
000000000000000000000000000000000000000000000000000000000000000000000000
000000000000000000000000000000000000000000000000000000000000000000000000
000000000000000000000000000000000000000000000000000000000000000000000000
000000000000000000000000000000000000000000000000000000000000000000000000
000000000000000000000000000000000000000000000000000000000000000000000000
000000000000000000000000000000000000000000000000000000000000000000000000
000000000000000000000000000000000000000000000000000000000000000000000000
000000000000000000000000000000000000000000000000000000000000000000000000
000000000000000000000000000000000000000000000000000000000000000000000000
000000000000000000000000000000000000000000000000000000000000000000000000
000000000000000000000000000000000000000000000000000000000000000000000000
000000000000000000000000000000000000000000000000000000000000000000000000
000000000000000000000000000000000000000000000000000000000000000000000000
000000000000000000000000000000000000000000000000000000000000000000000000
000000000000000000000000000000000000000000000000000000000000000000000000
000000000000000000000000000000000000000000000000000000000000000000000000
000000000000000000000000000000000000000000000000000000000000000000000000
000000000000000000000000000000000000000000000000000000000000000000000000
000000000000000000000000000000000000000000000000000000000000000000000000
000000000000000000000000000000000000000000000000000000000000000000000000
000000000000000000000000000000000000000000000000000000000000000000000000
000000000000000000000000000000000000000000000000000000000000000000000000
000000000000000000000000000000000000000000000000000000000000000000000000
000000000000000000000000000000000000000000000000000000000000000000000000
000000000000000000000000000000000000000000000000000000000000000000000000
000000000000000000000000000000000000000000000000000000000000000000000000
000000000000000000000000000000000000000000000000000000000000000000000000
000000000000000000000000000000000000000000000000000000000000000000000000
000000000000000000111000000000000000000000000000000000000000000000000000
000000000000000001111100000000000000000000000000000000000000000000000000
000000000000000001111100000000000000000000000000000000000000000000000000
000000000000000001111100000000000000000000000000000000000000000000000000
000000000000000001111100000000000000000000000000000000000000000110000000
000000000000000000110000000000000000000000000000000000000000011110000000
000000000000000000000000000000000000000000000000000000000000011110000000
000000000000000000000000000000000000000000000000000000000000011110000000
000000000000000000000000000000000000000000000000000000000000011110000000
000000000000000000000000000000000000000000000000000000000000011110000000
000000000000000000000000000000000000000000000000000000000000011110000000
111000000000000000001100000000000010000001111100000000000000011110000000
111110000000000001111100000000111110000111111111100000000000011110000000
111111000000001111111100000111111110001111111111110000000001111111111111
011111100000000011111100000001111110011100001111110000000111111111111110
001111100000000001111100000000011111110000000111111000000100111110000000
000111100000000000111100000000011111000000000011111000000000011110000000
000111100000000000111100000000011111000000000001111000000000011110000000
000111110000000000111100000000011110000000000001111000000000011110000000
000011110000000000111100000000011110000000000001111000000000011110000000
011111110000000000111100000000011110000000000001111000000000011110000000
