000000000000000000000000000000000000000000000000000000000000000000000000
000000000000000000000000000000000000000000000000000000000000000000000000
000000000000000000000000000000000000000000000000000000000000000000000000
000000000000000000000000000000000000000000000000000000000000000000000000
000000000000000000000000000000000000000000000000000000000000000000000000
000000000000000000000000000000000000000000000000000000000000000000000000
000000000000000000000000000000000000000000000000000000000000000000000000
000000000000000000000000000000000000000000000000000000000000000000000000
000000000000000000000000000000000000000000000000000000000000000000000000
000000000000000000000000000000000000000000000000000000000000000000000000
000000000000000000000000000000000000000000000000000000000000000000000000
000000000000000000000000000000000000000000000000000000000000000000000000
000000000000000000000000000000000000000000000000000000000000000000000000
000000000000000000000000000000000000000000000000000000000000000000000000
000000000000000000000000000000000000000000000000000000000000000000000000
000000000000000000000000000000000000000000000000000000000000000000000000
000000000000000000000000000000000000000000000000000000000000000000000000
000000000000000000000000000000000000000000000000000000000000000000000000
000000000000000000000000000000000000000000000000000000000000000000000000
000000000000000000000000000000000000000000000000000000000000000000000000
111110000000000000000000000000000000000000000000000000000000000000011111
111111100000000111111111110000001111111110000000000000000000000011111111
111111110000000001111110000000000001111000000000000000000000000111111111
001111111000000000111110000000000001110000000000000000000000011110000001
000011111000000000111110000000000001110000000000000000000000011100000000
000001111000000000011110000000000001100000000000000000000000011000000000
000001111100000000011111000000000011100000000000000000000000001000000000
000001111100000000001111000000000011000000000000000000000000000000000000
000000111100000000001111100000000111000000000000000000000000000000000000
000000111100000000001111100000000110000000000000000000000000000000000000
000000111100000000000111100000000110000000000000000000000000000000011111
000000111100000000000111110000001100000000000000000000000000000011111100
000000111100000000000011110000001100000000000000000000000000001111000000
000000111100000000000011110000011000000000000000000000000000011110000000
000000111100000000000001111000011000000000000000000000000000111100000000
000000111100000000000001111000011000000000000000000000000000111100000000
000000111100000000000001111100110000000000000000000000000001111100000000
000000111100000000000000111100110000000000000000000000000001111100000000
000000111100000000000000111111100000000000000000000000000001111100000000
000000111100000000000000011111100000000000000000000000000000111100000000
000000111100000000000000011111000000000000000000000000000000111110000011
000000111100000000000000011111000000000000000000000000000000111111111110
000000111111110000000000001111000000000000000000000000000000011111111000
000000100000100000000000001110000000000000000000000000000000000111110000
000000000000000000000000001110000000000000000000000000000000000000000000
000000000000000000000000001100000000000000000000000000000000000000000000
000000000000000000000000001100000000000000000000000000000000000000000000
000000000000000000000000011000000000000000000000000000000000000000000000
000000000000000000000000011000000000000000000000000000000000000000000000
000000000000000000000000011000000000000000000000000000000000000000000000
000000000000000000000000110000000000000000000000000000000000000000000000
000000000000000000000000110000000000000000000000000000000000000000000000
000000000000000000000001100000000000000000000000000000000000000000000000
000000000000000001000011100000000000000000000000000000000000000000000000
000000000000000011111111000000000000000000000000000000000000000000000000
000000000000000011111110000000000000000000000000000000000000000000000000
000000000000000011111100000000000000000000000000000000000000000000000000
000000000000000000100000000000000000000000000000000000000000000000000000
000000000000000000000000000000000000000000000000000000000000000000000000
000000000000000000000000000000000000000000000000000000000000000000000000
000000000000000000000000000000000000000000000000000000000000000000000000
000000000000000000000000000000000000000000000000000000000000000000000000
000000000000000000000000000000000000000000000000000000000000000000000000
000000000000000000000000000000000000000000000000000000000000000000000000
000000000000000000000000000000000000000000000000000000000000000000000000
000000000000000000000000000000000000000000000000000000000000000000000000
000000000000000000000000000000000000000000000000000000000000000000000000
000000000000000000000000000000000000000000000000000000000000000000000000
000000000000000000000000000000000000000000000000000000000000000000000000
000000000000000000000000000000000000000000000000000000000000000000000000
000000000000000000000000000000000000000000000000000000000000000000000000
000000000000000000000000000000000000000000000000000000000000000000000000
000000000000000000000000000000000000000000000000000000000000000000000000
000000000000000000000000000000000000000000000000000000000000000000000000
000000000000000000000000000000000000000000000000000000000000000000000000
000000000000000000000000000000000000000000000000000000000000000000000000
000000000000000000000000000000000000000000000000000000000000000000000000
000000000000000000000000000000000000000000000000000000000000000000000000
000000000000000000000000000000000000000000000000000000000000000000000000
000000000000000000000000000000000000000000000000000000000000000000000000
000000000000000000000000000000000000000000000000000000000000000000000000
000000000000000000000000000000000000000000000000000000000000000000000000
000000000000000000000000000000000000000000000000000000000000000000000000
000000000000000011111000000000000000001000000111110000000000000000000000
000000000000011111111110000000000001111100011111111100000000000000000011
111111000001111111111111000000011111111100111111111110000000000000001111
111110000011100000011111100000011111111101110001111111000000000000111100
111110000011000000001111100000000001111111000000011111100000000001110000
000000000011000000000111110000000001111110000000001111100000000011110000
000000000010000000000011110000000001111100000000000111100000000111100000
000000000000000000000011110000000001111100000000000111110000000111100000
000000000000000000000011110000000001111100000000000111110000001111000000
000000000000000000000111110000000001111100000000000111110000001111000000
000000000000000011111111110000000001111100000000000111110000001111000000
000000000000011111100011110000000001111100000000000111110000001111000000
000000000001111000000011110000000001111100000000000111110000001111000000
000000000111110000000011110000000001111100000000000111110000001111000000
000000000111100000000011110000000001111100000000000111110000001111000000
000000001111000000000011110000000001111100000000000111110000001111100000
000000001111000000000011110000000001111100000000000111110000001111100000
000000001111000000000011110000000001111100000000000111110000001111110000
000000001111000000000111110000000001111100000000000111110000000111110000
000000001111100000001111110000000001111100000000000111110000000111111000
000010001111100000011011110000000001111100000000000111110000000011111100
111110001111111111100011110000000001111100000000000111110000000001111111
111100000111111111000011111110011111111111100000000111111110000000111111
111000000001111110000011111110011111111111100000000011111110000000001111
000000000000000000000000000000000000000000000000000000000000000000000000
000000000000000000000000000000000000000000000000000000000000000000000000
000000000000000000000000000000000000000000000000000000000000000000000000
000000000000000000000000000000000000000000000000000000000000000000000000
000000000000000000000000000000000000000000000000000000000000000000000000
000000000000000000000000000000000000000000000000000000000000000000000000
000000000000000000000000000000000000000000000000000000000000000000000000
000000000000000000000000000000000000000000000000000000000000000000000000
000000000000000000000000000000000000000000000000000000000000000000000000
000000000000000000000000000000000000000000000000000000000000000000000000
000000000000000000000000000000000000000000000000000000000000000000000000
000000000000000000000000000000000000000000000000000000000000000000000000
000000000000000000000000000000000000000000000000000000000000000000000000
000000000000000000000000000000000000000000000000000000000000000000000000
000000000000000000000000000000000000000000000000000000000000000000000000
000000000000000000000000000000000000000000000000000000000000000000000000
000000000000000000000000000000000000000000000000000000000000000000000000
000000000000000000000000000000000000000000000000000000000000000000000000
000000000000000000000000000000000000000000000000000000000000000000000000
000000000000000000000000000000000000000000000000000000000000000000000000
000000000000000000000000000000000000000000000000000000000000000000000000
000000000000000000000000000000000000000000000000000000000000000000000000
000000000000000000000000000000000000000000000000000000000000000000000000
000000000000000000000000000000000000000000000000000000000000000000000000
000000000000000000000000000000000000000000000000000000000000000000000000
000000000000000000000000000000000000000000000000000000000000000000000000
000000000000000000000000000000000000000000000000000000000000000000000000
000000000000000000000000000000000000000000000000000000000000000000000000
000000000000000000000000000000000000000000000000000000000000000000000000
000000000000000000000000000000000000000000000000000000000000000000000000
000000000000000000000000000000000000000000000000000000000000000000000000
000000000000000000000000000000000000000000000000000000000000000000000000
000000000000000000000000000000000000000000000000000000000000000000000000
000000000000000000000000000000000000000000000000000000000000000000000000
000000000000000000000000000000000000000000000000000000000000000000000000
000000000000000000000000000000000000000000000000000000000000000000000000
000000000000000000000000000000000000000000000000000000000000000000000000
000000000000000000000000000000000000000000000000000000000000000000000000
000000000000000000000000000000000000000000000000000000000000000000000000
000000000000000000000000000000000000000000000000000000000000000000000000
000000011100001111111100000001111111100000000000000011111111110000000000
001111111100011111111110000011111111110000000000000111111111111000000001
001111111100111111111111000111111111111000000000011100000111111100000011
000001111111100000011111011100000011111000000000011000000001111100000000
000000111111000000001111111000000001111100000000011000000000111110000000
000000111110000000001111110000000001111100000000010000000000111110000000
000000111100000000000111100000000000111100000000000000000000011110000000
000000111100000000000111100000000000111100000000000000000000011110000000
000000111100000000000111100000000000111100000000000000000000011110000000
000000111100000000000111100000000000111100000000000000001111111110000000
000000111100000000000111100000000000111100000000000011111110011110000000
000000111100000000000111100000000000111100000000001111100000011110000000
000000111100000000000111100000000000111100000000011110000000011110000000
000000111100000000000111100000000000111100000000111100000000011110000000
000000111100000000000111100000000000111100000001111000000000011110000000
000000111100000000000111100000000000111100000001111000000000011110000000
000000111100000000000111100000000000111100000001111000000000011110000000
000000111100000000000111100000000000111100000001111000000000111110000000
000000111100000000000111100000000000111100000001111000000001111110000000
000000111100000000000111100000000000111100000001111100000011011110000000
000000111100000000000111100000000000111100000001111111011110011110000000
001111111111110001111111111110000000111111110000111111111000011111110001
001111111111110001111111111110000000111111110000011111110000011111110011
000000000000000000000000000000000000000000000000000000000000000000000000
000000000000000000000000000000000000000000000000000000000000000000000000
000000000000000000000000000000000000000000000000000000000000000000000000
000000000000000000000000000000000000000000000000000000000000000000000000
000000000000000000000000000000000000000000000000000000000000000000000000
000000000000000000000000000000000000000000000000000000000000000000000000
000000000000000000000000000000000000000000000000000000000000000000000000
000000000000000000000000000000000000000000000000000000000000000000000000
000000000000000000000000000000000000000000000000000000000000000000000000
