000000000000000000000000000000000000000000000000000000000000000000000000
000000000000000000000000000000000000000000000000000000000000000000000000
000000000000000000000000000000000000000000000000000000000000000000000000
000000000000000000000000000000000000000000000000000000000000000000000000
000000000000000000000000000000000000000000000000000000000000000000000000
000000000000000000000000000000000000000000000000000000000000000000000000
000000000000000000000000000000000000000000000000000000000000000000000000
000000000000000000000000000000000000000000000000000000000000000000000000
000000000000000000000000000000000000000000000000000000000000000000000000
000000000000000000000000000000000000000000000000000000000000000000000000
000000000000000000000000000000000000000000000000000000000000000000000000
000000000000000000000000000000000000000000000000000000000000000000000000
000000000000000000000000000000000000000000000000000000000000000000000000
000000000000000000000000000000000000000000000000000000000000000000000000
000000000000000000000000000000000000000000000000000000000000000000000000
000000000000000000000000000000000000000000000000000000000000000000000000
000000000000000000000000000000000000000000000000000000000000000000000000
000000000000000000000000000000000000000000000000000000000000000000000000
000000000000000000000000000000000000000000000000000000000000000000000000
000000000000000000000000000000000000000000000000000000000000000000000000
000000000000000000000000000000000000000000000000000000000000000000000000
000000000000000000000000000000000000000000000000000000000000000000000000
000000000000000000000000000000000000000000000000000000000000000000000000
000000000000000000000000000000000000000000000000000000000000000000000000
000000000000000000000000000000000000000000000000000000000000000000000000
000000000000000000000000000000000000000000000000000000000000000000000000
000000000000000000000000000000000000000000000000000000000000000000000000
000000000000000000000000000000000000000000000000000000000000000000000000
000000000000000000000000000000000000000000000000000000000000000000000000
000000000000000000000000000000000000000000000000000000000000000000000000
000000000000000000000000000000000000000000000000000000000000000000000000
000000000000000000000000000000000000000000000000000000000000000000000000
000000000000000000000000000000000000000000000000000000000000000000000000
000000000000000000000000000000000000000000000000000000000000000000000000
000000000000000000000000000000000000000000000000000000000000000000000000
000000000000000000000000000000000000000000000000000000000000000000000000
000000000000000000000000000000000000000000000000000000000000000000000000
000000000000001111000000000000000000000000000000000000000000000000000000
000000000011111111000000000000000000000000000000000000000000000000001111
000000000011111111000000000000000000000000000000000000000000000000001111
000000000000001111000000000000000000000000000000000000000000000000000001
000000000000001111000000000000000000000000000000000000000000000000000000
011000000000001111000000000000000000000000000000000000000000000000000000
111000000000001111000000000000000000000000000000000000000000000000000000
111000000000001111000000000000000000000000000000000000000000000000000000
111000000000001111000000000000000000000000000000000000000000000000000000
111000000000001111000000000000000000000000000000000000000000000000000000
110000000000001111000000000000000000000000000000000000000000000000000000
110000000000001111000000000000000000000000000000000000000000000000000000
110000000000001111000000111100000000000000000000000000000000000011110000
110000000000001111000011111111100000000000000000000000000000011111111111
111111111000001111000111111111110000000000000000000000000001111111111111
111111111000001111001110001111111000000000000000000000000111100000001111
111111110000001111111000000011111000000000000000000000001110000000000011
110000000000001111100000000001111100000000000000000000011110000000000001
110000000000001111100000000001111100000000000000000000111100000000000000
110000000000001111000000000000111100000000000000000000111100000000000000
110000000000001111000000000000111100000000000000000001111000000000000000
110000000000001111000000000000111100000000000000000001111000000000000000
110000000000001111000000000000111100000000000000000001111000000000000000
110000000000001111000000000000111100000000000000000001111000000000000000
110000000000001111000000000000111100000000000000000001111000000000000000
110000000000001111000000000000111100000000000000000001111000000000000000
110000000000001111000000000000111100000000000000000001111100000000000000
110000000000001111000000000000111100000000000000000001111100000000000001
110000000000001111000000000000111100000000000000000001111100000000000001
110000000000001111000000000000111100000000000000000000111110000000000001
111000000000001111000000000000111100000000000000000000111110000000000011
111000000000001111000000000000111100000000000000000000111111000000000111
111000010000001111000000000000111100000000000000000000011111110000001100
111111110000001111100000000000111110000000000000000000001111111111111000
111111100011111111111100000000111111110000000000000000000111111111110000
111111000011111111111100000000111111110000000000000000000001111111100000
000000000000000000000000000000000000000000000000000000000000000000000000
000000000000000000000000000000000000000000000000000000000000000000000000
000000000000000000000000000000000000000000000000000000000000000000000000
000000000000000000000000000000000000000000000000000000000000000000000000
000000000000000000000000000000000000000000000000000000000000000000000000
000000000000000000000000000000000000000000000000000000000000000000000000
000000000000000000000000000000000000000000000000000000000000000000000000
000000000000000000000000000000000000000000000000000000000000000000000000
000000000000000000000000000000000000000000000000000000000000000000000000
000000000000000000000000000000000000000000000000000000000000000000000000
000000000000000000000000000000000000000000000000000000000000000000000000
000000000000000000000000000000000000000000000000000000000000000000000000
000000000000000000000000000000000000000000000000000000000000000000000000
000000000000000000000000000000000000000000000000000000000000000000000000
000000000000000000000000000000000000000000000000000000000000000000000000
000000000000000000000000000000000000000000000000000000000000000000000000
000000000000000000000000000000000000000000000000000000000000000000000000
000000000000000000000000000000000000000000000000000000000000000000000000
000000000000000000000000000000000000000000000000000000000000000000000000
000000000000000000000000000000000000000000000000000000000000000000000000
000000000000000000000000000000000000000000000000000000000000000000000000
000000000000000000000000000000000000000000000000000000000000000000000000
000000000000000000000000000000000000000000000000000000000000000000000000
000000000000000000000000000000000000000000000000000000000000000000000000
000000000000000000000000000000000000000000000000000000000000000000000000
000000000000000000000000000000000000000000000000000000000000000000000000
000000000000000000000000000000000000000000000000000000000000000000000000
000000000000000000000000000000000000000000000000000000000000000000000000
000000000000000000000000000000000000000000000000000000000000000000000000
000000000000000000000000000000000000000000000000000000000000000000000000
000000000000000011000000000000011100000000000000000000000000000000000000
000000000000000111111111111111111111110000000000000000000000000000000000
000000000000000000011111111000001111111100000000000000000000000000000000
000000000000000000001111100000000001111110000000000000000000000000000000
000000000000000000001111100000000000111111000000000000000000000000000000
000000000000000000001111100000000000011111000000000000000000000000000000
000000000000000000001111100000000000011111100000000000000000000000000000
000000000000000000001111100000000000001111100000000000000000000000000000
000000000000000000001111100000000000001111100000000000000000000000000000
000000000000000000001111100000000000001111100000000000000000000000000000
000000000000000000001111100000000000001111100000000000000000000000000000
000000000000000000001111100000000000001111000000000000000000000000000000
000000000000000000001111100000000000011111000000001111000011111000000000
000000000000000000001111100000000000011110000011111111001111111000000011
000000000000000000001111100000000000111110000111111111001111111000000111
000000000000000000001111100000000001111100000000011111011111111000001110
000000000000000000001111100000000011111000000000011111110000110000011100
000000000000000000001111100011111111100000000000011111100000010000111100
000000000000000000001111100011111100000000000000011111000000000000111100
000000000000000000001111100000000000000000000000011111000000000001111100
000000000000000000001111100000000000000000000000011111000000000001111000
000000000000000000001111100000000000000000000000011111000000000001111000
000000000000000000001111100000000000000000000000011111000000000001111000
000000000000000000001111100000000000000000000000011111000000000001111000
000000000000000000001111100000000000000000000000011111000000000001111000
000000000000000000001111100000000000000000000000011111000000000001111000
000000000000000000001111100000000000000000000000011111000000000001111100
000000000000000000001111100000000000000000000000011111000000000001111100
000000000000000000001111100000000000000000000000011111000000000001111100
000000000000000000001111100000000000000000000000011111000000000000111110
000000000000000000001111100000000000000000000000011111000000000000111110
000000000000000000001111100000000000000000000000011111000000000000011111
000000000000000000001111100000000000000000000000011111000000000000001111
000000000000000011111111111110000000000000000011111111111000000000000111
000000000000000111111111111111000000000000000111111111111100000000000011
000000000000000000000000000000000000000000000000000000000000000000000000
000000000000000000000000000000000000000000000000000000000000000000000000
000000000000000000000000000000000000000000000000000000000000000000000000
000000000000000000000000000000000000000000000000000000000000000000000000
000000000000000000000000000000000000000000000000000000000000000000000000
000000000000000000000000000000000000000000000000000000000000000000000000
000000000000000000000000000000000000000000000000000000000000000000000000
000000000000000000000000000000000000000000000000000000000000000000000000
000000000000000000000000000000000000000000000000000000000000000000000000
000000000000000000000000000000000000000000000000000000000000000000000000
000000000000000000000000000000000000000000000000000000000000000000000000
000000000000000000000000000000000000000000000000000000000000000000000000
000000000000000000000000000000000000000000000000000000000000000000000000
000000000000000000000000000000000000000000000000000000000000000000000000
000000000000000000000000000000000000000000000000000000000000000000000000
000000000000000000000000000000000000000000000000000000000000000000000000
000000000000000000000000000000000000000000000000000000000000000000000000
000000000000000000000000000000000000000000000000000000000000000000000000
000000000000000000000000000000000000000000000000000000000000000000000000
000000000000000000000000000000000000000000000000000000000000000000000000
000000000000000000000000000000000000000000000000000000000000000000000000
000000000000000000000000000000000000000000000000000000000000000000000000
000000000000000000000000000000000000000000000000000000000000000000000000
000000000000000000000000000000000000000000000000000000000000000000000000
000000000000000000000000000000000000000000000000000000000000000000000000
000000000000000000000000000000000000000000000000000000000000000000000000
000000000000000000000000000000000000000000000000000000000000000000000000
000000000000000000000000000000000000000000000000000000000000000000000000
000000000000000000000000000000000000000000000000000000000000000000000000
000000000000000000000000000000000000000000000000000000000000000000000011
000000000000000000000000000000000000000000000000000000000000000000000111
000000000000000000000000000000000000000000000000000000000000000000000111
000000000000000000000000000000000000000000000000000000000000000000000111
000000000000000000000000000000000000000000000000000000000000000000000011
000000000000000000000000000000000000000000000000000000000000000000000000
000000000000000000000000000000000000000000000000000000000000000000000000
000000000000000000000000000000000000000000000000000000000000000000000000
000000000000000000000000000000000000000000000000000000000000000000000000
000000000000000000000000000000000000000000000000000000000000000000000000
000000000000000000000000000000000000000000000000000000000000000000000000
011111111000000000000000001111111100000000000000000000111111100000000000
