111111100000001110000000000000000000000000000011111111111111111111111111
000000000000000000000000000000000000000000000000000000000000000000000000
000000000000000000000000000000000000000000000000000000000000000000000000
000000000000000000000000000000000000000000000000000000000000000000000000
000000000000000000000000000000000000000000000000000000000000000000000000
000000000000000000000000000000000000000000000000000000000000000000000000
000000000000000000000000000000000000000000000000000000000000000000000000
000000000000000000000000000000000000000000000000000000000000000000000000
000000000000000000000000000000000000000000000000000000000000000000000000
000000000000000000000000000000000000000000000000000000000000000000000000
000000000000000000000000000000000000000000000000000000000000000000000000
000000000000000000000000000000000000000000000000000000000000000000000000
000000000000000000000000000000000000000000000000000000000000000000000000
000000000000000000000000000000000000000000000000000000000000000000000000
000000000000000000000000000000000000000000000000000000000000000000000000
000000000000000000000000000000000000000000000000000000000000000000000000
000000000000000000000000000000000000000000000000000000000000000000000000
000000000000000000000000000000000000000000000000000000000000000000000000
000000000000000000000000000000000000000000000000000000000000000000000000
000000000000000000000000000000000000000000000000000000000000000000000000
000000000000000000000000000000000000000000000000000000000000000000000000
000000000000000000000000000000000000000000000000000000000000000000000000
000000000000000000000000000000000000000000000000000000000000000000000000
000000000000000000000000000000000000000000000000000000000000000000000000
000000000000000000000000000000000000000000000000000000000000000000000000
000000000000000000000000000000000000000000000000000000000000000000000000
000000000000000000000000000000000000000000000000000000000000000000000000
000000000000000000000000000000000000000000000000000000000000000000000000
000000000000000000000000000000000000000000000000000000000000000000111000
000000000000000000000000000000011111100000000000000000111110011111111000
000000000000000000000000000000011111111111111111111111111111011111111000
000000000000000000000000000000011111111111111111111111111110000011111000
000000000000000000000000000000011000000000011111000000000110000001111000
000000000000000000000000000000011000000000011111000000000110000001111000
000000000000000000000000000000011000000000011111000000000010000001111000
000000000000000000000000000000011000000000011111000000000010000001111000
000000000000000000000000000000011000000000011111000000000010000001111000
000000000000000000000000000000000000000000011111000000000000000001111000
000000000000000000000000000000000000000000011111000000000000000001111000
000000000000000000000000000000000000000000011111000000000000000001111000
000000000000000000000000000000000000000000011111000000000000000001111000
000000000000000000000000000000000000000000011111000000000000000001111000
000000000000000000000000000000000000000000011111000000000000000001111000
000000000000000000000000000000000000000000011111000000000000000001111001
000000000000000000000000000000000000000000011111000000000000000001111011
000000000000000000000000000000000000000000011111000000000000000001111110
000000000000000000000000000000000000000000011111000000000000000001111100
000000000000000000000000000000000000000000011111000000000000000001111000
000000000000000000000000000000000000000000011111000000000000000001111000
000000000000000000000000000000000000000000011111000000000000000001111000
000000000000000000000000000000000000000000011111000000000000000001111000
000000000000000000000000000000000000000000011111000000000000000001111000
000000000000000000000000000000000000000000011111000000000000000001111000
000000000000000000000000000000000000000000011111000000000000000001111000
000000000000000000000000000000000000000000011111000000000000000001111000
000000000000000000000000000000000000000000011111000000000000000001111000
000000000000000000000000000000000000000000011111000000000000000001111000
000000000000000000000000000000000000000000011111000000000000000001111000
000000000000000000000000000000000000000000011111000000000000000001111000
000000000000000000000000000000000000000000011111000000000000000001111000
000000000000000000000000000000000000000000011111000000000000000001111000
000000000000000000000000000000000000000000111111000000000000000001111000
000000000000000000000000000000000000000111111111111100000000011111111111
000000000000000000000000000000000000001111111111111110000000011111111111
000000000000000000000000000000000000000000000000000000000000000000000000
000000000000000000000000000000000000000000000000000000000000000000000000
000000000000000000000000000000000000000000000000000000000000000000000000
000000000000000000000000000000000000000000000000000000000000000000000000
000000000000000000000000000000000000000000000000000000000000000000000000
000000000000000000000000000000000000000000000000000000000000000000000000
000000000000000000000000000000000000000000000000000000000000000000000000
000000000000000000000000000000000000000000000000000000000000000000000000
000000000000000000000000000000000000000000000000000000000000000000000000
000000000000000000000000000000000000000000000000000000000000000000000000
000000000000000000000000000000000000000000000000000000000000000000000000
000000000000000000000000000000000000000000000000000000000000000000000000
000000000000000000000000000000000000000000000000000000000000000000000000
000000000000000000000000000000000000000000000000000000000000000000000000
000000000000000000000000000000000000000000000000000000000000000000000000
000000000000000000000000000000000000000000000000000000000000000000000000
000000000000000000000000000000000000000000000000000000000000000000000000
000000000000000000000000000000000000000000000000000000000000000000000000
000000000000000000000000000000000000000000000000000000000000000000000000
000000000000000000000000000000000000000000000000000000000000000000000000
000000000000000000000000000000000000000000000000000000000000000000000000
000000000000000000000000000000000000000000000000000000000000000000000000
000000000000000000000000000000000000000000000000000000000000000000000000
000000000000000000000000000000000000000000000000000000000000000000000000
000000000000000000000000000000000000000000000000000000000000000000000000
000000000000000000000000000000000000000000000000000000000000000000000000
000000000000000000000000000000000000000000000000000000000000000000000000
000000000000000000000000000000000000000000000000000000000000000000000000
000000000000000000000000000000000000000000000000000000000000000000000000
000000000000000000000000000000000000000000000000000000000000000000000000
000000000000000000000000000000000000000000000000000000000000000000000000
000000000000000000000000000000000000000000000000000000000000000000000000
000000000000000000000000000000000000000000000000000000000000000000000000
000000000000000000000000000000000000000000000000000000000000000000000000
000000000000000000000000000000000000000000000000000000000000000000000000
000000000000000000000000000000000000000000000000000000000000000000000000
000000000000000000000000000000000000000000000000000000000000000000000000
000000000000000000000000000000000000000000000000000000000000000000000000
000000000000000000000000000000000000000000000000000000000000000000000000
000000000000000000000000000000000000000000000000000000000000000000000000
000000000000000000000111000011111110000000011111110000000000000000001111
000000000000000001111111001111111111000001111111111000000000000000111100
000000000000000111111111011111111111100011111111111100000000000011110000
000000000000000000011111111000001111110111000001111110000000000111100000
000000000000000000011111100000000111111100000000111110000000001111000000
000000000000000000011111000000000011111000000000011110000000001110000000
000000000000000000011111000000000011111000000000011110000000011110000000
000000000000000000011111000000000011111000000000011111000000011110000000
000000000000000000011111000000000011111000000000011111000000111110000000
000000000000000000011111000000000011111000000000011111000000111110000000
000000000000000000011111000000000011111000000000011111000000111110000000
000000000000000000011111000000000011111000000000011111000000111110000000
000000000000000000011111000000000011111000000000011111000000111110000000
000000000000000000011111000000000011111000000000011111000000111110000000
000000000000000000011111000000000011111000000000011111000000111110000000
000000000000000000011111000000000011111000000000011111000000111110000000
000000000000000000011111000000000011111000000000011111000000011111000000
000000000000000000011111000000000011111000000000011111000000011111000000
000000000000000000011111000000000011111000000000011111000000011111100000
000000000000000000011111000000000011111000000000011111000000001111100000
000000000000000000011111000000000011111000000000011111000000000111110000
000000000000000000111111100000000111111100000000011111100000000011111000
000000000000000111111111111100111111111111100000011111111100000001111111
000000000000000000000000000000000000000000000000000000000000000000011111
000000000000000000000000000000000000000000000000000000000000000000000000
000000000000000000000000000000000000000000000000000000000000000000000000
000000000000000000000000000000000000000000000000000000000000000000000000
000000000000000000000000000000000000000000000000000000000000000000000000
000000000000000000000000000000000000000000000000000000000000000000000000
000000000000000000000000000000000000000000000000000000000000000000000000
000000000000000000000000000000000000000000000000000000000000000000000000
000000000000000000000000000000000000000000000000000000000000000000000000
000000000000000000000000000000000000000000000000000000000000000000000000
000000000000000000000000000000000000000000000000000000000000000000000000
000000000000000000000000000000000000000000000000000000000000000000000000
000000000000000000000000000000000000000000000000000000000000000000000000
000000000000000000000000000000000000000000000000000000000000000000000000
000000000000000000000000000000000000000000000000000000000000000000000000
000000000000000000000000000000000000000000000000000000000000000000000000
000000000000000000000000000000000000000000000000000000000000000000000000
000000000000000000000000000000000000000000000000000000000000000000000000
000000000000000000000000000000000000000000000000000000000000000000000000
000000000000000000000000000000000000000000000000000000000000000000000000
000000000000000000000000000000000000000000000000000000000000000000000000
000000000000000000000000000000000000000000000000000000000000000000000000
000000000000000000000000000000000000000000000000000000000000000000000000
000000000000000000000000000000000000000000000000000000000000000000000000
000000000000000000000000000000000000000000000000000000000000000000000000
000000000000000000000000000000000000000000000000000000000000000000000000
000000000000000000000000000000000000000000000000000000000000000000000000
000000000000000000000000000000000000000000000000000000000000000000000000
000000000000000000000000000000000000000000000000000000000000000000000000
000000000000000000000000000000000000000000000000000000000000000000000000
000000000000000000000000000000000000000000000000000000000000000000000000
000000000000000000000000000000000000000000000000000000000000000000000000
000000000000000000000000000000000000000000000000000000000000000000000000
000000000000000000000000000000000000000000000000000000000000000000000000
000000000000000000000000000000000000000000000000000000000000000000000000
000000000000000000000000000000000000000000000000000000000000000000000000
000000000000000000000000000000000000000000000000000000000000000000000000
000000000000000000000000000000000000000000000000000000000000000000000000
000000000000000000000000000000000000000000000000000000000000000000000000
000000000000000000000000000000000000000000000000000000000000000000000000
000000000000000000000000000000000000000000000000000000000000000000000000
000000000000000000000000000000000000000000000000000000000000000000000000
110000000000000000000000000000000000111111000000000000000000000000000000
111110000000000000000000000000000011111111111000000000000000000000000000
011110000000000000000000000000001111111111111000000000000000000000000000
001110000000000000000000000000011100000011111100000000000000000000000000
000110000000000000000000000000011000000000111100000000000000000000000000
000110000000000000000000000000010000000000111110000000000000000000000000
000110000000000000000000000000010000000000011110000000000000000000000000
000000000000000000000000000000000000000000011110000000000000000000000000
000000000000000000000000000000000000000000011110000000000000000000000000
000000000000000000000000000000000000000001111110000000000000000000000000
