110000001111111111100000011111111100000000000000000000000000000000000000
111000000011111100000000000011100000000000000000000000000000000000000000
111100000001111100000000000011100000000000000000000000000000000000000000
111100000001111100000000000111000000000000000000000000000000000000000000
111110000000111100000000000110000000000000000000000000000000000000000000
011110000000111110000000000110000000000000000000000000000000000000000000
011110000000111110000000001110000000000000000000000000000000000000000000
011110000000011110000000001100000000000000000000000000000000000000000000
011110000000011111000000011100000000000000000000000000000000000000000000
111110000000001111000000011000000000000000000000000000000000000000000000
000000000000001111000000011000000000000000000000000000000000000000000000
000000000000001111100000110000000000000000000000000000000000000000000000
000000000000000111100000110000000000000000000000000000000000000000000000
000000000000000111110001100000000000000000000000000000000000000000000000
000000000000000011110001100000000000000000000000000000000000000000000000
000000000000000011110001100000000000000000000000000000000000000000000000
000000000000000001111011000000000000000000000000000000000000000000000000
000000000000000001111111000000000111100000000000000000000000000000000000
000110000000000001111110000000000111110000000000000000000000000000000000
011100000000000000111110000000001111110000000000000000000000000000000000
111100000000000000111100000000000111110000000000000000000000000000000000
110000000000000000011100000000000111100000000000000000000000000000000000
000000000000000000011100000000000000000000000000000000000000000000000000
000000000000000000011000000000000000000000000000000000000000000000000000
000000000000000000011000000000000000000000000000000000000000000000000000
000000000000000000110000000000000000000000000000000000000000000000000000
000000000000000000110000000000000000000000000000000000000000000000000000
000000000000000000100000000000000000000000000000000000000000000000000000
000000000000000001100000000000000000000000000000000000000000000000000000
000000000000000001100000000000000000000000000000000000000000000000000000
000000000000000011000000000000000000000000000000000000000000000000000000
000000000000000111000000000000000000000000000000000000000000000000000000
000000000110001110000000000000000000000000000000000000000000000000000000
000000000111111100000000000000000000000000000000000000000000000000000000
000000000111111000000000000000000000000000000000000000000000000000000000
000000000111110000000000000000000000000000000000000000000000000000000000
000000000000000000000000000000000000000000000000000000000000000000000000
000000000000000000000000000000000000000000000000000000000000000000000000
000000000000000000000000000000000000000000000000000000000000000000000000
000000000000000000000000000000000000000000000000000000000000000000000000
000000000000000000000000000000000000000000000000000000000000000000000000
000000000000000000000000000000000000000000000000000000000000000000000000
000000000000000000000000000000000000000000000000000000000000000000000000
000000000000000000000000000000000000000000000000000000000000000000000000
000000000000000000000000000000000000000000000000000000000000000000000000
000000000000000000000000000000000000000000000000000000000000000000000000
000000000000000000000000000000000000000000000000000000000000000000000000
000000000000000000000000000000000000000000000000000000000000000000000000
000000000000000000000000000000000000000000000000000000000000000000000000
000000000000000000000000000000000000000000000000000000000000000000000000
000000000000000000000000000000000000000000000000000000000000000000000000
000000000000000000000000000000000000000000000000000000000000000000000000
000000000000000000000000000000000000000000000000000000000000000000000000
000000000000000000000000000000000000000000000000000000000000000000000000
000000000000000000000000000000000000000000000000000000000000000000000000
000000000000000000000000000000000000000000000000000000000000000000000000
000000000000000000000000000000000000000000000000000000000000000000000000
000000000000000000000000000000000000000000000000000000000000000000000000
000000000000000000000000000000000000000000000000000000000000000000000000
000000000000000000000000000000000000000000000000000000000000000000000000
000000000000000000000000000000000000000000000000000000000000000000000000
000000000000000000000000000000000000000000000000000000000000000000000000
000000000000000000000000000000000000000000000000000000000000000000000000
000000000000000000000000000000000000000000000000000000000000000000000000
000000000001000000000000000100000000000000000111111000000000000000011111
000000011111000000000001111100000000000000111111111110000000000011111111
000011111111000000001111111100000000000001111111111111000000000111111111
000000011111000000000011111100000000000111000000011110000000011110000000
000000001111000000000000111100000000001110000000000110000000111000000000
000000001111000000000000111100000000011100000000000110000001110000000000
000000001111000000000000111100000000111100000000000010000011110000000000
000000001111000000000000111100000000111000000000000010000011110000000000
000000001111000000000000111100000001111000000000000000000111100000000000
000000001111000000000000111100000001111000000000000000000111100000000000
000000001111000000000000111100000001111000000000000000000111100000000000
000000001111000000000000111100000001111000000000000000000111100000000000
000000001111000000000000111100000001111000000000000000000111100000000000
100000001111000000000000111100000001111000000000000000000111100000000000
100000001111000000000000111100000001111000000000000000000111110000000000
110000001111000000000000111100000001111100000000000000000111110000000000
110000001111000000000000111100000001111100000000000000000111110000000000
100000001111100000000001111100000001111110000000000000000011111000000000
100000001111100000000001111100000000111110000000000000000011111000000000
100000000111100000000011111100000000111111000000000000000001111100000000
000000000111111000001100111100000000011111100000000000000001111111000000
000000000111111111111000111110000000001111111100001111000000111111110000
000000000011111111110000111111110000000111111111111110000000001111111111
000000000000111111000000100000010000000001111111111000000000000111111111
000000000000000000000000000000000000000000000000000000000000000000000000
000000000000000000000000000000000000000000000000000000000000000000000000
000000000000000000000000000000000000000000000000000000000000000000000000
000000000000000000000000000000000000000000000000000000000000000000000000
000000000000000000000000000000000000000000000000000000000000000000000000
000000000000000000000000000000000000000000000000000000000000000000000000
000000000000000000000000000000000000000000000000000000000000000000000000
000000000000000000000000000000000000000000000000000000000000000000000000
000000000000000000000000000000000000000000000000000000000000000000000000
000000000000000000000000000000000000000000000000000000000000000000000000
000000000000000000000000000000000000000000000000000000000000000000000000
000000000000000000000000000000000000000000000000000000000000000000000000
000000000000000000000000000000000000000000000000000000000000000000000000
000000000000000000000000000000000000000000000000000000000000000000000000
000000000000000000000000000000000000000000000000000000000000000000000000
000000000000000000000000000000000000000000000000000000000000000000000000
000000000000000000000000000000000000000000000000000000000000000000000000
000000000000000000000000000000000000000000000000000000000000000000000000
000000000000000000000000000000000000000000000000000000000000000000000000
000000000000000000000000000000000000000000000000000000000000000000000000
000000000000000000000000000000000000000000000000000000000000000000000000
000000000000000000000000000000000000000000000000000000000000000000000000
000000000000000000000000000000000000000000000000000000000000000000000000
000000000000000000000000000000000000000000000000000000000000000000000000
000000000000000000000000000000000000000000000000000000000000000000000000
000000000000000000000000000000000000000000000000000000000000000000000000
000000000000000000000000000000000000000000000000000000000000000000000000
000000000000000000000000000000000000000000000000000000000000000000000000
000000000000000001111111110000000000000000000111111111111000000000000000
000000000000000000111111111000000000000000000111111111111000000000000000
000000000000000000000111111100000000000000000000011110000000000000000000
000000000000000000000011111110000000000000000000001100000000000000000000
000000000000000000000011111110000000000000000000001100000000000000000000
000000000000000000000011111111000000000000000000001100000000000000000000
000000000000000000000011011111100000000000000000001100000000000000000000
000000000000000000000011001111110000000000000000001100000000000000000000
000000000000000000000011000111111000000000000000001100000000000000000000
000000000000000000000011000111111000000000000000001100000000000000000000
000000000000000000000011000011111100000000000000001100000000000000000000
000000000000000000000011000001111110000000000000001100000000000000000111
000000000000000000000011000000111111000000000000001100000000000000111111
000000000000000000000011000000011111100000000000001100000000000011110000
000000000000000000000011000000011111110000000000001100000000000111000000
000000000000000000000011000000001111110000000000001100000000001111000000
000000000000000000000011000000000111111000000000001100000000011110000000
000000000000000000000011000000000011111100000000001100000000011110000000
000000000000000000000011000000000001111110000000001100000000111100000000
000000000000000000000011000000000001111111000000001100000000111100000000
000000000000000000000011000000000000111111000000001100000000111100000000
000000000000000000000011000000000000011111100000001100000000111100000000
000000000000000000000011000000000000001111110000001100000001111100000000
000000000000000000000011000000000000000111111000001100000001111100000000
000000000000000000000011000000000000000011111100001100000001111100000000
000000000000000000000011000000000000000011111100001100000001111100000000
000000000000000000000011000000000000000001111110001100000000111110000000
000000000000000000000011000000000000000000111111001100000000111110000000
000000000000000000000011000000000000000000011111101100000000111110000000
000000000000000000000011000000000000000000001111111100000000011111000000
000000000000000000000011000000000000000000001111111100000000011111000000
000000000000000000000011000000000000000000000111111100000000001111100000
000000000000000000000111100000000000000000000011111100000000000111110000
000000000000000001111111111110000000000000000001111100000000000011111100
000000000000000001111111111110000000000000000000111100000000000001111111
000000000000000000000000000000000000000000000000000000000000000000000111
000000000000000000000000000000000000000000000000000000000000000000000000
000000000000000000000000000000000000000000000000000000000000000000000000
000000000000000000000000000000000000000000000000000000000000000000000000
000000000000000000000000000000000000000000000000000000000000000000000000
000000000000000000000000000000000000000000000000000000000000000000000000
000000000000000000000000000000000000000000000000000000000000000000000000
000000000000000000000000000000000000000000000000000000000000000000000000
000000000000000000000000000000000000000000000000000000000000000000000000
000000000000000000000000000000000000000000000000000000000000000000000000
000000000000000000000000000000000000000000000000000000000000000000000000
000000000000000000000000000000000000000000000000000000000000000000000000
000000000000000000000000000000000000000000000000000000000000000000000000
000000000000000000000000000000000000000000000000000000000000000000000000
000000000000000000000000000000000000000000000000000000000000000000000000
000000000000000000000000000000000000000000000000000000000000000000000000
000000000000000000000000000000000000000000000000000000000000000000000000
000000000000000000000000000000000000000000000000000000000000000000000000
000000000000000000000000000000000000000000000000000000000000000000000000
000000000000000000000000000000000000000000000000000000000000000000000000
000000000000000000000000000000000000000000000000000000000000000000000000
000000000000000000000000000000000000000000000000000000000000000000000000
000000000000000000000000000000000000000000000000000000000000000000000000
000000000000000000000000000000000000000000000000000000000000000000000000
000000000000000000000000000000000000000000000000000000000000000000000000
000000000000000000000000000000000000000000000000000000000000000000000000
000000000000000000000000000000000000000000000000000000000000000000000000
000000000000000000000000011100000000000000000000000000000000000000000000
