000000000000000000000111000000011110000111111110000000011111111000000000
000000000000000000001110000000001110000000111110000000000011111000000000
000000000000000000011100000000000110000000011110000000000001111000000000
000000000000000000011100000000000100000000011110000000000001111000000000
000000000000000000011110000000000100000000011110000000000001111000000001
000000000000000000011110000000000000000000011110000000000001111000000001
000000000000000000011111100000000000000000011110000000000001111000000011
000000000000000000011111111110000000000000011110000000000001111000000011
000000000000000000001111111111110000000000011110000000000001111000000011
000000000000000000000111111111111110000000011110000000000001111000000011
000000000000000000000001111111111111000000011110000000000001111000000011
000000000000000000000000000111111111000000011110000000000001111000000011
000000000000000000000000000000011111000000011110000000000001111000000011
000000000000000000000000000000001111100000011110000000000001111000000011
000000000000000000011000000000000111100000011110000000000001111000000011
000000000000000000011000000000000111000000011111000000000011111000000001
000000000000000000011000000000000111000000011111000000000111111000000001
000000000000000000011000000000001110000000001111100000001101111000000000
000000000000000000011100000000001110000000001111111000111001111000000000
000000000000000000011110000000111100000000001111111111110001111100000000
000000000000000000011111111111110000000000000111111111100001111111100000
000000000000000000000111111110000000000000000000111100000000000000000000
000000000000000000000000000000000000000000000000000000000000000000000000
000000000000000000000000000000000000000000000000000000000000000000000000
000000000000000000000000000000000000000000000000000000000000000000000000
000000000000000000000000000000000000000000000000000000000000000000000000
000000000000000000000000000000000000000000000000000000000000000000000000
000000000000000000000000000000000000000000000000000000000000000000000000
000000000000000000000000000000000000000000000000000000000000000000000000
000000000000000000000000000000000000000000000000000000000000000000000000
000000000000000000000000000000000000000000000000000000000000000000000000
000000000000000000000000000000000000000000000000000000000000000000000000
000000000000000000000000000000000000000000000000000000000000000000000000
000000000000000000000000000000000000000000000000000000000000000000000000
000000000000000000000000000000000000000000000000000000000000000000000000
000000000000000000000000000000000000000000000000000000000000000000000000
000000000000000000000000000000000000000000000000000000000000000000000000
000000000000000000000000000000000000000000000000000000000000000000000000
000000000000000000000000000000000000000000000000000000000000000000000000
000000000000000000000000000000000000000000000000000000000000000000000000
000000000000000000000000000000000000000000000000000000000000000000000000
000000000000000000000000000000000000000000000000000000000000000000000000
000000000000000000000000000000000000000000000000000000000000000000000000
000000000000000000000000000000000000000000000000000000000000000000000000
000000000000000000000000000000000000000000000000000000000000000000000000
000000000000000000000000000000000000000000000000000000000000000000000000
000000000000000000000000000000000000000000000000000000000000000000000000
000000000000000000000000000000000000000000000000000000000000000000000000
000000000000000000000000000000000000000000000000000000000000000000000000
000000000000000000000000000000000000000000000000000000000000000000000000
000000000000000000000000000000000000000000000000000000000000000000000000
000000000000000000000000000000000000000000000000000000000000000000000000
000000000000000000000000000000000000000000000000000000000000000000000000
000000000000000000000000000000000000000000000000000000000000000000000000
000000000000000000000000000000000000000000000000000000000000001100000000
000000000000000000000000000000000000000000000000000000000000111100000000
000000000000000000000000000000000000000000000000000000000000111100000000
000000000000000000000000000000000000000000000000000000000000111100000000
000000000000000000000000000000000000000000000000000000000000111100000000
000000000000000000000000000000000000000000000000000000000000111100000000
000000000000000000000000000000000000000000000000000000000000111100000000
011111110000000000000000000000000000000001111111100000000000111100000000
111111111100000000000000000000000000000111111111111000000000111100000000
111111111110000000000000000000000000011100000001111000000011111111111100
000000111110000000000000000000000000011000000000011000001111111111111100
000000011111000000000000000000000000111000000000011000000001111100000000
000000011111000000000000000000000000111000000000001000000000111100000000
000000001111000000000000000000000000111000000000001000000000111100000000
000000001111000000000000000000000001111100000000000000000000111100000000
000000001111000000000000000000000000111110000000000000000000111100000000
000001111111000000000000000000000000111111110000000000000000111100000000
111111111111000000000000000000000000011111111111000000000000111100000000
111100001111000000000000000000000000001111111111111000000000111100000000
100000001111000000000000000000000000000111111111111100000000111100000000
000000001111000000000000000000000000000000111111111110000000111100000000
000000001111000000000000000000000000000000000011111110000000111100000000
000000001111000000000000000000000000000000000000111110000000111100000000
000000001111000000000000000000000000100000000000011110000000111100000000
000000001111000000000000000000000000100000000000011110000000111100000000
000000011111000000000000000000000000100000000000011110000000111100000000
000000111111000000000000000000000000100000000000011100000000111100000000
000011001111000000000000000000000001110000000000111000000000111110001100
111110001111100000000000000000000001111000000001110000000000111111111000
111000001111111100000000000000000001111111111111100000000000011111110000
110000000000000000000000000000000000111111111110000000000000001111100000
000000000000000000000000000000000000000000000000000000000000000000000000
000000000000000000000000000000000000000000000000000000000000000000000000
000000000000000000000000000000000000000000000000000000000000000000000000
000000000000000000000000000000000000000000000000000000000000000000000000
000000000000000000000000000000000000000000000000000000000000000000000000
000000000000000000000000000000000000000000000000000000000000000000000000
000000000000000000000000000000000000000000000000000000000000000000000000
000000000000000000000000000000000000000000000000000000000000000000000000
000000000000000000000000000000000000000000000000000000000000000000000000
000000000000000000000000000000000000000000000000000000000000000000000000
000000000000000000000000000000000000000000000000000000000000000000000000
000000000000000000000000000000000000000000000000000000000000000000000000
000000000000000000000000000000000000000000000000000000000000000000000000
000000000000000000000000000000000000000000000000000000000000000000000000
000000000000000000000000000000000000000000000000000000000000000000000000
000000000000000000000000000000000000000000000000000000000000000000000000
000000000000000000000000000000000000000000000000000000000000000000000000
000000000000000000000000000000000000000000000000000000000000000000000000
000000000000000000000000000000000000000000000000000000000000000000000000
000000000000000000000000000000000000000000000000000000000000000000000000
000000000000000000000000000000000000000000000000000000000000000000000000
000000000000000000000000000000000000000000000000000000000000000000000000
000000000000000000000000000000000000000000000000000000000000000000000000
000000000000000000000000000000000000000000000000000000000000000000000000
000000000000000000000000000000000000000000000000000000000000000000000000
000000000000000000000000000000000000000000000000000000000000000000000000
000000000000000000000000000000000000000000000000000000000000000000000000
000000000000000000000000000000000000000000000000000000000000000000000000
000000000000000000000000000000000000000000000000000000000000000000000000
000000000000000000000000000000000000000000000000000000000000000000000000
000000000000000000000000000000000000000000000000000000000000000000000000
000000000000000000000000000000000000000000000000000000000000000000000000
000000000000000000000000000000000000000000000000000000000000000000000000
000000000000000000000000000000000000000000000000000000000000000000000000
000000000000000000000000000000000000000000000000000000000000000000000000
000000000000000000000000000000000000000000000000000000000000000000000000
000000000000000000000000000000000000000000000000000000000000000000000000
000000000000000000000000000000000000000000000000000000000000000000000000
000000000000000000000000000000000000000000000000000000000000000000000000
001100000111110000000000000000000001111100000000000000000000000000000000
111100011111111110000000000000001111111111100000000000000000000000000000
111100111111111111000000000000111100001111111111111000000000000000000000
111101110000111111100000000001110000000011111111111000000000000000000000
111111000000001111100000000011110000000001111111110000000000000000000000
111110000000001111100000000011100000000001111100000000000000000000000000
111100000000000111110000000111100000000001111100000000000000000000000000
111100000000000111110000000111100000000000111100000000000000000000000000
111100000000000111110000000111100000000000111100000000000000000000000000
111100000000000011110000000111100000000000111100000000000000000000000000
111100000000000011110000000111100000000000111000000000000000000000000000
111100000000000011110000000111110000000001111000000000000000000000000000
111100000000000011110000000011111000000001110000000000000000000000000000
111100000000000011110000000011111100000111100000000000000000000000000000
111100000000000011110000000001111111111110000000000000000000000000000000
111100000000000011110000000000011111111000000000000000000000000000000000
111100000000000011110000000000001100000000000000000000000000000000000000
111100000000000011110000000000011000000000000000000000000000000000000000
111100000000000011110000000001110000000000000000000000000110000000000000
111100000000000011110000000011110000000000000000000000001111000000000000
111100000000000011110000000011111100000000000000000000011111100000000000
111100000000000011110000000011111111111111111110000000011111100000000000
111111110000000011111111000001111111111111111111000000001111000000000000
111111110000000011111110000000111111111111111111100000000110000000000000
000000000000000000000000000000111000000000111111100000000000000000000000
000000000000000000000000000011110000000000000111110000000000000000000000
000000000000000000000000000111100000000000000111110000000000000000000000
000000000000000000000000001111000000000000000011110000000000000000000000
000000000000000000000000001111000000000000000011110000000000000000000000
000000000000000000000000001111000000000000000011100000000000000000000000
000000000000000000000000001111000000000000000011100000000000000000000000
000000000000000000000000001111000000000000000111100000000000000000000000
000000000000000000000000001111000000000000000111000000000000000000000000
000000000000000000000000000111100000000000001110000000000000000000000000
000000000000000000000000000011110000000000011100000000000000000000000000
000000000000000000000000000001111100000011111000000000000000000000000000
000000000000000000000000000000111111111111100000000000000000000000000000
000000000000000000000000000000000011110000000000000000000000000000000000
000000000000000000000000000000000000000000000000000000000000000000000000
000000000000000000000000000000000000000000000000000000000000000000000000
000000000000000000000000000000000000000000000000000000000000000000000000
000000000000000000000000000000000000000000000000000000000000000000000000
000000000000000000000000000000000000000000000000000000000000000000000000
000000000000000000000000000000000000000000000000000000000000000000000000
000000000000000000000000000000000000000000000000000000000000000000000000
000000000000000000000000000000000000000000000000000000000000000000000000
000000000000000000000000000000000000000000000000000000000000000000000000
000000000000000000000000000000000000000000000000000000000000000000000000
000000000000000000000000000000000000000000000000000000000000000000000000
000000000000000000000000000000000000000000000000000000000000000000000000
000000000000000000000000000000000000000000000000000000000000000000000000
000000000000000000000000000000000000000000000000000000000000000000000000
000000000000000000000000000000000000000000000000000000000000000000000000
000000111000000000000111000000000000000000000000000000000000000000000000
011111111000000011111111000000000000000000000000000000000000000000000000
