000000000000000000000000000000000000000000000000000000000000000000000000
000000000000000000000000000000000000000000000000000000000000000000000000
000000000000000000000000000000000000000000000000000000000000000000000000
000000000000000000000000000000000000000000000000000000000000000000000000
000000000000000000000000000000000000000000000000000000000000000000000000
000000000000000000000000000000000000000000000000000000000000000000000000
000000000000000000000000000000000000000000000000000000000000000000000000
000000000000000000000000000000000000000000000000000000000000000000000000
000000000000000000000000000000000000000000000000000000000000000000000000
000000000000000000000000000000000000000000000000000000000000000000000000
000000000000000000000000000000000000000000000000000000000000000000000000
000000000000000000000000000000000000000000000000000000000000000000000000
000000000000000000000000000000000000000000000000000000000000000000000000
000000000000000000000000000000000000000000000000000000000111000000000000
000000000000000000000000000000000000000000000000000000011111000000000000
000000000000000000000000000000000000000000000000000000011111000000000000
000000000000000000000000000000000000000000000000000000011110000000000000
000000000000000000000000000000000000000000000000000000011110000000000000
000000000000000000000000000000000000000000000000000000011110000000000000
000000000000000000000000000000000000000000000000000000011110000000000000
000000000000100000011111100000000000000000000000000000011110000000000000
000000001111100001111111111000000000000000000000000000011110000000011111
000001111111100011111111111110000000000000000000000000111111111111000111
000000111111100111000011111111000000000000000000000011111111111111000011
000000000111101100000000111111000000000000000000000010011111000000000001
000000000111111000000000011111100000000000000000000000011110000000000001
000000000111110000000000001111100000000000000000000000011110000000000001
000000000111100000000000000111110000000000000000000000011110000000000000
000000000111100000000000000111110000000000000000000000011110000000000000
000000000111100000000000000011110000000000000000000000011110000000000000
000000000111100000000000000011110000000000000000000000011110000000000000
000000000111100000000000000011110000000000000000000000011110000000000000
000000000111100000000000000011110000000000000000000000011110000000000000
000000000111100000000000000011100000000000000000000000011110000000000000
000000000111100000000000000111100000000000000000000000011110000000000000
000000000111100000000000000111100000000000000000000000011110000000000000
000000000111100000000000000111000000000000000000000000011110000000000000
000000000111100000000000001111000000000000000000000000011110000000000000
000000000111100000000000001110000000000000000000000000011110000000000000
000000000111110000000000011100000000000000000000000000011111000000000000
000000000111111100000001110000000000000000000000000000011111100010000000
000000000111111111111111100000000000000000000000000000001111111110000000
111100000111111111111110000000000000000000000000000000001111111100000000
011000000111100111111100000000000000000000000000000000000011111000000000
000000000111100000000000000000000000000000000000000000000000000000000000
000000000111100000000000000000000000000000000000000000000000000000000000
000000000111100000000000000000000000000000000000000000000000000000000000
000000000111100000000000000000000000000000000000000000000000000000000000
000000000111100000000000000000000000000000000000000000000000000000000000
000000000111100000000000000000000000000000000000000000000000000000000000
000000000111100000000000000000000000000000000000000000000000000000000000
000000000111100000000000000000000000000000000000000000000000000000000000
000000000111100000000000000000000000000000000000000000000000000000000000
000000000111100000000000000000000000000000000000000000000000000000000000
000000000111100000000000000000000000000000000000000000000000000000000000
000000001111110000000000000000000000000000000000000000000000000000000000
000001111111111110000000000000000000000000000000000000000000000000000000
000000000000000000000000000000000000000000000000000000000000000000000000
000000000000000000000000000000000000000000000000000000000000000000000000
000000000000000000000000000000000000000000000000000000000000000000000000
000000000000000000000000000000000000000000000000000000000000000000000000
000000000000000000000000000000000000000000000000000000000000000000000000
000000000000000000000000000000000000000000000000000000000000000000000000
000000000000000000000000000000000000000000000000000000000000000000000000
000000000000000000000000000000000000000000000000000000000000000000000000
000000000000000000000000000000000000000000000000000000000000000000000000
000000000000000000000000000000000000000000000000000000000000000000000000
000000000000000000000000000000000000000000000000000000000000000000000000
000000000000000000000000000000000000000000000000000000000000000000000000
000000000000000000000000000000000000000000000000000000000000000000000000
000000000000000000000000000000000000000000000000000000000000000000000000
000000000000000000000000000000000000000000000000000000011110000000000000
000000000000000000000000000000000000000000000000000111111110000000000000
000000000000000000000000000000000000000000000000000111111110000000000000
000000000000000000000000000000000000000000000000000000011110000000000000
000000000000000000000000000000000000000000000000000000011110000000000000
000000000000000000000000000000000000000000000000000000011110000000000000
000000000000000000000000000000000000000000000000000000011110000000000000
000000000000000000000000000000000000000000000000000000011110000000000000
000000000000000000000000000000000000000000000000000000011110000000000000
000000000000000000000000000000000000000000000000000000011110000000000000
000000000000000000000000000000000000000000000000000000011110000000000000
000000000000000000000000000000000000000000000000000000011110000000000000
000000000000000000001111100000000000000000000000000000011110000001111000
110000000000000001111111111000000000000000000000000000011110000111111111
111000000000000011100000111100000000000000000000000000011110001111111111
111100000000001111000000011110000000000000000000000000011110011100011111
111100000000011110000000001111000000000000000000000000011111110000000111
111100000000111100000000001111100000000000000000000000011111100000000011
111110000000111100000000000111100000000000000000000000011111000000000011
111110000001111000000000000111100000000000000000000000011110000000000001
011110000001111000000000000111100000000000000000000000011110000000000001
011110000001111000000000000111110000000000000000000000011110000000000001
011110000001111111111111111111110000000000000000000000011110000000000001
011110000001111111111111111111100000000000000000000000011110000000000001
011110000001111000000000000000000000000000000000000000011110000000000001
011110000001111000000000000000000000000000000000000000011110000000000001
011110000001111000000000000000000000000000000000000000011110000000000001
011110000001111100000000000000000000000000000000000000011110000000000001
011110000001111100000000000000000000000000000000000000011110000000000001
011110000001111100000000000000000000000000000000000000011110000000000001
011110000000111110000000000000000000000000000000000000011110000000000001
011110000000111111000000000000000000000000000000000000011110000000000001
011110000000011111100000000001100000000000000000000000011110000000000001
011110000000001111111000000111000000000000000000000000011111000000000001
011111111000000111111111111110000000000000000000000111111111111000000001
011111111000000001111111111000000000000000000000000111111111111000000001
000000000000000000001110000000000000000000000000000000000000000000000000
000000000000000000000000000000000000000000000000000000000000000000000000
000000000000000000000000000000000000000000000000000000000000000000000000
000000000000000000000000000000000000000000000000000000000000000000000000
000000000000000000000000000000000000000000000000000000000000000000000000
000000000000000000000000000000000000000000000000000000000000000000000000
000000000000000000000000000000000000000000000000000000000000000000000000
000000000000000000000000000000000000000000000000000000000000000000000000
000000000000000000000000000000000000000000000000000000000000000000000000
000000000000000000000000000000000000000000000000000000000000000000000000
000000000000000000000000000000000000000000000000000000000000000000000000
000000000000000000000000000000000000000000000000000000000000000000000000
000000000000000000000000000000000000000000000000000000000000000000000000
000000000000000000000000000000000000000000000000000000000000000000000000
000000000000000000000000000000000000000000000000000000000000000000000000
000000000000000000000000000000000000000000000000000000000000000000000000
000000000000000000000000000000000000000000000000000000000000000000000000
000000000000000000000000000000000000000000000000000000000000000000000000
000000000000000000000000000000000000000000000000000000000000000000000000
000000000000000000000000000000000000000000000000000000000000000000000000
000000000000000000000000000000000000000000000000000000000000000000000000
000000000000000000000000000000000000000000000000000000000000000000000000
000000000000000000000000000000000000000000000000000000000000000000000000
000000000000000000000000000000000000000000000000000000000000000000000000
000000000000000000000000000000000000000000000000000000000000000000000000
000000000000000000000000000000000000000000000000000000000000000000000000
000000000000000000000000000000000000000000000000000000000000000000000000
000000000000000000000000000000000000000000000000000000000000000000000000
011000000000000000000000000000000000000000000000000000000000000000000000
011000000000000000000000000000000000000000000000000000000000000000000000
111100000000000000000000000000000000000000000000000000000000000000000000
111100000000000000000000000000000000000000000000000000000000000000000000
111110000000000000000000000000000000000000000000000000000000000000000000
111110000000000000000000000000000000000000000000000000000000000000000000
111111000000000000000000000000000000000000000000000000000000000000000000
011111000000000000000000000000000000000000000000000000000000000000000000
001111000000000000000000000000000000000000000000000000000000000000000000
001111100000000000000000000000000000000000000000000000000000000000000000
001111100000000000000000000000000000000000000000000000000000000000000000
000111110000000000000000000000000000000000000000000000000000000000000000
000111110000000000000000000000000000001111000011111111000000000000000001
000011111000000000000000000000000011111111000111111111100000000000000111
000011111000000000000000000000000011111111011111111111110000000000001110
000001111000000000000000000000000000011111111000000111111000000000011100
000001111100000000000000000000000000011111100000000011111000000000111100
000001111100000000000000000000000000001111000000000001111100000001111000
000000111110000000000000000000000000001111000000000001111100000001111000
000000111110000000000000000000000000001111000000000001111100000011111000
000000011111000000000000000000000000001111000000000000111100000011110000
111111111111000000000000000000000000001111000000000000111100000011110000
111111111111000000000000000000000000001111000000000000111100000011110000
000000001111100000000000000000000000001111000000000000111100000011110000
000000001111100000000000000000000000001111000000000000111100000011110000
000000000111110000000000000000000000001111000000000000111100000011111000
000000000111110000000000000000000000001111000000000000111100000011111000
000000000011111000000000000000000000001111000000000000111100000011111000
000000000011111000000000000000000000001111000000000000111100000011111000
000000000011111000000000000000000000001111000000000000111100000001111100
000000000001111100000000000000000000001111000000000000111100000001111100
000000000001111100000000000000000000001111000000000000111100000000111110
000000000001111110000000000000000000011111000000000000111100000000011111
000000011111111111110000000000000011111111111000000000111111100000001111
000000011111111111110000000000000111111111111100000000111111110000000111
000000000000000000000000000000000000000000000000000000000000000000000000
000000000000000000000000000000000000000000000000000000000000000000000000
000000000000000000000000000000000000000000000000000000000000000000000000
000000000000000000000000000000000000000000000000000000000000000000000000
000000000000000000000000000000000000000000000000000000000000000000000000
000000000000000000000000000000000000000000000000000000000000000000000000
000000000000000000000000000000000000000000000000000000000000000000000000
000000000000000000000000000000000000000000000000000000000000000000000000
000000000000000000000000000000000000000000000000000000000000000000000000
