000000000000000000000000000000000000000000000000000000000000000000000000
000000000000000000000000000000000000000000000000000000000000000000000000
000000000000000000000000000000000000000000000000000000000000000000000000
000000000000000000000000000000000000000000000000000000000000000000000000
000000000000000000000000000000000000000000000000000000000000000000000000
000000000000000000000000000000000000000000000000000000000000000000000000
000000000000000000000000000000000000000000000000000000000000000000000000
000000000000000000000000000000000000000000000000000000000000000000000000
000000000000000000000000000000000000000000000000000000000000000000000000
000000000000000000000000000000000000000000000000000000000000000000000000
000000000000000000000000000000000000000000000000000000000000000000000000
000000000000000000000000000000000000000000000000000000000000000000000000
000000000000000000000000000000000000000000000000000000000000011000000000
000000000000000000000000000000000000000000000000000000000011111000000000
000000000000000000000000000000000000000000000000000000000011111000000000
000000000000000000000000000000000000000000000000000000000011111000000000
000000000000000000000000000000000000000000000000000000000011111000000000
000000000000000000000000000000000000000000000000000000000011111000000000
000000000000000000000000000000000000000000000000000000000011111000000000
100000000000000000000011110000000000000000000000000000000011111000000000
111000000000000000011111111110000000000000000000000000000011111000000000
111100000000000001110000001111000000000000000000000000000111111111111000
111110000000000011100000000111100000000000000000000000011111111111111000
111111000000000111000000000111110000000000000000000000011111111000000000
011111000000001111000000000011110000000000000000000000000011111000000000
001111000000011110000000000011111000000000000000000000000011111000000000
001111000000011110000000000011111000000000000000000000000011111000000000
001111000000011110000000000001111000000000000000000000000011111000000001
001111000000111110000000000001111000000000000000000000000011111000000001
001111000000111111111111111111111000000000000000000000000011111000000001
001111000000111111111111111111110000000000000000000000000011111000000001
001111000000111110000000000000000000000000000000000000000011111000000001
001111000000111110000000000000000000000000000000000000000011111000000001
001111000000111110000000000000000000000000000000000000000011111000000001
001111000000111110000000000000000000000000000000000000000011111000000001
001111000000011110000000000000000000000000000000000000000011111000000001
001111000000011111000000000000000000000000000000000000000011111000000000
001111000000011111000000000000000000000000000000000000000011111000000000
001111000000001111100000000000000000000000000000000000000011111000000000
001111000000001111111000000000110000000000000000000000000011111100011000
001111100000000111111110000011110000000000000000000000000001111111110000
001111111100000011111111111111000000000000000000000000000001111111100000
001111111100000000111111111100000000000000000000000000000000011111000000
000000000000000000000001000000000000000000000000000000000000000000000000
000000000000000000000000000000000000000000000000000000000000000000000000
000000000000000000000000000000000000000000000000000000000000000000000000
000000000000000000000000000000000000000000000000000000000000000000000000
000000000000000000000000000000000000000000000000000000000000000000000000
000000000000000000000000000000000000000000000000000000000000000000000000
000000000000000000000000000000000000000000000000000000000000000000000000
000000000000000000000000000000000000000000000000000000000000000000000000
000000000000000000000000000000000000000000000000000000000000000000000000
000000000000000000000000000000000000000000000000000000000000000000000000
000000000000000000000000000000000000000000000000000000000000000000000000
000000000000000000000000000000000000000000000000000000000000000000000000
000000000000000000000000000000000000000000000000000000000000000000000000
000000000000000000000000000000000000000000000000000000000000000000000000
000000000000000000000000000000000000000000000000000000000000000000000000
000000000000000000000000000000000000000000000000000000000000000000000000
000000000000000000000000000000000000000000000000000000000000000000000000
000000000000000000000000000000000000000000000000000000000000000000000000
000000000000000000000000000000000000000000000000000000000000000000000000
000000000000000000000000000000000000000000000000000000000000000000000000
000000000000000000000000000000000000000000000000000000000000000000000000
000000000000000000000000000000000000000000000000000000000000000000000000
000000000000000000000000000000000000000000000000000000000000000000000000
000000000000000000000000000000000000000000000000000000000000000000000000
000000000000000000000000000000000000000000000000000000000000000000000000
000000000000000000000000000000000000000000000000000000000000000000000000
000000000000000000000000000000000000000000000000000000000000000000000000
000000000000000000000000000000000000000000000000000000000000000000000000
000000000000000000000000000000000000000000000000000000000000000000000000
000000000000000000000000000000000000000000000000000000000000000000000000
000000000000000000000000000000000000000000000000000000000000000000000000
000000000000000000000000000000000000000000000000000000000000000000000000
000000000000000000000000000000000000000000000000000000000000000000000000
000000000000000000000000000000000000000000000000000000000000000000000000
000000000000000000000000000000000000000000000000000000000000000000000000
000000000000000000000000000000000000000000000000000000000000000000000000
000000000000000000000000000000000000000000000000000000000000000000000000
000000000000000000000000000000000000000000000000000000000000000000000000
000000000000000000000000000000000000000000000000000000000000000000000000
000000000000001000000011110000000000000000000001111000000000000000000000
000000000001111000001111111110000000000000001111111111000000000000011110
000000011111111000111111111111000000000000111111111111100000000111111110
000000011111111001111111111111100000000011110000011111100000000111111110
000000000001111011000000001111110000000011100000000111110000000000111110
000000000001111110000000000111111000000011000000000011110000000000011111
000000000001111100000000000011111000000011000000000011110000000000011111
000000000001111100000000000001111100000000000000000011111000000000011110
000000000001111000000000000001111100000000000000000001111000000000011110
000000000001111000000000000000111100000000000000000011111000000000011110
000000000001111000000000000000111100000000000011111111111000000000011110
000000000001111000000000000000111100000000011111100001111000000000011110
000000000001111000000000000000111100000001111100000001111000000000011110
000000000001111000000000000000111100000011110000000001111000000000011110
000000000001111000000000000000111000000111100000000001111000000000011110
000000000001111000000000000001111000000111100000000001111000000000011110
000000000001111000000000000001110000001111100000000001111000000000011110
000000000001111000000000000001110000001111000000000001111000000000011110
000000000001111000000000000011100000001111100000000011111000000000011110
000000000001111100000000000111000000001111100000000111111000000000011110
000000000001111110000000001110000000000111110000011001111000000000011110
000000000001111111110000111000000000000111111111110001111000000000111110
000000000001111111111111110000000000000011111111100001111111000111111111
000000000001111011111111000000000000000001111110000001111111000111111111
000000000001111000000000000000000000000000000000000000000000000000000000
000000000001111000000000000000000000000000000000000000000000000000000000
000000000001111000000000000000000000000000000000000000000000000000000000
000000000001111000000000000000000000000000000000000000000000000000000000
000000000001111000000000000000000000000000000000000000000000000000000000
000000000001111000000000000000000000000000000000000000000000000000000000
000000000001111000000000000000000000000000000000000000000000000000000000
000000000001111000000000000000000000000000000000000000000000000000000000
000000000001111000000000000000000000000000000000000000000000000000000000
000000000001111000000000000000000000000000000000000000000000000000000000
000000000001111000000000000000000000000000000000000000000000000000000000
000000000001111100000000000000000000000000000000000000000000000000000000
000000011111111111100000000000000000000000000000000000000000000000000000
000000011111111111100000000000000000000000000000000000000000000000000000
000000000000000000000000000000000000000000000000000000000000000000000000
000000000000000000000000000000000000000000000000000000000000000000000000
000000000000000000000000000000000000000000000000000000000000000000000000
000000000000000000000000000000000000000000000000000000000000000000000000
000000000000000000000000000000000000000000000000000000000000000000000000
000000000000000000000000000000000000000000000000000000000000000000000000
000000000000000000000000000000000000000000000000000000000000000000000000
000000000000000000000000000000000000000000000000000000000000000000000000
000000000000000000000000000000000000000000000000000000000000000000000000
000000000000000000000000000000000000000000000000000000000000000000000000
000000000000000000000000000000000000000000000000000000000000000000000000
000000000000000000000000000000000000000000000000000000000000000000000000
000000000000000000000000000000000000000000000000000000000000000000000000
000000000000000000000000000000000000000000000000000000000000000000000000
000000000000000000000000000000000000000000000000000000000000000000000000
000000000000000000000000000000000000000000000000000000000000000000000000
000000000000000000000000000000000000000000000000000000000000000000000000
000000000000000000000000000000000000000000000000000000000000000000000000
000000000000000000000000000000000000000000000000000000000000000000000010
000000000000000000000000000000000000000000000000000000000000000000001110
000000000000000000000000000000000000000000000000000000000000000000011110
000000000000000000000000000000000000000000000000000000000000000000011110
000000000000000000000000000000000000000000000000000000000000000000011110
000000000000000000000000000000000000000000000000000000000000000000011110
000000000000000000000000000000000000000000000000000000000000000000011110
000000000000000000000000000000000000000000000000000000000000000000011110
011110000111110000000001111111110000000000000000001111111110000000011110
111110011111110000000111111111111000000000000000111111111111000000111111
111110011111110000011100000111111100000000000011110000011111000011111111
111110111111110000111000000001111100000000000111000000000111000111111111
111111100001110000111000000000111100000000001110000000000011000000011110
111111000000100000110000000000111110000000011100000000000011000000011110
111110000000000000000000000000011110000000011100000000000011000000011110
111110000000000000000000000000011110000000111100000000000000000000011110
111110000000000000000000000000011110000000111100000000000000000000011110
111110000000000000000000001111111110000001111100000000000000000000011110
111110000000000000000011111110011110000001111000000000000000000000011110
111110000000000000001111100000011110000001111100000000000000000000011110
111110000000000000011110000000011110000001111100000000000000000000011110
111110000000000000111100000000011110000001111100000000000000000000011110
111110000000000001111000000000011110000001111100000000000000000000011110
111110000000000001111000000000011110000001111100000000000000000000011110
111110000000000001111000000000011110000000111110000000000000000000011110
111110000000000011111000000000111110000000111110000000000000000000011110
111110000000000001111000000001111110000000011111000000000000000000011110
111110000000000001111100000011011110000000011111100000000000000000011111
111110000000000001111111001110011110000000001111111000000001000000011111
111111111000000000111111111000011111100000000111111111111111000000001111
111111111100000000011111110000011111110000000001111111111110000000001111
000000000000000000000000000000000000000000000000011111110000000000000000
000000000000000000000000000000000000000000000000000000000000000000000000
000000000000000000000000000000000000000000000000000000000000000000000000
000000000000000000000000000000000000000000000000000000000000000000000000
000000000000000000000000000000000000000000000000000000000000000000000000
000000000000000000000000000000000000000000000000000000000000000000000000
000000000000000000000000000000000000000000000000000000000000000000000000
000000000000000000000000000000000000000000000000000000000000000000000000
000000000000000000000000000000000000000000000000000000000000000000000000
000000000000000000000000000000000000000000000000000000000000000000000000
