000000000000000000000000000000000000000000000000000000000000000000000000
000000000000000000000000000000000000000000000000000000000000000000000000
000000000000000000000000000000000000000000000000000000000000000000000000
000000000000000000000000000000000000000000000000000000000000000000000000
000000000000000000000000000000000000000000000000000000000000000000000000
000000000000000000000000000000000000000000000000000000000000000000000000
000000000000000000000000000000000000000000000000000000000000000000000000
000000000100000000000000000000000000000000000000000000000000000000000000
000001111100000000000000000000000000000000000000000000000000000000000000
101111111100000000000000000000000000000000000000000000000000000000000001
001111111100000000000000000000000000000000000000000000000000000000000000
000000111100000000000000000000000000000000000000000000000000000000000000
000000111100000000000000000000000000000000000000000000000000000000000000
000000111100000000000000000000000000000000000000000000000000000000000000
000000111100000000000000000000000000000000000000000000000000000000000000
000000111100000000000000000000000000000000000000000000000000000000000000
000000111100000000000000000000000000000000000000000000000000000000000000
000000111100000000000000000000000000000000000000000000000000000000000000
000000111100000000000000000000000000000000000000000000000000000000000000
000000111100000000000000000000000000000000000000000000000000000000000000
000000111100000111111000000000000000000001111100000000000000000000000000
000000111100001111111110000000000000001111111111100000000000000000000000
000000111100111111111111000000000000011100000111110000000000000000000000
000000111101110000111111100000000001111000000001111000000000000000000000
000000111111000000001111100000000011110000000001111100000000000000000000
000000111110000000000111110000000011100000000000111100000000000000000000
000000111100000000000111110000000111100000000000111100000000000000000000
000000111100000000000011110000001111100000000000111110000000000000000000
000000111100000000000011110000001111100000000000111110000000000000000000
000000111100000000000011110000001111000000000000111110000000000000000000
000000111100000000000011110000001111111111111111111110000000000000000000
000000111100000000000011110000001111111111111111111000000000000000000000
000000111100000000000011110000001111000000000000000000000000000000000000
000000111100000000000011110000001111000000000000000000000000000000000000
000000111100000000000011110000001111100000000000000000000000000000000000
000000111100000000000011110000001111100000000000000000000000000000000000
000000111100000000000011110000001111100000000000000000000000000000000000
000000111100000000000011110000000111110000000000000000000000000000000000
000000111100000000000011110000000111110000000000000000000000000000000000
000000111100000000000011110000000111111000000000000000000000000000000000
000000111100000000000011110000000011111100000000001100000000000000000000
000001111110000000000011111000000001111111100001111000000000000000000000
001111111111110000000011111111000000111111111111110000000000000000000001
001100000001110000000011000011000000001111111111000000000000000000000001
000000000000000000000000000000000000000000000000000000000000000000000000
000000000000000000000000000000000000000000000000000000000000000000000000
000000000000000000000000000000000000000000000000000000000000000000000000
000000000000000000000000000000000000000000000000000000000000000000000000
000000000000000000000000000000000000000000000000000000000000000000000000
000000000000000000000000000000000000000000000000000000000000000000000000
000000000000000000000000000000000000000000000000000000000000000000000000
000000000000000000000000000000000000000000000000000000000000000000000000
000000000000000000000000000000000000000000000000000000000000000000000000
000000000000000000000000000000000000000000000000000000000000000000000000
000000000000000000000000000000000000000000000000000000000000000000000000
000000000000000000000000000000000000000000000000000000000000000000000000
000000000000000000000000000000000000000000000000000000000000000000000000
000000000000000000000000000000000000000000000000000000000000000000000000
000000000000000000000000000000000000000000000000000000000000000000000000
000000000000000000000000000000000000000000000000000000000000000000000000
000000000000000000000000000000000000000000000000000000000000000000000000
000000000000000000000000000000000000000000000000000000000000000000000000
000000000000000000000000000000000000000000000000000000000000000000000000
000000000000000000000000000000000000000000000000000000000000000000000000
000000000000000000000000000000000000000000000000000000000000000000000000
000000000000000000000000000000000000000000000000000000000000000000000000
000000000000000000000000000000000000000000000000000000000000000000000000
000000000000000000000000000000000000000000000000000000000000000000000000
000000000000000000000000000000000000000000000000000000000000000000000000
000000000000000000000000000000000000000000000000000000000000000000000000
000000000000000000000000000000000000000000000000000000000000000000000000
000000000000000000000000000000000000000000000000000000000000000000001111
000000000000000001000000000000000000000000000000000000000000000011111111
000000000000000011110000000000000000000000000000000000000000000011111111
000000000000000111110000000000000000000000000000000000000000000000001111
000000000000000111110000000000000000000000000000000000000000000000001111
000000000000000111110000000000000110000000000000000000000000000000001111
000000000000000011100000000000111110000000000000000000000000000000001111
000000000000000000000000000000111100000000000000000000000000000000001111
000000000000000000000000000000111100000000000000000000000000000000001111
000000000000000000000000000000111100000000000000000000000000000000001111
000000000000000000000000000000111100000000000000000000000000000000001111
000000000000000000000000000000111100000000000000000000000000000000001111
000000000000000000010000000000111100000000000000000000111100000000001111
000111110000000011110000000000111100000000000000000111111111100000001111
001111100000111111110000000001111111111110000000011111111111110000001111
011110000000111111110000000111111111111110000001111000000111110000001111
111000000000000111110000001111111111111100000011100000000001100000001111
110000000000000011110000000000111100000000000111100000000001100000001111
100000000000000011110000000000111100000000001111000000000000100000001111
000000000000000011110000000000111100000000001111000000000000100000001111
000000000000000011110000000000111100000000011110000000000000000000001111
000000000000000011110000000000111100000000011110000000000000000000001111
000000000000000011110000000000111100000000011110000000000000000000001111
000000000000000011110000000000111100000000011110000000000000000000001111
000000000000000011110000000000111100000000011110000000000000000000001111
000000000000000011110000000000111100000000011110000000000000000000001111
100000000000000011110000000000111100000000011110000000000000000000001111
110000000000000011110000000000111100000000011111000000000000000000001111
111000000000000011110000000000111100000000011111000000000000000000001111
111100000000000011110000000000111100000000011111000000000000000000001111
111110000000000011110000000000111100000000001111100000000000000000001111
111111000000000011110000000000111100000000001111110000000000000000001111
001111100000000011110000000000111110000100000111111000000000000000001111
000111111000000111110000000000111111111100000011111110000001110000011111
000011111100111111111111000000011111111000000001111111111111100011111111
000001110000111111111111000000001111110000000000011111111111000011111111
000000000000000000000000000000000000000000000000000011110000000000000000
000000000000000000000000000000000000000000000000000000000000000000000000
000000000000000000000000000000000000000000000000000000000000000000000000
000000000000000000000000000000000000000000000000000000000000000000000000
000000000000000000000000000000000000000000000000000000000000000000000000
000000000000000000000000000000000000000000000000000000000000000000000000
000000000000000000000000000000000000000000000000000000000000000000000000
000000000000000000000000000000000000000000000000000000000000000000000000
000000000000000000000000000000000000000000000000000000000000000000000000
000000000000000000000000000000000000000000000000000000000000000000000000
000000000000000000000000000000000000000000000000000000000000000000000000
000000000000000000000000000000000000000000000000000000000000000000000000
000000000000000000000000000000000000000000000000000000000000000000000000
000000000000000000000000000000000000000000000000000000000000000000000000
000000000000000000000000000000000000000000000000000000000000000000000000
000000000000000000000000000000000000000000000000000000000000000000000000
000000000000000000000000000000000000000000000000000000000000000000000000
000000000000000000000000000000000000000000000000000000000000000000000000
000000000000000000000000000000000000000000000000000000000000000000000000
000000000000000000000000000000000000000000000000000000000000000000000000
000000000000000000000000000000000000000000000000000000000000000000000000
000000000000000000000000000000000000000000000000000000000000000000000000
000000000000000000000000000000000000000000000000000000000000000000000000
000000000000000000000000000000000000000000000000000000000000000000000000
000000000000000000000000000000000000000000000000000000000000000000000000
000000000000000000000000000000000000000000000000000000000000000000000000
000000000000000000000000000000000000000000000000000000000000000000000000
000000000000000000000000000000011100000000000000000000000000000000000000
000000000000000000000000001111111100000000000000000000000000000000000000
000000000000000000000000001111111100000000000000000000000000000000000000
000000000000000000000000000001111100000000000000000000000000000000000000
000000000000000000000000000000111100000000000000000000000000000000000000
000000000000000000000000000000111100000000000000000000000000000000000000
000000000000000000000000000000111100000000000000000000000000000000000011
000000000000000000000000000000111100000000000000000000000000000000000111
000000000000000000000000000000111100000000000000000000000000000000000111
000000000000000000000000000000111100000000000000000000000000000000000111
000000000000000000000000000000111100000000000000000000000000000000000111
000000000000000000000000000000111100000000000000000000000000000000000111
000000000000000000000000000000111100000000000000000000000000000000000111
011100001111111100000000000000111100000000001111110000000000000000000111
111100011111111111000000000000111100000000011111100000000000000000001111
111100111111111111100000000000111100000000111100000000000000000000111111
111101100000001111100000000000111100000001111000000000000000000001111111
111111000000001111110000000000111100000011110000000000000000000000000111
111110000000000111110000000000111100000111000000000000000000000000000111
111100000000000011110000000000111100001110000000000000000000000000000111
111100000000000011110000000000111100011100000000000000000000000000000111
111100000000000011110000000000111100111000000000000000000000000000000111
111100000000000011110000000000111111111000000000000000000000000000000111
111100000000000011110000000000111111111100000000000000000000000000000111
111100000000000011110000000000111111111110000000000000000000000000000111
111100000000000011110000000000111100111111000000000000000000000000000111
111100000000000011110000000000111100011111100000000000000000000000000111
111100000000000011110000000000111100001111110000000000000000000000000111
111100000000000011110000000000111100000111111000000000000000000000000111
111100000000000011110000000000111100000011111100000000000000000000000111
111100000000000011110000000000111100000001111110000000000000000000000111
111100000000000011110000000000111100000000111111000000000000000000000111
111100000000000011110000000000111100000000011111100000000000000000000111
111100000000000011110000000001111100000000001111110000000000000000000111
111111110000000011111111001111111111100000000111111100000000000000000011
111111110000000011111111001111111111110000000011110000000000000000000001
000000000000000000000000000000000000000000000000000000000000000000000000
000000000000000000000000000000000000000000000000000000000000000000000000
000000000000000000000000000000000000000000000000000000000000000000000000
000000000000000000000000000000000000000000000000000000000000000000000000
000000000000000000000000000000000000000000000000000000000000000000000000
000000000000000000000000000000000000000000000000000000000000000000000000
000000000000000000000000000000000000000000000000000000000000000000000000
000000000000000000000000000000000000000000000000000000000000000000000000
000000000000000000000000000000000000000000000000000000000000000000000000
