000111111110000011111111100111111111111000000000000111000000111111111111
000000111110000000001111111100000011111100000000001110000000011111111110
000000111110000000001111110000000001111100000000011100000000001111000000
000000011110000000001111100000000001111100000000111100000000001111100000
000000011110000000001111100000000000111100000000111100000000001111100000
000000011110000000001111100000000000111100000000111100000000001111100000
000000011110000000001111100000000000111110000000111100000000000111100000
000000011110000000001111100000000000111110000000111100000000001111000000
000000011110000000001111100000000000111110000000111100000000001111000000
000000011110000000001111100000000000111110000000111110000000001110000000
000000011110000000001111100000000000111110000000011111000000011100000000
000000011110000000001111100000000000111110000000001111100001111000000000
000000011110000000001111100000000000111110000000000111111111100000000000
000000011110000000001111100000000000111110000000000001111100000000000000
000000011110000000001111100000000000111110000000000011000000000000000000
000000011110000000001111100000000000111110000000000110000000000000000000
000000011110000000001111100000000000111110000000001110000000000000000000
000000011110000000001111100000000000111110000000011111000000000000000000
000000111110000000001111100000000000111110000000011111111111111111000000
000001111111000000011111110000000000111111000000011111111111111111110000
101111111111111011111111111110000000111111110000001111111111111111111000
000000000000000000000000000000000000000000000000000011111111111111111100
000000000000000000000000000000000000000000000000001110000000000011111100
000000000000000000000000000000000000000000000000111100000000000000111110
000000000000000000000000000000000000000000000001111000000000000000111110
000000000000000000000000000000000000000000000001111000000000000000011110
000000000000000000000000000000000000000000000001110000000000000000011100
000000000000000000000000000000000000000000000001110000000000000000011100
000000000000000000000000000000000000000000000001110000000000000000111100
000000000000000000000000000000000000000000000001111000000000000000111000
000000000000000000000000000000000000000000000001111000000000000001110000
000000000000000000000000000000000000000000000000111100000000000011100000
000000000000000000000000000000000000000000000000011110000000000111000000
000000000000000000000000000000000000000000000000001111110000111110000000
000000000000000000000000000000000000000000000000000001111111110000000000
000000000000000000000000000000000000000000000000000000000000000000000000
000000000000000000000000000000000000000000000000000000000000000000000000
000000000000000000000000000000000000000000000000000000000000000000000000
000000000000000000000000000000000000000000000000000000000000000000000000
000000000000000000000000000000000000000000000000000000000000000000000000
000000000000000000000000000000000000000000000000000000000000000000000000
000000000000000000000000000000000000000000000000000000000000000000000000
000000000000000000000000000000000000000000000000000000000000000000000000
000000000000000000000000000000000000000000000000000000000000000000000000
000000000000000000000000000000000000000000000000000000000000000000000000
000000000000000000000000000000000000000000000000000000000000000000000000
000000000000000000000000000000000000000000000000000000000000000000000000
000000000000000000000000000000000000000000000000000000000000000000000000
000000000000000000000000000000000000000000000000000000000000000000000000
000000000000000000000000000000000000000000000000000000000000000000000000
000000000000000000000000000000000000000000000000000000000000000000000000
000000000000000000000000000000000000000000000000000000000000000000000000
000000000000000000000000000000000000000000000000000000000000000000000000
000000000000000000000000000000000000000000000000000000000000000000000000
000000000000000000000000000000000000000000000000000000000000000000000000
000000000000000000000000000000000000000000000000000000000000000000000000
000000000000000000000000000000000000000000000000000000000000000000000000
000000000000000000000000000000000000000000000000000000000000000000000000
000000000000000000000000000000000000000000000000000000000000000000000000
000000000000000000000000000000000000000000000000000000000000000000000000
000000000000000000000000000000000000000000000000000000000000000000000000
000000000000001111110000000000000001100000111100000000000000000000000000
000000000001111111111100000000001111100011111100000000000000000000000001
111000000011100000011110000001111111100111111100000000000000000000000111
111000000111000000001111000000001111100111111100000000000000000000001110
000000011110000000000111100000000111101100011100000000000000000000001100
000000011100000000000111100000000111111000001100000000000000000000001000
000000111100000000000111110000000111110000000000000000000000000000001000
000000111100000000000111110000000111100000000000000000000000000000000000
000000111100000000000011110000000111100000000000000000000000000000000000
000001111100000000000011110000000111100000000000000000000000000000000000
000001111111111111111111110000000111100000000000000000000000000000000000
000001111111111111111111000000000111100000000000000000000000000000000011
000001111100000000000000000000000111100000000000000000000000000000001111
000001111100000000000000000000000111100000000000000000000000000000011110
000001111100000000000000000000000111100000000000000000000000000000111110
000001111100000000000000000000000111100000000000000000000000000000111100
000000111100000000000000000000000111100000000000000000000000000000111100
000000111110000000000000000000000111100000000000000000000000000000111100
000000111111000000000000000000000111100000000000000000000000000000111100
000000011111100000000000000000000111100000000000000000000000000000111110
011000011111110000000001100000000111100000000000000000000000000000111111
110000001111111110001111100000001111110000000000000000000000000000011111
100000000011111111111110000001111111111111000000000000000000000000001111
000000000000111111111000000000000000000000000000000000000000000000000111
000000000000000000000000000000000000000000000000000000000000000000000000
000000000000000000000000000000000000000000000000000000000000000000000000
000000000000000000000000000000000000000000000000000000000000000000000000
000000000000000000000000000000000000000000000000000000000000000000000000
000000000000000000000000000000000000000000000000000000000000000000000000
000000000000000000000000000000000000000000000000000000000000000000000000
000000000000000000000000000000000000000000000000000000000000000000000000
000000000000000000000000000000000000000000000000000000000000000000000000
000000000000000000000000000000000000000000000000000000000000000000000000
000000000000000000000000000000000000000000000000000000000000000000000000
000000000000000000000000000000000000000000000000000000000000000000000000
000000000000000000000000000000000000000000000000000000000000000000000000
000000000000000000000000000000000000000000000000000000000000000000000000
000000000000000000000000000000000000000000000000000000000000000000000000
000000000000000000000000000000000000000000000000000000000000000000000000
000000000000000000000000000000000000000000000000000000000000000000000000
000000000000000000000000000000000000000000000000000000000000000000000000
000000000000000000000000000000000000000000000000000000000000000000000000
000000000000000000000000000000000000000000000000000000000000000000000000
000000000000000000000000000000000000000000000000000000000000000000000000
000000000000000000000000000000000000000000000000000000000000000000000000
000000000000000000000000000000000000000000000000000000000000000000000000
000000000000000000000000000000000000000000000000000000000000000000000000
000000000000000000000000000000000000000000000000000000000000000000000000
000000000000000000000000000000000000000000000000000000000000000000000000
000000000000000000000000000000000000000000000000000000000000000000000000
000000000000000000000000000000000000000000000000000000000000000000000000
000000000000000000000000000000000000000000011110000000000000000000000000
000000000000000000000000000000000000000111111110000000000001100000000000
000000000000000000000000000000000000000111111110000000000111110000000000
000000000000000000000000000000000000000000011110000000000111110000000000
000000000000000000000000000000000000000000011110000000000111110000000000
000000000000000000000000000000000000000000011110000000000111110000000000
000000000000000000000000000000000000000000011110000000000011100000000000
000000000000000000000000000000000000000000011110000000000000000000000000
000000000000000000000000000000000000000000011110000000000000000000000000
000000000000000000000000000000000000000000011110000000000000000000000000
000000000000000000000000000000000000000000011110000000000000000000000000
000000000000000000000000000000000000000000011110000000000000000000000000
110000011111000000000000000000000001111000011110000000000000010000000000
110001111111111000000000000000001111111111111110000000000111110000000001
110011111111111100000000000000111111111111111110000000111111110000001111
110111000011111110000000000011110000000011111110000000111111110000001111
111100000000111110000000000111100000000001111110000000000111110000000001
111000000000011110000000001111000000000000111110000000000011110000000001
110000000000011111000000001110000000000000011110000000000011110000000001
110000000000011111000000011110000000000000011110000000000011110000000000
110000000000001111000000011110000000000000011110000000000011110000000000
110000000000001111000000111100000000000000011110000000000011110000000000
110000000000001111000000111100000000000000011110000000000011110000000000
110000000000001111000000111100000000000000011110000000000011110000000000
110000000000001111000000111100000000000000011110000000000011110000000000
110000000000001111000000111100000000000000011110000000000011110000000000
110000000000001111000000111110000000000000011110000000000011110000000000
110000000000001111000000111110000000000000011110000000000011110000000000
110000000000001111000000111110000000000000111110000000000011110000000000
110000000000001111000000011111000000000000111110000000000011110000000000
110000000000001111000000011111100000000001111110000000000011110000000000
110000000000001111000000001111100000000011111110000000000011110000000001
110000000000001111000000001111111000000110011110000000000011110000000001
110000000000001111000000000111111111111100011110000000000111111000000001
111111000000001111111100000011111111111000011111111000111111111111001111
111111000000001111111000000000011111110000011111111000111111111111001111
000000000000000000000000000000000000000000000000000000000000000000000000
000000000000000000000000000000000000000000000000000000000000000000000000
000000000000000000000000000000000000000000000000000000000000000000000000
000000000000000000000000000000000000000000000000000000000000000000000000
000000000000000000000000000000000000000000000000000000000000000000000000
000000000000000000000000000000000000000000000000000000000000000000000000
000000000000000000000000000000000000000000000000000000000000000000000000
000000000000000000000000000000000000000000000000000000000000000000000000
000000000000000000000000000000000000000000000000000000000000000000000000
000000000000000000000000000000000000000000000000000000000000000000000000
000000000000000000000000000000000000000000000000000000000000000000000000
000000000000000000000000000000000000000000000000000000000000000000000000
000000000000000000000000000000000000000000000000000000000000000000000000
000000000000000000000000000000000000000000000000000000000000000000000000
000000000000000000000000000000000000000000000000000000000000000000000000
000000000000000000000000000000000000000000000000000000000000000000000000
000000000000000000000000000000000000000000000000000000000000000000000000
000000000000000000000000000000000000000000000000000000000000000000000000
000000000000000000000000000000000000000000000000000000000000000000000000
000000000000000000000000000000000000000000000000000000000000000000000000
000000000000000000000000000000000000000000000000000000000000000000000000
000000000000000000000000000000000000000000000000000000000000000000000000
000000000000000000000000000000000000000000000000000000000000000000000000
000000000000000000000000000000000000000000000000000000000000000000000000
000000000000000000000000000000000000000000000000000000000000000000000000
000000000000000000000000000000000000000000000000000000000000000000000000
000000000000000000000000000000000000000000000000000000000000000000000000
000000000000000000000000000000000000000000000000000000000000000000000000
000000000000000000000000000000000000000000000000000000000000000000000000
000000000000000000000000000000000000000000000000000000000000000000000000
000000000000000000000011111110000000000000001111110000000000000000000000
