001111111100000111111111001111111111110000000000001110000001111111111110
000001111100000000011111011000000111111000000000011100000000111111111100
000000111100000000011111100000000011111000000000111100000000011111000000
000000111100000000011111000000000001111000000001111000000000011111000000
000000111100000000011111000000000001111100000001111000000000011111000000
000000111100000000011111000000000001111100000001111000000000001111000000
000000111100000000011111000000000001111100000001111000000000001111000000
000000111100000000011111000000000001111100000001111000000000001110000000
000000111100000000011111000000000001111100000001111100000000011110000000
000000111100000000011111000000000001111100000001111100000000011100000000
000000111100000000011111000000000001111100000000111110000000111000000000
000000111100000000011111000000000001111100000000011111100001110000000000
000000111100000000011111000000000001111100000000001111111111000000000000
000000111100000000011111000000000001111100000000000011111000000000000000
000000111100000000011111000000000001111100000000000110000000000000000000
000000111100000000011111000000000001111100000000001110000000000000000000
000000111100000000011111000000000001111100000000011100000000000000000000
000000111100000000011111000000000001111100000000111110000000000000000000
000000111100000000011111000000000001111100000000111111111111111110000000
000001111110000000111111100000000001111110000000111111111111111111110000
001111111111110111111111111100000001111111110000011111111111111111111000
000000000000000000000000000000000000000000000000000111111111111111111000
000000000000000000000000000000000000000000000000011100000000000011111100
000000000000000000000000000000000000000000000001111000000000000001111100
000000000000000000000000000000000000000000000011110000000000000000111100
000000000000000000000000000000000000000000000011110000000000000000111100
000000000000000000000000000000000000000000000011110000000000000000111100
000000000000000000000000000000000000000000000011100000000000000000111000
000000000000000000000000000000000000000000000011110000000000000001111000
000000000000000000000000000000000000000000000011110000000000000001110000
000000000000000000000000000000000000000000000011110000000000000011110000
000000000000000000000000000000000000000000000001111000000000000111100000
000000000000000000000000000000000000000000000000111100000000001110000000
000000000000000000000000000000000000000000000000011111100001111100000000
000000000000000000000000000000000000000000000000000011111111100000000000
000000000000000000000000000000000000000000000000000000000000000000000000
000000000000000000000000000000000000000000000000000000000000000000000000
000000000000000000000000000000000000000000000000000000000000000000000000
000000000000000000000000000000000000000000000000000000000000000000000000
000000000000000000000000000000000000000000000000000000000000000000000000
000000000000000000000000000000000000000000000000000000000000000000000000
000000000000000000000000000000000000000000000000000000000000000000000000
000000000000000000000000000000000000000000000000000000000000000000000000
000000000000000000000000000000000000000000000000000000000000000000000000
000000000000000000000000000000000000000000000000000000000000000000000000
000000000000000000000000000000000000000000000000000000000000000000000000
000000000000000000000000000000000000000000000000000000000000000000000000
000000000000000000000000000000000000000000000000000000000000000000000000
000000000000000000000000000000000000000000000000000000000000000000000000
000000000000000000000000000000000000000000000000000000000000000000000000
000000000000000000000000000000000000000000000000000000000000000000000000
000000000000000000000000000000000000000000000000000000000000000000000000
000000000000000000000000000000000000000000000000000000000000000000000000
000000000000000000000000000000000000000000000000000000000000000000000000
000000000000000000000000000000000000000000000000000000000000000000000000
000000000000000000000000000000000000000000000000000000000000000000000000
000000000000000000000000000000000000000000000000000000000000000000000000
000000000000000000000000000000000000000000000000000000000000000000000000
000000000000000000000000000000000000000000000000000000000000000000000000
000000000000000000000000000000000000000000000000000000000000000000000000
000000000000000000000000000000000000000000000000000000000000000000000000
111000000000000000110000111111000000000111111000000000000000000000000000
111110000000001111110001111111110000001111111110000000000000000000000000
001111000001111111110011111111111000011111111111000000000000000000000000
000111100000001111110111000011111101111000011111100000000000000000000000
000111110000000111111100000001111111100000001111100000000000000000000000
000011110000000111111000000000111111000000000111100000000000000000000000
000011111000000111110000000000111110000000000111100000000000000000000000
000011111000000111110000000000111110000000000111110000000000000000000000
000011111000000111110000000000111110000000000111110000000000000000000000
000011111000000111110000000000111110000000000111110000000000000000000000
111111111000000111110000000000111110000000000111110000000000000000000000
111111100000000111110000000000111110000000000111110000000000000000000000
000000000000000111110000000000111110000000000111110000000000000000000000
000000000000000111110000000000111110000000000111110000000000000000000000
000000000000000111110000000000111110000000000111110000000000000000000000
000000000000000111110000000000111110000000000111110000000000000000000000
000000000000000111110000000000111110000000000111110000000000000000000000
000000000000000111110000000000111110000000000111110000000000000010000000
000000000000000111110000000000111110000000000111110000000000111110000000
000000000000000111110000000000111110000000000111110000000000111110000000
000000110000000111110000000000111110000000000111110000000001111100000000
000111100000000111110000000000111110000000000111110000000001111100000000
111111000001111111111111001111111111111000000111111111000001111000000000
111100000000000000000000000000000000000000000000000000000001111000000000
000000000000000000000000000000000000000000000000000000000011110000000000
000000000000000000000000000000000000000000000000000000000011100000000000
000000000000000000000000000000000000000000000000000000000111100000000000
000000000000000000000000000000000000000000000000000000000111000000000000
000000000000000000000000000000000000000000000000000000001110000000000000
000000000000000000000000000000000000000000000000000000001100000000000000
000000000000000000000000000000000000000000000000000000011000000000000000
000000000000000000000000000000000000000000000000000000000000000000000000
000000000000000000000000000000000000000000000000000000000000000000000000
000000000000000000000000000000000000000000000000000000000000000000000000
000000000000000000000000000000000000000000000000000000000000000000000000
000000000000000000000000000000000000000000000000000000000000000000000000
000000000000000000000000000000000000000000000000000000000000000000000000
000000000000000000000000000000000000000000000000000000000000000000000000
000000000000000000000000000000000000000000000000000000000000000000000000
000000000000000000000000000000000000000000000000000000000000000000000000
000000000000000000000000000000000000000000000000000000000000000000000000
000000000000000000000000000000000000000000000000000000000000000000000000
000000000000000000000000000000000000000000000000000000000000000000000000
000000000000000000000000000000000000000000000000000000000000000000000000
000000000000000000000000000000000000000000000000000000000000000000000000
000000000000000000000000000000000000000000000000000000000000000000000000
000000000000000000000000000000000000000000000000000000000000000000000000
000000000000000000000000000000000000000000000000000000000000000000000000
000000000000000000000000000000000000000000000000000000000000000000000000
000000000000000000000000000000000000000000000000000000000000000000000000
000000000000000000000000000000000000000000000000000000000000000000000000
000000000000000000000000000000000000000000000000000000000000000000000000
000000000000000000000000000000000000000000000000000000000000000000000000
000000000000000000000000000000000000000000000000000000000000000000000000
000000000000000000000000000000000000000000000000000000000000000000000000
000000000000000000000000000000000000000000000000000000000000000000000000
000000000000000000000000000000000000000000000000000000000000000000000000
000000000000000000000000000000000000000000000000000000000000000000000000
000000000000000000000000000000000000000000000000000000000000000000000000
000000000000000000000000000000000000000000000000000000000000000000000000
000000000000000000000000000000000000000000000000000000000000000000000000
000000000000000000000000000000000000000000000000000000000000000000000000
000000000000000000000000000000000000000000000000000000000000000000000000
000000000000000000000100000011110000000000011110000000000000000000011111
000000000000000000111100001111111100000001111111100000000000000011111111
000000000000001111111100111111111110000111111111110000000000001111111111
000000000000001111111101111000111111001111000111111000000000011100000011
000000000000000000111111100000011111111100000011111000000000011000000000
000000000000000000111110000000001111110000000001111100000000011000000000
000000000000000000111110000000001111110000000001111100000000010000000000
000000000000000000111100000000000111100000000000111100000000000000000000
000000000000000000111100000000000111100000000000111100000000000000000000
000000000000000000111100000000000111100000000000111100000000000000000001
000000000000000000111100000000000111100000000000111100000000000000111111
000000000000000000111100000000000111100000000000111100000000000111111000
000000000000000000111100000000000111100000000000111100000000001111000000
000000000000000000111100000000000111100000000000111100000000111110000000
000000000000000000111100000000000111100000000000111100000000111100000000
000000000000000000111100000000000111100000000000111100000001111000000000
000000000000000000111100000000000111100000000000111100000001111000000000
000000000000000000111100000000000111100000000000111100000001111000000000
000000000000000000111100000000000111100000000000111100000001111000000000
000000000000000000111100000000000111100000000000111100000001111100000001
000000000000000000111100000000000111100000000000111100000001111110000111
000000000000000001111110000000001111110000000000111110000000111111111100
000000000000001111111111110001111111111110000000111111110000111111111000
000000000000001111111111110001111111111110000000111111110000001111100000
000000000000000000000000000000000000000000000000000000000000000000000000
000000000000000000000000000000000000000000000000000000000000000000000000
000000000000000000000000000000000000000000000000000000000000000000000000
000000000000000000000000000000000000000000000000000000000000000000000000
000000000000000000000000000000000000000000000000000000000000000000000000
000000000000000000000000000000000000000000000000000000000000000000000000
000000000000000000000000000000000000000000000000000000000000000000000000
000000000000000000000000000000000000000000000000000000000000000000000000
000000000000000000000000000000000000000000000000000000000000000000000000
000000000000000000000000000000000000000000000000000000000000000000000000
000000000000000000000000000000000000000000000000000000000000000000000000
000000000000000000000000000000000000000000000000000000000000000000000000
000000000000000000000000000000000000000000000000000000000000000000000000
000000000000000000000000000000000000000000000000000000000000000000000000
000000000000000000000000000000000000000000000000000000000000000000000000
000000000000000000000000000000000000000000000000000000000000000000000000
000000000000000000000000000000000000000000000000000000000000000000000000
000000000000000000000000000000000000000000000000000000000000000000000000
000000000000000000000000000000000000000000000000000000000000000000000000
000000000000000000000000000000000000000000000000000000000000000000000000
000000000000000000000000000000000000000000000000000000000000000000000000
000000000000000000000000000000000000000000000000000000000000000000000000
000000000000000000000000000000000000000000000000000000000000000000000000
000000000000000000000000000000000000000000000000000000000000000000000000
000000000000000000000000000000000000000000000000000000000000000000000000
000000000000000000000000000000000000000000000000000000000000000000000000
000000000000000000000000000000000000000000000000000000000000000000000000
000000000000000000000000000000000000000000000000000000000000000000000000
000000000000000000000000000000000000000000000000000000000000000000000000
000000000000000000000000000000000000000000000000000000000011100000000000
000000000000000000000000000000000000000000000000000001111111100000000000
