000000000000000000000000000000000000000000000000000000000000000000000000
000000000000000000000000000000000000000000000000000000000000000000000000
000000000000000000000000000000000000000000000000000000000000000000000000
000000000000000000000000000000000000000000000000000000000000000000000000
000000000000000000000000000000000000000000000000000000000000000000000000
000000000000000000000000000000000000000000000000000000000000000000000000
000000000000000000000000000000000000000000000000000000000000000000000000
000000000000000000000000000000000000000000000000000000000000000000000000
000000000000000000000000000000000000000000000000000000000000000000000000
000000000000000000000000000000000000000000000000000000000000000000000000
000000000000000000010000000000000001100000000000000000000000000000000010
110000000111100011111100000000011111111110000000001111111111100000000110
110001111111100111111100000001111000011111100000000111111110000000000111
110011111111100111111100000011100000000111110000000001111100000000001111
110000001111101111111100000111000000000011111000000001111100000000001111
110000001111111000011100001110000000000001111100000000111100000000001111
110000001111110000001000011110000000000001111100000000111100000000011111
000000001111100000000000011110000000000000111110000000111100000000011111
000000001111100000000000111110000000000000111110000000011110000000110011
000000001111100000000000111100000000000000111110000000011110000000110011
000000001111100000000000111100000000000000011111000000011110000001110011
000000001111100000000000111100000000000000011111000000011111000001100001
000000001111100000000000111100000000000000011111000000001111000001100001
000000001111100000000000111100000000000000011111000000001111000011000000
000000001111100000000000111110000000000000011110000000001111100011000000
000000001111100000000000111110000000000000011110000000000111100110000000
000000001111100000000000111110000000000000011110000000000111100110000000
000000001111100000000000111110000000000000011100000000000111111100000000
000000001111100000000000011111000000000000111100000000000011111100000000
000000001111100000000000011111000000000000111000000000000011111100000000
000000001111100000000000001111100000000001111000000000000011111000000000
000000001111100000000000000111110000000011110000000000000011111000000000
000001111111111110000000000011111100000111000000000000000001110000000000
000011111111111110000000000001111111111110000000000000000001110000000000
000000000000000000000000000000001111100000000000000000000000000000000000
000000000000000000000000000000000000000000000000000000000000000000000000
000000000000000000000000000000000000000000000000000000000000000000000000
000000000000000000000000000000000000000000000000000000000000000000000000
000000000000000000000000000000000000000000000000000000000000000000000000
000000000000000000000000000000000000000000000000000000000000000000000000
000000000000000000000000000000000000000000000000000000000000000000000000
000000000000000000000000000000000000000000000000000000000000000000000000
000000000000000000000000000000000000000000000000000000000000000000000000
000000000000000000000000000000000000000000000000000000000000000000000000
000000000000000000000000000000000000000000000000000000000000000000000000
000000000000000000000000000000000000000000000000000000000000000000000000
000000000000000000000000000000000000000000000000000000000000000000000000
000000000000000000000000000000000000000000000000000000000000000000000000
000000000000000000000000000000000000000000000000000000000000000000000000
000000000000000000000000000000000000000000000000000000000000000000000000
000000000000000000000000000000000000000000000000000000000000000000000000
000000000000000000000000000000000000000000000000000000000000000000000000
000000000000000000000000000000000000000000000000000000000000000000000000
000000000000000000000000000000000000000000000000000000000000000000000000
000000000000000000000000000000000000000000000000000000000000000000000000
000000000000000000000000000000000000000000000000000000000000000000000000
000000000000000000000000000000000000000000000000000000000000000000000000
000000000000000000000000000000000000000000000000000000000000000000000000
000000000000000000000000000000000000000000000000000000000000000000000000
000000000000000000000000000000000000000000000000000000000000000000000000
000000000000000000000000000000000000000000000000000000000000000000000000
000000000000000000000000000000000000000000000000000000000000000000000000
000000000000000000000000000000000000000000000000000000000000000000000000
000000000000000000000000000000000000000000000000000000000000000000000000
000000000000000000000000000000000000000000000000000000000000000000000000
000000000000000000000000000000000000000000000000000000000000000000000000
100000000000000000000000000000000001000000000000000000000000000000000000
100000000000000000000000000000000111100000000000000000000000000000000000
110000000000000000000000000000001111000000000000000000000000000000000000
110000000000000000000000000000001111000000000000000000000000000000000000
110000000000000000000000000000001111000000000000000000000000000000000000
110000000000000000000000000000001111000000000000000000000000000000000000
110000000000000000000000000000001111000000000000000000000000000000000000
100000000000000000000000000000001111000000000000000000000000000000000000
100000000000111111110000000000001111000000000000000011111111000000000000
000000000011110001111100000000001111001111100000001111000111110000000111
000000000111000000011110000001111111111111100000011100000001111000001111
000000001110000000001111000011111111111111100000111000000000111100000000
000000011100000000001111000000001111000000000001110000000000111110000000
000000111100000000001111100000001111000000000011110000000000011110000000
000001111000000000000111100000001111000000000011110000000000011110000000
000001111000000000000111100000001111000000000111100000000000011110000000
000001111000000000000111100000001111000000000111100000000000011111000000
000001111100000000000111100000001111000000000111110000000000011111000000
000011111111111111111111100000001111000000000111111111111111111110000000
000011111111111111100000000000001111000000000111111111111110000000000000
000011111000000000000000000000001111000000000111100000000000000000000000
000001111000000000000000000000001111000000000111100000000000000000000000
000001111000000000000000000000001111000000000111110000000000000000000000
000001111100000000000000000000001111000000000111110000000000000000000000
000001111100000000000000000000001111000000000111110000000000000000000000
000001111110000000000000000000001111000000000111111000000000000000000000
000000111110000000000000000000001111000000000011111000000000000000000000
000000111111000000000001100000001111100000000011111100000000000010000000
000000011111110000000111000000001111111111000001111111000000001100000000
000000001111111111111111000000000111111110000000111111111111111100000011
000000000011111111111100000000000111111100000000001111111111110000001111
000000000000111111100000000000000000111000000000000011111110000000000000
000000000000000000000000000000000000000000000000000000000000000000000000
000000000000000000000000000000000000000000000000000000000000000000000000
000000000000000000000000000000000000000000000000000000000000000000000000
000000000000000000000000000000000000000000000000000000000000000000000000
000000000000000000000000000000000000000000000000000000000000000000000000
000000000000000000000000000000000000000000000000000000000000000000000000
000000000000000000000000000000000000000000000000000000000000000000000000
000000000000000000000000000000000000000000000000000000000000000000000000
000000000000000000000000000000000000000000000000000000000000000000000000
000000000000000000000000000000000000000000000000000000000000000000000000
000000000000000000000000000000000000000000000000000000000000000000000000
000000000000000000000000000000000000000000000000000000000000000000000000
000000000000000000000000000000000000000000000000000000000000000000000000
000000000000000000000000000000000000000000000000000000000000000000000000
000000000000000000000000000000000000000000000000000000000000000000000000
000000000000000000000000000000000000000000000000000000000000000000000000
000000000000000000000000000000000000000000000000000000000000000000000000
000000000000000000000000000000000000000000000000000000000000000000000000
000000000000000000000000000000000000000000000000000000000000000000000000
000000000000000000000000000000000000000000000000000000000000000000000000
000000000000000000000000000000000000000000000000000000000000000000000000
000000000000000000000000000000000000000000000000000000000000000000000000
000000000000000000000000000000000000000000000000000000000000000000000000
000000000000000000000000000000000000000000000000000000000000000000000000
000000000000000000000000000000000000000000000000000000000000000000000000
000000000000000000000000000000000000000000000000000000000000000000000000
000000000000000000000000000000000000000000000000000000000000000000000000
000000000000000000000000000000000000000000000000000000000000000000000000
000000000000000000000000000000000000000000000000000000000000000000000000
000000000000000000000000000000000000000000000000000000000000000000000000
000000000000000000000000000000000000000000000000000000000000000000000000
000000000000000000000000000000000000000000000000000000000000000000000000
000000000000000000000000000000000000000000000000000000000000000000000000
000000000000000000000000000000000000000000000000000000000000000000000000
000000000000000000000000000000000000000000000000000000000000000000000000
000000000000000000000000000000000000000000000000000000000000000000000000
000000000000000000000000000000000000000000000000000000000000000000000000
000000000000000000000000000000000000000000000000000000000000000000000000
000000000000000000000000000000000000000000000000000000000000000000000000
111111100000000000000000011111111100000000000000001100000000000000110000
111111111000000000000001111111111111000000000011111100000000001111110000
111111111100000000000011100000001111100000001111111100000000111111110000
000011111110000000000111000000000111110000000001111100000000000111110000
000000111111000000001110000000000011111000000000111100000000000011110000
000000011111000000011110000000000001111100000000111100000000000011110000
000000001111100000011100000000000001111100000000111100000000000011110000
000000001111100000111100000000000000111110000000111100000000000011110000
000000001111100000111100000000000000111110000000111100000000000011110000
000000000111100000111100000000000000111110000000111100000000000011110000
000000000111100001111100000000000000111110000000111100000000000011110000
000000000111100001111100000000000000011110000000111100000000000011110000
000000000111100001111100000000000000011110000000111100000000000011110000
000000000111100001111100000000000000011110000000111100000000000011110000
000000000111000001111100000000000000011110000000111100000000000011110000
000000001111000000111110000000000000111110000000111100000000000011110000
000000001110000000111110000000000000111100000000111100000000000111110000
000000011110000000111110000000000000111100000000111100000000000111110000
000000011100000000011111000000000000111000000000111110000000001111110000
000000111000000000011111000000000001111000000000111110000000011011110000
000011100000000000001111100000000011110000000000111111100001110011110000
111111000000000000000111110000000111100000000000011111111111100011111000
111100000000000000000011111110011110000000000000001111111111000011111111
110000000000000000000000111111111000000000000000000011111000000000000000
000000000000000000000000000000000000000000000000000000000000000000000000
000000000000000000000000000000000000000000000000000000000000000000000000
000000000000000000000000000000000000000000000000000000000000000000000000
000000000000000000000000000000000000000000000000000000000000000000000000
000000000000000000000000000000000000000000000000000000000000000000000000
000000000000000000000000000000000000000000000000000000000000000000000000
000000000000000000000000000000000000000000000000000000000000000000000000
000000000000000000000000000000000000000000000000000000000000000000000000
000000000000000000000000000000000000000000000000000000000000000000000000
000000000000000000000000000000000000000000000000000000000000000000000000
000000000000000000000000000000000000000000000000000000000000000000000000
000000000000000000000000000000000000000000000000000000000000000000000000
000000000000000000000000000000000000000000000000000000000000000000000000
000000000000000000000000000000000000000000000000000000000000000000000000
000000000000000000000000000000000000000000000000000000000000000000000000
000000000000000000000000000000000000000000000000000000000000000000000000
000000000000000000000000000000000000000000000000000000000000000000000000
000000000000000000000000000000000000000000000000000000000000000000000000
