000000000000000000000000000000000000000000000000000000000000000000000000
000000000000000000000000000000000000000000000000000000000000000000000000
000000000000000000000000000000000000000000000000000000000000000000000000
000000000000000000000000000000000000000000000000000000000000000000000000
000000000000000000000000000000000000000000000000000000000000000000000000
000000000000000000000000000000000000000000000000000000000000000000000000
000000000000000000000000000000000000000000000000000000000000000000000000
000000000000000000000000000000000000000000000000000000000000000000000000
000000000000000000000000000000000000000000000000000000000000000000000000
000000000000000000000000000000000000000000000000000000000000000000000000
000000000000000000000000000000000000000000000000000000000000000000000000
000000000000000000000000000000000000000000000000000000000000000000000000
000000000000000000000000000000000000000000000000000000000000000000000000
000000000000000000000000000000000000000000000000000000000000000000000000
000000000000000000000000000000000000000000000000000000000000000000000000
000000000000000000000000000000000000000000000000000000000000000000000000
000000000000000000000000000000000000000000000000000000000000000000000000
000000000000000000000000000000000000000000000000000000000000000000000000
000000000001100000000000000000000000000000000000000000000000000000000000
000000011111100000000000000000000000000000000000000000000000000000000000
000001111111100000000000000000000000000110000000000000000000000000000000
000000001111100000000000000000000000001111000000000000000000000000000000
000000000111100000000000000000000000011111100000000000000000000000000000
000000000111100000000000000000000000011111100000000000000000000000000000
000000000111100000000000000000000000001111000000000000000000000000000000
000000000111100000000000000000000000000000000000000000000000000000000000
000000000111100000000000000000000000000000000000000000000000000000000000
000000000111100000000000000000000000000000000000000000000000000000000000
000000000111100000000000000000000000000000000000000000000000000000000000
000000000111100000000000000000000000000000000000000000000000000000000000
000000000111100000000000000000000000000000000000000000000000000000000000
000000000111100000011111100000000000000011000000000000011000001111000000
000000000111100011111111111000000000011111000000000111111000111111000000
000000000111100111111111111100000011111111000000011111111001111111000000
000000000111101110000011111110000000011111000000000011111011111111000000
000000000111111000000000111110000000001111000000000011111111000111000001
000000000111110000000000111111000000001111000000000001111100000011000011
000000000111100000000000011111000000001111000000000001111100000000000111
000000000111100000000000001111100000001111000000000001111000000000000111
000000000111100000000000001111100000001111000000000001111000000000000111
000000000111100000000000001111100000001111000000000001111000000000001111
000000000111100000000000001111100000001111000000000001111000000000001111
000000000111100000000000001111100000001111000000000001111000000000001111
000000000111100000000000001111000000001111000000000001111000000000001111
000000000111100000000000001111000000001111000000000001111000000000001111
000000000111100000000000001111000000001111000000000001111000000000001111
000000000111100000000000001110000000001111000000000001111000000000001111
000000000111100000000000011110000000001111000000000001111000000000000111
000000000111100000000000011100000000001111000000000001111000000000000111
000000000111100000000000111100000000001111000000000001111000000000000111
000000000111110000000000110000000000001111000000000001111000000000000011
000000000111111000000011100000000000001111000000000011111000000000000001
000000001111111111111111000000000000011111100000000011111100000000000000
000000001110111111111100000000000011111111111100111111111111110000000000
000000000000000111110000000000000000000000000000000000000000000000000000
000000000000000000000000000000000000000000000000000000000000000000000000
000000000000000000000000000000000000000000000000000000000000000000000000
000000000000000000000000000000000000000000000000000000000000000000000000
000000000000000000000000000000000000000000000000000000000000000000000000
000000000000000000000000000000000000000000000000000000000000000000000000
000000000000000000000000000000000000000000000000000000000000000000000000
000000000000000000000000000000000000000000000000000000000000000000000000
000000000000000000000000000000000000000000000000000000000000000000000000
000000000000000000000000000000000000000000000000000000000000000000000000
000000000000000000000000000000000000000000000000000000000000000000000000
000000000000000000000000000000000000000000000000000000000000000000000000
000000000000000000000000000000000000000000000000000000000000000000000000
000000000000000000000000000000000000000000000000000000000000000000000000
000000000000000000000000000000000000000000000000000000000000000000000000
000000000000000000000000000000000000000000000000000000000000000000000000
000000000000000000000000000000000000000000000000000000000000000000000000
000000000000000000000000000000000000000000000000000000000000000000000000
000000000000000000000000000000000000000000000000000000000000000000000000
000000000000000000000000000000000000000000000000000000000000000000000000
000000000000000000000000000000000000000000000000000000000000000000000000
000000000000000000000000000000000000000000000000000000000000000000000000
000000000000000000000000000000000000000000000000000000000000000000000000
000000000000000000000000000000000000000000000000000000000000000000000000
000000000000000000000000000000000000000000000000000000000000000000000000
000000000000000000000000000000000000000000000000000000000000000000000000
000000000000000000000000000000000000000000000000000000000000000000000000
000000000000000000000000000000000000000000000000000000000000000000000000
000000000000000000000000000000000000000000011111000000000000000000000000
000000000000000000000000000000000000000111111111000000000000000000000000
000000000000000000000000000000000000000011111111000000000000000000000000
000000000000000000000000000000000000000000011111000000000000000000000000
000000000000000000000000000000000000000000011111000000000000000000000000
000000000000000000000000000000110000000000011111000000000000000000000000
000000000000000000000000000011110000000000011111000000000000000000000000
000000000000000000000000000011110000000000011111000000000000000000000000
000000000000000000000000000011110000000000011111000000000000000000000000
000000000000000000000000000011110000000000011111000000000000000000000000
000000000000000000000000000011110000000000011111000000000000000000000000
000000000000000000000000000011110000000000011111000000000000000000000000
110000000000000000000000000011110000000000011111000001111100000000000000
111100000000000000000000000011110000000000011111000111111111100000000000
011110000000000000000000001111111111111000011111001111111111110000000000
001111000000000000000000111111111111110000011111011100001111110000000000
000111100000000000000000110111110000000000011111110000000111111000000000
000111100000000000000000000011110000000000011111100000000011111000000001
000111110000000000000000000011110000000000011111000000000001111000000001
000011110000000000000000000011110000000000011111000000000001111100000011
000011110000000000000000000011110000000000011111000000000001111100000011
000011110000000000000000000011110000000000011111000000000001111100000011
111111110000000000000000000011110000000000011111000000000001111100000111
111111100000000000000000000011110000000000011111000000000001111100000111
000000000000000000000000000011110000000000011111000000000001111100000111
000000000000000000000000000011110000000000011111000000000001111100000111
000000000000000000000000000011110000000000011111000000000001111100000111
000000000000000000000000000011110000000000011111000000000001111100000011
000000000000000000000000000011110000000000011111000000000001111100000011
000000000000000000000000000011110000000000011111000000000001111100000011
000000000000000000000000000011110000000000011111000000000001111100000011
000000000000000000000000000011110000000000011111000000000001111100000001
000001100000000000000000000011111000110000011111000000000001111100000000
000111100000000000000000000011111111110000011111000000000001111100000000
111111000000000000000000000001111111100111111111111100000001111111100000
111000000000000000000000000000111111000011100000111000000000110001100000
000000000000000000000000000000000000000000000000000000000000000000000000
000000000000000000000000000000000000000000000000000000000000000000000000
000000000000000000000000000000000000000000000000000000000000000000000000
000000000000000000000000000000000000000000000000000000000000000000000000
000000000000000000000000000000000000000000000000000000000000000000000000
000000000000000000000000000000000000000000000000000000000000000000000000
000000000000000000000000000000000000000000000000000000000000000000000000
000000000000000000000000000000000000000000000000000000000000000000000000
000000000000000000000000000000000000000000000000000000000000000000000000
000000000000000000000000000000000000000000000000000000000000000000000000
000000000000000000000000000000000000000000000000000000000000000000000000
000000000000000000000000000000000000000000000000000000000000000000000000
000000000000000000000000000000000000000000000000000000000000000000000000
000000000000000000000000000000000000000000000000000000000000000000000000
000000000000000000000000000000000000000000000000000000000000000000000000
000000000000000000000000000000000000000000000000000000000000000000000000
000000000000000000000000000000000000000000000000000000000000000000000000
000000000000000000000000000000000000000000000000000000000000000000000000
000000000000000000000000000000000000000000000000000000000000000000000000
000000000000000000000000000000000000000000000000000000000000000000000000
000000000000000000000000000000000000000000000000000000000000000000000000
000000000000000000000000000000000000000000000000000000000000000000000000
000000000000000000000000000000000000000000000000000000000000000000000000
000000000000000000000000000000000000000000000000000000000000000000000000
000000000000000000000000000000000000000000000000000000000000000000000000
000000000000000000000000000000000000000000000000000000000000000000000000
000000000000000000000000000000000000000000000000000000000000000000000000
000000000000000000000000000000000000000000000000000000000000000000000000
000000000000000000000000000000000000000000000000000000000000000000000000
000000000000000000000000000000000000000000000000000000000000000000000000
000000000000000000000000000000000000000000000000000000000000000000000000
000000000000000000000000000000000000000000000000000000000000000000000000
000000000000000000000000000000000000000000000000000000000000000000000000
000000000000000000000000000000000000000000000000000000000000000000000000
000000000000000000000000000000000000000000000000000000000000000000000000
000000000000000000000000000000000000000000000000000000000000000000000000
000000000000000000000000000000000000000000000000000000000000000000000000
000000000000000000000000000000000000000000000000000000000000000000000000
000000000000000000000000000000000000000000000000000000000000000000000000
000000000000000000000000000000000000000000111100000000000000000100000011
000111111111111000001111111111000000000111111111100000000000111100001111
000001111111000000000001111000000000011110000111110000001111111100011111
000000111110000000000001110000000000111000000001111000001111111100111111
000000111110000000000001110000000001110000000001111100000001111101111111
000000011110000000000001100000000011110000000000111100000000111111000001
000000011111000000000001100000000111100000000000111110000000111110000000
000000001111000000000011000000000111100000000000111110000000111110000000
000000001111100000000011000000000111100000000000011110000000111100000000
000000000111100000000010000000001111100000000000011110000000111100000000
000000000111110000000110000000001111111100000111111110000000111100000000
000000000111110000000110000000001111111111111111111110000000111100000000
000000000011110000001100000000001111100000000000000000000000111100000000
000000000011111000001100000000001111100000000000000000000000111100000000
000000000001111000001000000000001111100000000000000000000000111100000000
000000000001111100011000000000001111100000000000000000000000111100000000
100000000000111100010000000000000111100000000000000000000000111100000000
000000000000111100110000000000000111110000000000000000000000111100000000
000000000000111110100000000000000111110000000000000000000000111100000000
000000000000011111100000000000000011111000000000000000000000111100000000
000000000000011111100000000000000011111100000000000100000000111100000000
000000000000001111000000000000000001111111000000111100000001111100000000
