000000000000000000000000000000000000000000000000000000000000000000000000
000000000000000000000000000000000000000000000000000000000000000000000000
000000000000000000000000000000000000000000000000000000000000000000000000
000000000000000000000000000000000000000000000000000000000000000000000000
000000000000000000000000000000000000000000000000000000000000000000000000
000000000000000000000000000000000000000000000000000000000000000000000000
000000000000000000000000000000000000000000000000000000000000000000000000
000000000000000000000000000000000000000000000000000000000000000000000000
000000000000000000000000000000000000000000000000000000000000000000000000
000000000000000000000000000000000000000000000000000000000000000000000000
000000000000000000000000000000000000000000000000000000000000000000000000
000000000000000000000000000000000000000000000000000000000000000000000000
000000000000000000000000000000000000000000000000000000000000000000000000
000000000000000000000000000000000000000000000000000000000000000000000000
000000000000000000000000000000000000000000000000000000000000000000000000
000000000000000000000000000000000000000000000000000000000000000000000000
000000000000000000000000000000000000000000000000000000000000000000000000
000000000000000000000000000000000000000000000000000000000000000000000000
000000000000000000000000000000000000000000000000000000000000000000000000
000000000000000000000000000000000000000000000000000000000000000000000000
000000000000000000000000000000000000000000000000000000000000000000000000
000000000000000000000000000000000000000000000000000000000000000000000000
000000000000000000000000000000000000000000000000000000000000000000000000
000000000000000000000000000000000000000000000000000000000000000000000000
000000000000000000000000000000000000000000000000000000000000000000000000
000000000000000000000000000000000000000000000000000000000000000000000000
000000000000000000000000000000000000000000000000000000000000000000000000
000000000000000000000000000000000000000000000000000000000000000000000000
000000000000000000000000000000000000000000000000000000000000000000000000
000000000000000000000000000000000000000000000000000000000000000000000000
000000000000000000000000000000000000000000000000000000000000000000000000
000000000000000000000000000000000000000000000000000000000000000000000000
000000000000000000000000000000000000000000000000000000000000000000000000
000000000000000000000000000000000000000000000000000000000000000000000000
000000000000000000000000000000000000000000000000000000000000000000000000
000000000000000000000000000000000000000000000000000000000000000000000000
000000000000000000000000000000000000000000000000000000000000000000000000
000000000000000000000000000000000000000000000000000000000000000000000000
000000000000000000000000000000000000000000000000000000000000000000000000
000000000000000000000000000000000000000000000000000000000000000000000000
000000000000000000000000000000000000000000000000000000000000000000000000
000000000000000000000000000000000000000000000000000000000000000000000000
000000000000000000000000000000000000000000000000000000000000000000000000
000000000000000000000000000000000000000000000000000000000000000000000000
000000000000000000000000000000000000000000000000000000000000000000000000
000000000000000000000000000000000000000000000000000000000000000000000000
000000000000000000000000000000000000000000000000000000000000000000000000
000000000000000000000000000000000000000000000000000000000000000000000000
000000000000000000000000000000000000000000000000000000000000000000000000
000000000000000000000000000000000000000000000000000000000000000000000000
000000000000000000000000000000000000000000000000000000000000000000000000
000000000000000000000000000000000000000000000000000000000000000000000000
000000000000000000000000000000000000000000000000000000000000000000000000
000000000000000000000000000000000000000000000000000000000000000000000000
000000000000000000000000000000000000000000000000000000000000000000000000
000000000000000000000000000000000000000000000000000000000000000000000000
000000000000000000000000000000000000000000000000000000000000000000000000
000000000000000000000000000000000000000000000000000000000000000001110000
000000000000000000000000000000000000000000000000000000000000000111110000
000000000000000000000000000000000000000000000000000000000000000111110000
000000000000000000000000000000000000000000000000000000000000000111100000
000000000000000000000000000000000000000000000000000000000000000111100000
000000000000000000000000000000000000000000000000000000000000000111100000
000000000000000000000000000000000000000000000000000000000000000111100000
000000000011000001111100000000001111100000000000000000000000000111100000
000000011111000111111111000000111111111000000000000000000000000111100000
000011111111001111111111100001111111111100000000000000000000001111111111
000000111111011100001111110011100001111110000000000000000000111111111111
000000011111110000000111111110000000111110000000000000000000100111110000
000000001111100000000011111100000000011110000000000000000000000111100000
000000001111000000000011111000000000011111000000000000000000000111100000
000000001111000000000011111000000000011111000000000000000000000111100000
100000001111000000000001111000000000001111000000000000000000000111100000
100000001111000000000001111000000000001111000000000000000000000111100000
100000001111000000000001111000000000001111000000000000000000000111100000
100000001111000000000001111000000000001111000000000000000000000111100000
100000001111000000000001111000000000001111000000000000000000000111100000
100000001111000000000001111000000000001111000000000000000000000111100000
100000001111000000000001111000000000001111000000000000000000000111100000
100000001111000000000001111000000000001111000000000000000000000111100000
000000001111000000000001111000000000001111000000000000000000000111100000
000000001111000000000001111000000000001111000000000000000000000111100000
000000001111000000000001111000000000001111000000000000000000000111100000
000000001111000000000001111000000000001111000000000000000000000111110000
000000011111000000000011111000000000001111000000000000000000000111111000
000000011111000000000011111000000000001111000000000000000000000011111111
000111111111111100111111111111100000001111111100000000000000000011111111
000010000000001000010000000001000000001000000100000000000000000000111110
000000000000000000000000000000000000000000000000000000000000000000000000
000000000000000000000000000000000000000000000000000000000000000000000000
000000000000000000000000000000000000000000000000000000000000000000000000
000000000000000000000000000000000000000000000000000000000000000000000000
000000000000000000000000000000000000000000000000000000000000000000000000
000000000000000000000000000000000000000000000000000000000000000000000000
000000000000000000000000000000000000000000000000000000000000000000000000
000000000000000000000000000000000000000000000000000000000000000000000000
000000000000000000000000000000000000000000000000000000000000000000000000
000000000000000000000000000000000000000000000000000000000000000000000000
000000000000000000000000000000000000000000000000000000000000000000000000
000000000000000000000000000000000000000000000000000000000000000000000000
000000000000000000000000000000000000000000000000000000000000000000000000
000000000000000000000000000000000000000000000000000000000000000000000000
000000000000000000000000000000000000000000000000000000000000000000000000
000000000000000000000000000000000000000000000000000000000000000000000000
000000000000000000000000000000000000000000000000000000000000000000000000
000000000000000000000000000000000000000000000000000000000000000000000000
000000000000000000000000000000000000000000000000000000000000000000000000
000000000000000000000000000000000000000000000000000000000000000000000000
000000000000000000000000000000000000000000000000000000000000000000000000
000000000000000000000000000000000000000000000000000000000000000000000000
000000000000000000000000000000000000000000000000000000000000000000000000
000000000000000000000000000000000000000000000000000000000000000000000000
000000000000000000000000000000000000000000000000000000000000000000000000
000000000000000000000000000000000000000000000000000000000000000000000000
000000000000000000000000000000000000000000000000000000000000000000000000
000000000000000000000000000000000000000000000000000000000000111100000000
000000000000000000000000000000000000000000000000000000001111111100000000
000000000000000000000000000000000000000000000000000000001111111100000000
000000000000000000000000000000000000000000000000000000000001111100000000
000000000000000000000000000000000000000000000000000000000000111100000000
000110000000000000000000000000000000000000000000000000000000111100000000
011110000000000000000000000000000000000000000000000000000000111100000000
111110000000000000000000000000000000000000000000000000000000111100000000
011110000000000000000000000000000000000000000000000000000000111100000000
011110000000000000000000000000000000000000000000000000000000111100000000
011110000000000000000000000000000000000000000000000000000000111100000000
011110000000000000000000000000000000000000000000000000000000111100000000
011110000000000000000001111100000000000000000000000011110000111100000000
011110000000000000001111111111100000000000000000011111111111111100000000
111111111110000000111100000111111000000000000001111111111111111100000000
111111111110000001110000000001111100000000000111100000001111111100000000
111111111110000011110000000000111110000000001110000000000011111100000000
111110000000000111100000000000011111000000011110000000000001111100000000
111110000000000111100000000000011111000000111100000000000000111100000000
111110000000001111000000000000001111100000111100000000000000111100000000
111110000000001111000000000000001111100001111000000000000000111100000000
111110000000001111000000000000001111100001111000000000000000111100000000
111110000000001111000000000000001111100001111000000000000000111100000000
111110000000011111000000000000000111100001111000000000000000111100000000
111110000000011111000000000000000111100001111000000000000000111100000000
111110000000011111000000000000000111100001111000000000000000111100000000
111110000000011111000000000000000111100001111100000000000001111100000000
111110000000001111100000000000000111100001111100000000000001111100000000
111110000000001111100000000000001111100001111100000000000001111100000001
111110000000001111100000000000001111000001111110000000000001111100000001
111110000000000111110000000000001111000000111110000000000011111100000001
111110000000000111110000000000001110000000111111000000000111111100000001
011111000010000011111000000000011100000000011111110000001100111100000001
011111111100000001111100000000111000000000001111111111111000111100000000
011111111100000000111111000011110000000000000111111111110000111111110000
000111111000000000011111111111000000000000000001111111100000111111110000
000000000000000000000001110000000000000000000000000000000000000000000000
000000000000000000000000000000000000000000000000000000000000000000000000
000000000000000000000000000000000000000000000000000000000000000000000000
000000000000000000000000000000000000000000000000000000000000000000000000
000000000000000000000000000000000000000000000000000000000000000000000000
000000000000000000000000000000000000000000000000000000000000000000000000
000000000000000000000000000000000000000000000000000000000000000000000000
000000000000000000000000000000000000000000000000000000000000000000000000
000000000000000000000000000000000000000000000000000000000000000000000000
000000000000000000000000000000000000000000000000000000000000000000000000
000000000000000000000000000000000000000000000000000000000000000000000000
000000000000000000000000000000000000000000000000000000000000000000000000
000000000000000000000000000000000000000000000000000000000000000000000000
000000000000000000000000000000000000000000000000000000000000000000000000
000000000000000000000000000000000000000000000000000000000000000000000000
000000000000000000000000000000000000000000000000000000000000000000000000
000000000000000000000000000000000000000000000000000000000000000000000000
000000000000000000000000000000000000000000000000000000000000000000000000
000000000000000000000000000000000000000000000000000000000000000000000000
000000000000000000000000000000000000000000000000000000000000000000000000
000000000000000000000000000000000000000000000000000000000000000000000000
000000000000000000000000000000000000000000000000000000000000000000000000
000000000000000000000000000000000000000000000000000000000000000000000000
000000000000000000000000000000000000000000000000000000000000000000000000
000000000000000000000000000000000000000000000000000000000000000000000000
000000000000000000000000000000000000000000000000000000000000000000000000
000000000000000000000000000000000000000000000000000000000000000000000000
000000000000000000000000000000000000001110000000000000000000000000000000
