000000000000000000000000000000000000000000000000000000000000000000000000
000000000000000000000000000000000000000000000000000000000000000000000000
000000000000000000000000000000000000000000000000000000000000000000000000
000000000000000000000000000000000000000000000000000000000000000000000000
000000000000000000000000000000000000000000000000000000000000000000000000
000000000000000000000000000000000000000000000000000000000000000000000000
000000000000000000000000000000000000000000000000000000000000000000000000
000000000000000000000000000000000000000000000000000000000000000000000000
000000000000000000000000000000000000000000000000000000000000000000000000
000000000000000000000000000000000000000000000000000000000000000000000000
000000000000000000000000000000000000000000000000000000000000000000000000
000000000000000000000000000000000000000000000000000000000000000000000000
000000000000000000000000000000000000000000000000000000000000000000000000
000000000000000000000000000000000000000000000000000000000000000000000000
000000000000000000000000000000000000000000000000000000000000000000000000
000000000000000000000000000000000000000000000000000000000000000000000000
000000000000000000000000000000000000000000000000000000000000000000000000
000000000000000011000000000000000000000000000000000000000000000000000000
000000000001111111000000000000000000000000000000000000000000000000000000
000000000011111111000000000000000000000000000000000000000000000000000000
000000000000011111000000000000000000000000000000000000000000000000000000
000000000000001111000000000000000000000000000000000000000000000000000000
000000000000001111000000000000000000000000000000000000000000000000000000
000000000000001111000000000000000000000000000000000000000000000000000000
000000000000001111000000000000000000000000000000000000000000000000000000
000000000000001111000000000000000000000000000000000000000000000000000000
000000000000001111000000000000000000000000000000000000000000000000000000
000000000000001111000000000000000000000000000000000000000000000000000000
000000000000001111000000000000000000000000000000000000000000000000000000
000000000000001111000000000000000000000000000000000000000000000000000000
000011111111001111000000000000000000000000000011111111100000000000000111
001111111111111111000000000000000000000000001111111111110000000001111111
111100000111111111000000000000000000000000011100001111111000000011111111
110000000000111111000000000000000000000000111000000011111100000000011111
100000000000011111000000000000000000000000110000000001111100000000001111
000000000000001111000000000000000000000000110000000000111100000000001111
000000000000001111000000000000000000000000000000000000111100000000001111
000000000000001111000000000000000000000000000000000000111110000000001111
000000000000001111000000000000000000000000000000000000111110000000001111
000000000000001111000000000000000000000000000000001111111110000000001111
000000000000001111000000000000000000000000000011111110111110000000001111
000000000000001111000000000000000000000000001111100000011110000000001111
000000000000001111000000000000000000000000111110000000011110000000001111
000000000000001111000000000000000000000001111100000000011110000000001111
000000000000001111000000000000000000000001111000000000011110000000001111
000000000000001111000000000000000000000011110000000000011110000000001111
100000000000011111000000000000000000000011110000000000011110000000001111
100000000000011111000000000000000000000011110000000000111110000000001111
110000000000111111000000000000000000000011111000000001111110000000001111
111000000001101111000000000000000000000011111000000011111110000000001111
111110001111001111000000000000000000000001111110011100111110000000011111
111111111110001111100000000000000000000001111111111000111110000000111111
111111111000001111111100000000000000000000111111100000111111110011111111
000011110000000000000000000000000000000000000111000000000000000000000000
000000000000000000000000000000000000000000000000000000000000000000000000
000000000000000000000000000000000000000000000000000000000000000000000000
000000000000000000000000000000000000000000000000000000000000000000000000
000000000000000000000000000000000000000000000000000000000000000000000000
000000000000000000000000000000000000000000000000000000000000000000000000
000000000000000000000000000000000000000000000000000000000000000000000000
000000000000000000000000000000000000000000000000000000000000000000000000
000000000000000000000000000000000000000000000000000000000000000000000000
000000000000000000000000000000000000000000000000000000000000000000000000
000000000000000000000000000000000000000000000000000000000000000000000000
000000000000000000000000000000000000000000000000000000000000000000000000
000000000000000000000000000000000000000000000000000000000000000000000000
000000000000000000000000000000000000000000000000000000000000000000000000
000000000000000000000000000000000000000000000000000000000000000000000000
000000000000000000000000000000000000000000000000000000000000000000000000
000000000000000000000000000000000000000000000000000000000000000000000000
000000000000000000000000000000000000000000000000000000000000000000000000
000000000000000000000000000000000000000000000000000000000000000000000000
000000000000000000000000000000000000000000000000000000000000000000000000
000000000000000000000000000000000000000000000000000000000000000000000000
000000000000000000000000000000000000000000000000000000000000000000000000
000000000000000000000000000000000000000000000000000000000000000000000000
000000000000000000000000000000000000000000000000000000000000000000000000
000000000000000000000000000000000000000000000000000000000000000000000000
000000000000000000000000000000000000000000000000000000000000000000000000
000000000000000000000000000000000000000000000000000000000000000000000000
000000000011000000000000000000000000000010000000000000000000000000000000
000000111111000000000000000000000000111110000000000000000000000000000000
000011111111000000000001110000000111111110000000000011100000000000000000
000000011111000000000011111000000000011110000000000111110000000000000000
000000001111000000000011111000000000011110000000000111110000000000000000
000000001111000000000011111000000000011110000000000111110000000000000000
000000001111000000000001111000000000011110000000000011110000000000000000
000000001111000000000000100000000000011110000000000001000000000000000000
000000001111000000000000000000000000011110000000000000000000000000000000
000000001111000000000000000000000000011110000000000000000000000000000000
000000001111000000000000000000000000011110000000000000000000000000000000
000000001111000000000000000000000000011110000000000000000000000000000000
000000001111000000000000000000000000011110000000000000000000000000000000
111110001111000000000000011000000000011110000000000000110000000000000001
111111111111000000000111111000000000011110000000001111110000000000000111
001111111111000000011111111000000000011110000000111111110000000000011100
000001111111000000000011111000000000011110000000000111110000000000111000
000000011111000000000001111000000000011110000000000011110000000001111000
000000001111000000000001111000000000011110000000000011110000000001110000
000000001111000000000001111000000000011110000000000011110000000011110000
000000001111000000000001111000000000011110000000000011110000000011110000
000000001111000000000001111000000000011110000000000011110000000011110000
000000001111000000000001111000000000011110000000000011110000000011110000
000000001111000000000001111000000000011110000000000011110000000011111000
000000001111000000000001111000000000011110000000000011110000000011111000
000000001111000000000001111000000000011110000000000011110000000001111100
000000001111000000000001111000000000011110000000000011110000000000111110
000000001111000000000001111000000000011110000000000011110000000000011111
000000011111000000000001111000000000011110000000000011110000000000000111
000000011111000000000001111000000000011110000000000011110000000000001110
000000011111000000000001111000000000011110000000000011110000000000011100
000000111111000000000001111000000000011110000000000011110000000000111000
000001101111000000000001111000000000011110000000000011110000000001111100
000111001111000000000001111000000000011111000000000011110000000001111111
111110001111100000000011111100000000111111000000000111111000000001111111
111100001111111100011111111111100111111111111100111111111111000000111111
110000000000000000000000000000000000000000000000000000000000000000001111
000000000000000000000000000000000000000000000000000000000000000000011100
000000000000000000000000000000000000000000000000000000000000000001110000
000000000000000000000000000000000000000000000000000000000000000011100000
000000000000000000000000000000000000000000000000000000000000000111100000
000000000000000000000000000000000000000000000000000000000000000111100000
000000000000000000000000000000000000000000000000000000000000000111000000
000000000000000000000000000000000000000000000000000000000000000111100000
000000000000000000000000000000000000000000000000000000000000000111100000
000000000000000000000000000000000000000000000000000000000000000111100000
000000000000000000000000000000000000000000000000000000000000000011110000
000000000000000000000000000000000000000000000000000000000000000001111000
000000000000000000000000000000000000000000000000000000000000000000111111
000000000000000000000000000000000000000000000000000000000000000000001111
000000000000000000000000000000000000000000000000000000000000000000000000
000000000000000000000000000000000000000000000000000000000000000000000000
000000000000000000000000000000000000000000000000000000000000000000000000
000000000000000000000000000000000000000000000000000000000000000000000000
000000000000000000000000000000000000000000000000000000000000000000000000
000000000000000000000000000000000000000000000000000000000000000000000000
000000000000000000000000000000000000000000000000000000000000000000000000
000000000000000000000000000000000000000000000000000000000000000000000000
000000000000000000000000000000000000000000000000000000000000000000000000
000000000000000000000000000000000000000000000000000000000000000000000000
000000000000000000000000000000000000000000000000000000000000000000000000
000000000000000000000000000000000000000000000000000000000000000000000000
000000000000000000000000000000000000000000000000000000000000000000000000
000000000000000000000000000000000000000000000000000000000000000000000000
000000000000000000000000000000000000000000000000000000000000000000000000
000000000000000000000000000000000000000000000000000000000000000000000000
000000000000000000000000000000000000000000000000000000000000000000000000
000000000000000000000000000000000000000000000000000000000000000000000000
000000000000000000000000000000000000000000000000000000000000000000000000
000000000000000000000000000000000000000000000000000000000000000000000000
000000000000000000000000000000000000000000000000000000000000000000000000
000000000000000000000000000000000000000000000000000000000000000000000000
000000000000000000000000000000000000000000000000000000000000000000000000
000000000000000000000000000000000000000000000000000000000000000000000000
000000000000000000000000000000000000000000000000000000000000000000000000
000000000000000000000000000000000000000000000000000000000000000000000000
000000000000000000000000000000000000000000000000000000000000000000000000
000000000000000000000000000000000000000000000000000000000000000000000000
000000000000000000000000000000000000000000000000000000000000000000000000
000000000000000000000000000000000000000000000000000000000000000000000000
000000000000000000000000000000000000000000000000000000000000000000000000
000000000000000000000000000000000000000000000000000000000000000000000000
000000000000000000000000000000000000000000000000000000000000000000000000
000000000000000000000000000000000000000000000000000000000000000000000000
000000000000000000000000000000000000000000000000000000000000000000000000
000000000000000000000000000000000000000000000000000000000000000000000000
000000000000000000000000000000000000000000000000000000000000000000000000
000000000000000000000000000000000000000000000000000000000000000000000000
000000000000000000000000000000000000000000000000000000000000000000000000
000000000000000000000000000000000000000000000000000000000000000000000000
000000000000000000000000000000000000000000000000000000000000000000000000
000000000000000000000000000000000000000000000000000000000000000000000000
000000000000000000000000000000000000000000000000000000000000000000000000
000000000000000000000000000000000000000000000000000000000000000000000000
000000000000000000000000000000000000000000000000000000000000000000000000
000000000000000000000000000000000000000000000000000000000000000000000000
000000000000000000000000000000000000000000000000000000000000000000000000
000000000000000000000000000000000000000000000000000000000000000000000000
000000000000000000000000000000000000000000000000000000000000000000000000
