000000000000000000000000000000000000000000000000000000000000000000000000
000000000000000000000000000000000000000000000000000000000000000000000000
000000000000000000000000000000000000000000000000000000000000000000000000
000000000000000000000000000000000000000000000000000000000000000000000000
000000000000000000000000000000000000000000000000000000000000000000000000
000000000000000000000000000000000000000000000000000000000000000000000000
000000000000000000000000000000000000000000000000000000000000000000000000
000000000000000000000000000000000000000000000000000000000000000000000000
000000000000000000001000000000000000000000000000000000000000000000000000
000000000000000011111000000000000000000000000000000000000000000000000000
000000000000000011111000000000000000000000000000000000000000000000000000
000000000000000011110000000000000000000000000000000000000000000000000000
000000000000000111110000000000000000000000000000000000000000000000000000
000000000000000111100000000000000000000000000000000000000000000000000000
000000000000000111100000000000000000000000000000000000000000000000000000
000000000000000111000000000000000000000000000000000000000000000000000000
000000000000001110000000000000000000000000000000000000000000000000000000
000000000000001110000000000000000000000000000000000000000000000000000000
000000000000011100000000000000000000000000000000000000000000000000000000
000000000000011000000000000000000000000000000000000000000000000000000000
110000000000110000000000000000011111110000000000000000000000000000001000
111100000000000000000000000001111111111110000000000000000000000001111100
011110000000000000000000000111100000011110000000000000000000011111111100
001111000000000000000000000111000000000110000000000000000000001111111101
000111100000000000000000001110000000000110000000000000000000000001111111
000111100000000000000000001110000000000010000000000000000000000001111110
000111110000000000000000011110000000000010000000000000000000000001111100
000011110000000000000000011111000000000000000000000000000000000001111100
000011110000000000000000001111100000000000000000000000000000000001111100
000011110000000000000000001111111100000000000000000000000000000001111100
111111110000000000000000001111111111110000000000000000000000000001111100
111111100000000000000000000111111111111110000000000000000000000001111100
000000000000000000000000000001111111111111000000000000000000000001111100
000000000000000000000000000000001111111111000000000000000000000001111100
000000000000000000000000000000000000111111100000000000000000000001111100
000000000000000000000000000000000000001111100000000000000000000001111100
000000000000000000000000001000000000000111100000000000000000000001111100
000000000000000000000000001000000000000111100000000000000000000001111100
000000000000000000000000001000000000000111100000000000000000000001111100
000000000000000000000000001000000000000111000000000000000000000001111100
000001100000000000000000011100000000001111000000000000000000000001111100
000111100000000000000000011110000000011110000000000000000000000001111100
111110000000000000000000011111110001111000000000000000000000011111111111
111000000000000000000000001111111111100000000000000000000000001100000001
000000000000000000000000000000000000000000000000000000000000000000000000
000000000000000000000000000000000000000000000000000000000000000000000000
000000000000000000000000000000000000000000000000000000000000000000000000
000000000000000000000000000000000000000000000000000000000000000000000000
000000000000000000000000000000000000000000000000000000000000000000000000
000000000000000000000000000000000000000000000000000000000000000000000000
000000000000000000000000000000000000000000000000000000000000000000000000
000000000000000000000000000000000000000000000000000000000000000000000000
000000000000000000000000000000000000000000000000000000000000000000000000
000000000000000000000000000000000000000000000000000000000000000000000000
000000000000000000000000000000000000000000000000000000000000000000000000
000000000000000000000000000000000000000000000000000000000000000000000000
000000000000000000000000000000000000000000000000000000000000000000000000
000000000000000000000000000000000000000000000000000000000000000000000000
000000000000000000000000000000000000000000000000000000000000000000000000
000000000000000000000000000000000000000000000000000000000000000000000000
000000000000000000000000000000000000000000000000000000000000000000000000
000000000000000000000000000000000000000000000000000000000000000000000000
000000000000000000000000000000000000000000000000000000000000000000000000
000000000000000000000000000000000000000000000000000000000000000000000000
000000000000000000000000000000000000000000000000000000000000000000000000
000000000000000000000000000000000000000000000000000000000000000000000000
000000000000000000000000000000000000000000000000000000000000000000000000
000000000000000000000000000000000000000000000000000000000000000000000000
000000000000000000000000000000000000000000000000000000000000000000000000
000000000000000000000000000000000000000000000000000000000000000000000000
000000000000000000000000000000000000000000000000000000000000000000000000
000000000000000000000000000000000000000000000000000000000000000000000000
000000000000000000000000000000000000000000000000000000000000000000000000
000000000000000000000000000000000000000000000000000000000000000000000001
000000000000000000000000000000000000000000000000000000000000000000000001
000000000000000000000000000000000000000000000000000000000000000000000001
000000000000000000000000000000000000000000000000000000000000000000000001
000000000000000000000000000000000000000000000000000000000000000000000011
000000000000000000000000000000000000000000000000000000000000000000000011
000000000000000000000000000000000000000000000000000000000000000000000111
000000000000000000000000000000000000000000000000000000000000000000000111
000000000000000000000000000000000000000000000000000000000000000000000110
000000000000000000000000000000000000000000000000000000000000000000001110
001111000000000000000111110000000000000000000000001111100000000000011100
111111111000000000111111111100000000000011111000111111111000000000000000
111111111000000011111111111110000000011111111001111111111100000000000000
000001111000000111000000111111000000011111111011100011111110000000000000
000000011000000110000000001111000000000011111110000000111111000000000000
000000011000000110000000001111100000000011111100000000011111000000000000
000000011000000100000000000111100000000011111000000000001111000000000000
000000011000000000000000000111100000000011111000000000001111100000000000
000000000000000000000000000111100000000011111000000000001111100000000000
000000000000000000000000001111100000000011111000000000001111100000000000
000000000000000000000111111111100000000011111000000000001111100000000000
000000000000000000111111000111100000000011111000000000001111100000000000
000000000000000011110000000111100000000011111000000000001111100000000000
000000000000000111100000000111100000000011111000000000001111100000000000
000000000000001111000000000111100000000011111000000000001111100000000000
000000000000011110000000000111100000000011111000000000001111100000000000
000000000000011110000000000111100000000011111000000000001111100000000000
000000000000011110000000000111100000000011111000000000001111100000000000
000000000000011110000000001111100000000011111000000000001111100000000000
000000000000011111000000011111100000000011111000000000001111100000000000
000000000000011111000000110111100000000011111000000000001111100000000000
100000011000001111111111000111100000000011111000000000001111100000000000
111111111000001111111110000111111100111111111111000000001111111100000000
111111110000000011111100000111111100111111111111100000000111111100000000
111100000000000000000000000000000000000000000000000000000000000000000000
000000000000000000000000000000000000000000000000000000000000000000000000
000000000000000000000000000000000000000000000000000000000000000000000000
000000000000000000000000000000000000000000000000000000000000000000000000
000000000000000000000000000000000000000000000000000000000000000000000000
000000000000000000000000000000000000000000000000000000000000000000000000
000000000000000000000000000000000000000000000000000000000000000000000000
000000000000000000000000000000000000000000000000000000000000000000000000
000000000000000000000000000000000000000000000000000000000000000000000000
000000000000000000000000000000000000000000000000000000000000000000000000
000000000000000000000000000000000000000000000000000000000000000000000000
000000000000000000000000000000000000000000000000000000000000000000000000
000000000000000000000000000000000000000000000000000000000000000000000000
000000000000000000000000000000000000000000000000000000000000000000000000
000000000000000000000000000000000000000000000000000000000000000000000000
000000000000000000000000000000000000000000000000000000000000000000000000
000000000000000000000000000000000000000000000000000000000000000000000000
000000000000000000000000000000000000000000000000000000000000000000000000
000000000000000000000000000000000000000000000000000000000000000000000000
000000000000000000000000000000000000000000000000000000000000000000000000
000000000000000000000000000000000000000000000000000000000000000000000000
000000000000000000000000000000000000000000000000000000000000000000000000
000000000000000000000000000000000000000000000000000000000000000000000000
000000000000000000000000000000000000000000000000000000000000000000000000
000000000000000000000000000000000000000000000000000000000000000000000000
000000000000000000000000000000000000000000000000000000000000000000000000
000000000000000000000000000000000000000000000000000000000000000000000000
000000000000000000000000000000000000000000000000000000000000000000000000
000000000000000000000000000000000000000000000000000000000000000000000000
000000000000000000000000000000000000000000000000000000000000000000000000
000000000000000000000000000000000000000000000000000000000000000000000000
000000000000000000000000000000000000000000000000000000000000000000000000
000000000000000001000000000000000000000000000000000000000000000000000000
000000000000001111000000000000000000000000000000000000000000000000000011
000000000000001111000000000000000000000000000000000000000000000000000111
000000000000001111000000000000000000000000000000000000000000000000000111
000000000000001111000000000000000000000000000000000000000000000000000111
000000000000001111000000000000000000000000000000000000000000000000000111
000000000000001111000000000000000000000000000000000000000000000000000111
000000000000001111000000000000000000000000000000000000000000000000000111
000000000000001111000000000000000011111111110000000000000000000000000111
000000000000011111111111000000001111000011111100000000000000000000001111
000000000001111111111111000000011100000000111110000000000000000000111111
000000000011111111111111000000111000000000011111000000000000000001111111
000000000000001111000000000001110000000000001111100000000000000000000111
000000000000001111000000000011110000000000001111100000000000000000000111
000000000000001111000000000011110000000000000111110000000000000000000111
000000000000001111000000000111100000000000000111110000000000000000000111
000000000000001111000000000111100000000000000111110000000000000000000111
000000000000001111000000000111100000000000000011111000000000000000000111
000000000000001111000000000111100000000000000011111000000000000000000111
000000000000001111000000000111100000000000000011111000000000000000000111
000000000000001111000000000111100000000000000011111000000000000000000111
000000000000001111000000000111100000000000000011110000000000000000000111
000000000000001111000000000111110000000000000011110000000000000000000111
000000000000001111000000000111110000000000000011110000000000000000000111
000000000000001111000000000111110000000000000111100000000000000000000111
000000000000001111000000000011111000000000000111100000000000000000000111
000000000000001111000000000011111000000000000111000000000000000000000111
000000000000001111100000000001111100000000001111000000000000000000000111
000000000000001111111111000000111110000000011110000000000000000000000111
000000000000001111111110000000011111000000111000000000000000000000000011
000000000000000111111100000000001111111111110000000000000000000000000001
000000000000000000000000000000000001111110000000000000000000000000000000
000000000000000000000000000000000000000000000000000000000000000000000000
000000000000000000000000000000000000000000000000000000000000000000000000
000000000000000000000000000000000000000000000000000000000000000000000000
000000000000000000000000000000000000000000000000000000000000000000000000
000000000000000000000000000000000000000000000000000000000000000000000000
000000000000000000000000000000000000000000000000000000000000000000000000
000000000000000000000000000000000000000000000000000000000000000000000000
000000000000000000000000000000000000000000000000000000000000000000000000
