000000000000000000000000000000000000000000000000000000000000000000000000
000000000000000000000000000000000000000000000000000000000000000000000000
000000000000000000000000000000000000000000000000000000000000000000000000
000000000000000000000000000000000000000000000000000000000000000000000000
000000000000000000000000000000000000000000000000000000000000000000000000
000000000000000000000000000000000000000000000000000000000000000000000000
000000000000000000000000000000000000000000000000000000000000000000000000
000000000000000000000000000000000000000000000000000000000000000000000000
000000000000000000000000000000000000000000000000000000000000000000000000
000000000000000000000000000000000000000000000000000000000000000000000000
000000000000000000000000000000000000000000000000000000000000000000000000
000000000000000000000000000000000000000000000000000000000000000000000000
000000000000000000000000000000000000000000000000000000000000000000000000
000000000000000000000000000000000000000000000000000000000000000000000000
000000000000000000000000000000000000000000000000000000000000000000000000
000000000000000000000000000000000000000000000000000000000000000000000000
000000000000000000000000000000000000000000000000000000000000000000000000
000000000000000000000000000000000000000000000000000000000000000000000000
000000000000000000000000000000000000000000000000000000000000000000000000
000000000000000000000000000000000000000000000000000000000000000000000000
000000000000000000000000000000000000000000000000000000000000000000000000
000000000000000000000000000000000000000000000000000000000000000000000000
000000000000000000000000000000000000000000000000000000000000000000000000
000000000000000000000000000000000000000000000000000000000000000000000000
000000000000000000000000000000000000000000000000000000000000000000000000
000000000000000000000000000000000000000000000000000000000000000000000000
000000000000000000000000000000000000000000000000000000000000000000000000
000000000000000000000000000000000000000000000000000000000000000000000000
000000000000000000000000000000000000000000000000000000000000000000000000
000000000000000000000000000000000000000000000000000000000000000000000000
000000000000000000000000000000000000000000000000000000000000000000000000
000000000000000000000000000000000000000000000000000000000000000000000000
000000000000000000000000000000000000000000000000000000000000000000000000
000000000000000000000000000000000000000000000000000000000000000000000000
000000000000000000000000000000000000000000000000000000000000000000000000
000000000000000000000000000000000000000000000000000000000000000000000000
000000000000000000000000000000000000000000000000000000000000000000000000
000000000000000000000000000000000000000000000000000000000000000000000000
000000000000000000000000000000000000000000000000000000000000000000000000
000000000000000000000000000000000000000000000000000000000000000000000000
000000000000000000000000000000000000000000000000000000000000000000000000
000000000000000000000000000000000000000000000000000000000000000000000000
000000000000000000000000000000000000000000000000000000000000000000000000
000000000000000000000000000000000000000000000000000000000000000000000000
000000000000000000000000000000000000000000000000000000000000000000000000
000000000000000000000000000000000000000000000000000000000000000000000000
000000000000000000000000000000000000000000000000000000000000000000000000
000000000000000000000000000000000000000000000000000000000000000000000000
000000000000000000000000000000000000000000000000000000000000000000000000
000000000000000000001111110000000000000000000000111110000000000000000000
000000000000000001111111111110000000000000001111111111110000000000000000
111111110000000011100000011111000000000000011110000011111000000000000000
111111110000001111000000001111100000000000111000000000111110000000000011
111111100000011110000000000111110000000001110000000000111111000000000111
111000000000011100000000000011111000000011110000000000011111000000001110
111000000000111100000000000001111100000111100000000000001111100000011110
111000000000111100000000000001111100000111100000000000001111100000111100
111000000001111100000000000001111100000111100000000000001111110000111100
111000000001111000000000000000111110001111100000000000000111110000111100
111000000001111000000000000000111110001111100000000000000111110000111100
110000000001111000000000000000111110001111100000000000000111110001111100
100000000001111000000000000000111110001111100000000000000111110001111100
000000000001111100000000000000111110001111100000000000000111110001111100
000000000001111100000000000000111100001111100000000000000111110001111100
000000000001111100000000000000111100001111100000000000000111100000111100
000000000001111100000000000000111100001111100000000000000111100000111110
000000000000111110000000000000111100000111110000000000000111100000111110
000000000000111110000000000001111000000111110000000000001111000000111111
000000000000111111000000000001110000000011111000000000001111000000011111
000000000000011111000000000011110000000011111100000000011110000000001111
111100000000001111100000000111000000000001111110000000011100000000001111
111111000000000111111000001110000000000000111111000001110000000000000011
111111000000000001111111111000000000000000001111111111000000000000000000
111111100000000000001110000000000000000000000001110000000000000000000000
001111100000000000000000000000000000000000000000000000000000000000000000
000111100000000000000000000000000000000000000000000000000000000000000000
000111100000000000000000000000000000000000000000000000000000000000000000
000111100000000000000000000000000000000000000000000000000000000000000000
000111100000000000000000000000000000000000000000000000000000000000000000
000111100000000000000000000000000000000000000000000000000000000000000000
000111000000000000000000000000000000000000000000000000000000000000000000
001110000000000000000000000000000000000000000000000000000000000000000000
011110000000000000000000000000000000000000000000000000000000000000000000
111000000000000000000000000000000000000000000000000000000000000000000000
110000000000000000000000000000000000000000000000000000000000000000000000
000000000000000000000000000000000000000000000000000000000000000000000000
000000000000000000000000000000000000000000000000000000000000000000000000
000000000000000000000000000000000000000000000000000000000000000000000000
000000000000000000000000000000000000000000000000000000000000000000000000
000000000000000000000000000000000000000000000000000000000000000000000000
000000000000000000000000000000000000000000000000000000000000000000000000
000000000000000000000000000000000000000000000000000000000000000000000000
000000000000000000000000000000000000000000000000000000000000000000000000
000000000000000000000000000000000000000000000000000000000000000000000000
000000000000000000000000000000000000000000000000000000000000000000000000
000000000000000000000000000000000000000000000000000000000000000000000000
000000000000000000000000000000000000000000000000000000000000000000000000
000000000000000000000000000000000000000000000000000000000000000000000000
000000000000000000000000000000000000000000000000000000000000000000000000
000000000000000000000000000000000000000000000000000000000000000000000000
000000000000000000000000000000000000000000000000000000000000000000000000
000000000000000000000000000000000000000000000000000000000000000000000000
000000000011000000000000000000000000000000000000000000000000000000000000
000001111111000000000000000000000000000000000000000000000000000000000000
000011111111000000000000000000000000000000000000000000000000000000000000
000000001111000000000000000000000000000000000000000000000000000000000000
000000001111000000000000000000000000000000000000000000000000000000000000
000000001111000000000000000000000000000000000000000000000000000000000000
000000001111000000000000000000000000000000000000000000000000000000000000
000000001111000000000000000000000000000000000000000000000000000000000000
000000001111000000000000000000000000000000000000000000000000000000000000
000000001111000000000000000000000000000000000000000000000000000000000000
000000001111000000000000000000000000000000000000000000000000000000000000
000000001111000000000000000000000000000000000000000000000000000000000000
000000001111000000000000000000000000000000000000000000000000000000000000
000000001111000001111111100000000000000000111111110000000000000000000000
111000001111000111111111110000000000000011100001111100000000000000000000
111000001111001111111111111000000000001110000000111110000000000000000000
111000001111011000000011111000000000011100000000011111000000000000000000
000000001111110000000001111100000000111100000000001111000000000000000000
000000001111100000000001111100000000111000000000001111000000000000000000
000000001111000000000000111100000001111000000000001111100000000000000000
000000001111000000000000111100000001111000000000001111100000000000000000
000000001111000000000000111100000011111000000000000111100000000000000000
000000001111000000000000111100000011111000000000001111100000000000000000
000000001111000000000000111100000011111111111111111111100000000000000000
000000001111000000000000111100000011111000000000000000000000000000000000
000000001111000000000000111100000011111000000000000000000000000000000000
000000001111000000000000111100000011111000000000000000000000000000000000
000000001111000000000000111100000011111000000000000000000000000000000000
000000001111000000000000111100000011111000000000000000000000000000000000
000000001111000000000000111100000001111100000000000000000000000000000000
000000001111000000000000111100000001111100000000000000000000000000000000
000000001111000000000000111100000001111110000000000000000000000000000000
000000001111000000000000111100000000111111000000000001000000000000000000
111000001111100000000000111110000000011111110000000111000000000000000000
110001111111111000000000111111100000001111111111111110000000000000000000
100011111111111100000000111111110000000111111111111000000000000000000000
000000000000000000000000000000000000000000111111000000000000000000000000
000000000000000000000000000000000000000000000000000000000000000000000000
000000000000000000000000000000000000000000000000000000000000000000000000
000000000000000000000000000000000000000000000000000000000000000000000000
000000000000000000000000000000000000000000000000000000000000000000000000
000000000000000000000000000000000000000000000000000000000000000000000000
000000000000000000000000000000000000000000000000000000000000000000000000
000000000000000000000000000000000000000000000000000000000000000000000000
000000000000000000000000000000000000000000000000000000000000000000000000
000000000000000000000000000000000000000000000000000000000000000000000000
000000000000000000000000000000000000000000000000000000000000000000000000
000000000000000000000000000000000000000000000000000000000000000000000000
000000000000000000000000000000000000000000000000000000000000000000000000
000000000000000000000000000000000000000000000000000000000000000000000000
000000000000000000000000000000000000000000000000000000000000000000000000
000000000000000000000000000000000000000000000000000000000000000000000000
000000000000000000000000000000000000000000000000000000000000000000000000
000000000000000000000000000000000000000000000000000000000000000000000000
000000000000000000000000000000000000000000000000000000000000000000000000
000000000000000000000000000000000000000000000000000000000000000000000000
000000000000000000000000000000000000000000000000000000000000000000000000
000000000000000000000000000000000000000000000000000000000000000000000000
000000000000000000000000000000000000000000000000000000000000000000000000
000000000000000000000000000000000000000000000000000000000000000000000000
000000000000000000000000000000000000000000000000000000000000000000000000
000000000000000000000000000000000000000000000000000000000000000000000000
000000000000000000000000000000000000000000000000000000000000000000000000
000000000000000000000000000000000000000000000000000000000000000000000000
000000000000000000000000000000000000000000000000000000000000000000000000
000011110000000000000000000000000000000000000000000000000000000000000000
000011111000000000000000000000000000000000000000000000000000000000000000
000111111000000000000000000000000000000000000000000000000000000000000000
000011111000000000000000000000000000000000000000000000000000000000000000
000011110000000000000000000000000000000000000000000000000000000000000000
000000000000000000000000000000000000000000000000000000000000000000000000
000000000000000000000000000000000000000000000000000000000000000000000000
000000000000000000000000000000000000000000000000000000000000000000000000
000000000000000000000000000000000000000000000000000000000000000000000000
000000000000000000000000000000000000000000000000000000000000000000000000
000000000000000000000000000000000000000000000000000000000000000000000000
000000110000000000001100000111111100000000000000011111111110000000000000
