000000000000000000000000000000000000000000000000000000011110000000000000
000000000000000000000000000000000000000000000000000000011110000000000000
000000000000000000000000000000000000000000000000000000011110000000000000
000000000000000000000000000000000000000000000000000000011110000000000000
000000000000000000000000000000000000000000000000000000011110000000000000
000000000000000000000000000000000000000000000000000000011110000000000000
000000000000000000000000000000000000000000000000000000011110000000000000
000000000000000000000000000000000000000000000000000000011110000000000000
000000000000000000000000000000000000000000000000000000011110000000000000
000000000000000000000000000000000000000000000000000000011110000000000000
110000000000000000011111111100000000000000000000000000011110000111111111
111000000000000001111000111110000000000000000000000000011110001111111111
111100000000000011100000001111000000000000000000000000011110011111111111
111110000000001111000000000111100000000000000000000000011110110000000111
111110000000001110000000000111110000000000000000000000011111100000000011
011111000000011110000000000011110000000000000000000000011111000000000011
011111000000111110000000000011110000000000000000000000011110000000000001
001111000000111100000000000011110000000000000000000000011110000000000001
001111000000111100000000000011111000000000000000000000011110000000000001
001111000000111110000000000011111000000000000000000000011110000000000001
001111000000111111111111111111110000000000000000000000011110000000000001
001111000000111110000000000000000000000000000000000000011110000000000001
001111000000111100000000000000000000000000000000000000011110000000000001
001111000000111100000000000000000000000000000000000000011110000000000001
001111000000111110000000000000000000000000000000000000011110000000000001
001111000000111110000000000000000000000000000000000000011110000000000001
001111000000111110000000000000000000000000000000000000011110000000000001
001111000000111111000000000000000000000000000000000000011110000000000001
001111000000011111000000000000000000000000000000000000011110000000000001
001111000000001111100000000000110000000000000000000000011110000000000001
001111000000001111111000000011100000000000000000000000011111000000000001
001111111000000111111111111111000000000000000000000111111111111000000001
001111111100000001111111111110000000000000000000000111111111111000000001
000000000000000000001111110000000000000000000000000000000000000000000000
000000000000000000000000000000000000000000000000000000000000000000000000
000000000000000000000000000000000000000000000000000000000000000000000000
000000000000000000000000000000000000000000000000000000000000000000000000
000000000000000000000000000000000000000000000000000000000000000000000000
000000000000000000000000000000000000000000000000000000000000000000000000
000000000000000000000000000000000000000000000000000000000000000000000000
000000000000000000000000000000000000000000000000000000000000000000000000
000000000000000000000000000000000000000000000000000000000000000000000000
000000000000000000000000000000000000000000000000000000000000000000000000
000000000000000000000000000000000000000000000000000000000000000000000000
000000000000000000000000000000000000000000000000000000000000000000000000
000000000000000000000000000000000000000000000000000000000000000000000000
000000000000000000000000000000000000000000000000000000000000000000000000
000000000000000000000000000000000000000000000000000000000000000000000000
000000000000000000000000000000000000000000000000000000000000000000000000
000000000000000000000000000000000000000000000000000000000000000000000000
000000000000000000000000000000000000000000000000000000000000000000000000
000000000000000000000000000000000000000000000000000000000000000000000000
000000000000000000000000000000000000000000000000000000000000000000000000
000000000000000000000000000000000000000000000000000000000000000000000000
000000000000000000000000000000000000000000000000000000000000000000000000
000000000000000000000000000000000000000000000000000000000000000000000000
000000000000000000000000000000000000000000000000000000000000000000000000
000000000000000000000000000000000000000000000000000000000000000000000000
000000000000000000000000000000000000000000000000000000000000000000000000
000000000000000000000000000000000000000000000000000000000000000000000000
000001100000000000000000000000000000000000000000000000000000000000000000
011111100000000000000000000000000000000000000000000000000000000000000000
111111100000000000000000000000000000000000000000000000000000000000000000
000111100000000000000000000000000000000000000000000000000000000000000000
000111100000000000000000000000000000000000000000000000000000000000000000
000111100000000000000000000000000000001000000000000000000000000000000000
000111100000000000000000000000000000111000000000000000000000000000000000
000111100000000000000000000000000011111000000000000000000000000000000000
000111100000000000000000000000000011111000000000000000000000000000000000
000111100000000000000000000000000011110000000000000000000000000000000000
000111100000000000000000000000000011110000000000000000000000000000000000
000111100000000000000000000000000011110000000000000000000000000000000000
000111100000000000000000000000000011110000000000000000000000000000000000
100111100000000000000000000000000011110000000000000000011111111100000000
111111100000000000000000000000000011111000111000000001111000111111000000
111111100000000000000000000000001111111111111000000111100000001111100000
011111100000000000000000000000111111111111111000001111000000000111110000
001111100000000000000000000000000011110000000000011110000000000011111000
000111100000000000000000000000000011110000000000011110000000000001111100
000111100000000000000000000000000011110000000000111100000000000001111100
000111100000000000000000000000000011110000000000111100000000000001111110
000111100000000000000000000000000011110000000000111100000000000000111110
000111100000000000000000000000000011110000000001111100000000000000111110
000111100000000000000000000000000011110000000001111100000000000000111110
000111100000000000000000000000000011110000000001111100000000000000111110
000111100000000000000000000000000011110000000001111100000000000000111110
000111100000000000000000000000000011110000000001111100000000000000111110
000111100000000000000000000000000011110000000001111100000000000000111110
000111100000000000000000000000000011110000000001111100000000000000111100
000111100000000000000000000000000011110000000000111110000000000000111100
001111100000000000000000000000000011110000000000111110000000000000111100
011111100000000000000000000000000011110000000000011111000000000001111000
110111100000000000000000000000000011111000000000011111000000000001110000
100111110000000000000000000000000011111110110000001111100000000011100000
000111111000000000000000000000000001111111110000000111110000000111000000
000111111111000000000000000000000000111111100000000011111111111110000000
000000000000000000000000000000000000001110000000000000111111110000000000
000000000000000000000000000000000000000000000000000000000000000000000000
000000000000000000000000000000000000000000000000000000000000000000000000
000000000000000000000000000000000000000000000000000000000000000000000000
000000000000000000000000000000000000000000000000000000000000000000000000
000000000000000000000000000000000000000000000000000000000000000000000000
000000000000000000000000000000000000000000000000000000000000000000000000
000000000000000000000000000000000000000000000000000000000000000000000000
000000000000000000000000000000000000000000000000000000000000000000000000
000000000000000000000000000000000000000000000000000000000000000000000000
000000000000000000000000000000000000000000000000000000000000000000000000
000000000000000000000000000000000000000000000000000000000000000000000000
000000000000000000000000000000000000000000000000000000000000000000000000
000000000000000000000000000000000000000000000000000000000000000000000000
000000000000000000000000000000000000000000000000000000000000000000000000
000000000000000000000000000000000000000000000000000000000000000000000000
000000000000000000000000000000000000000000000000000000000000000000000000
000000000000000000000000000000000000000000000000000000000000000000000000
000000000000000000000000000000000000000000000000000000000000000000000000
000000000000000000000000000000000000000000000000000000000000000000000000
000000000000000000000000000000000000000000000000000000000000000000000000
000000000000000000000000000000000000000000000000000000000000000000000000
000000000000000000000000000000000000000000000000000000000000000000000000
000000000000000000000000000000000000000000000000000000000000000000000000
000000000000000000000000000000000000000000000000000000000000000000000000
000000000000000000000000000000000000000000000000000000000000000000000000
000000000000000000000000000000000000000000000000000000000000000000000000
000000000000000000000000000000000000000000000000000100000000000000000000
000000000000000000000000000000000000000000000001111100000000000000000000
000000000000000000000000000000000000000000001111111100000000000000000000
000000000000000000000000000000000000000000000001111100000000000000000000
000000000000000000000000000000000000000000000000111100000000000000000000
000000000000000000000000000000000000000000000000111100000000000000000000
000000000000000000000000000000000000000000000000111100000000000000000000
000000000000000000000000000000000000000000000000111100000000000000000000
000000000000000000000000000000000000000000000000111100000000000000000000
000000000000000000000000000000000000000000000000111100000000000000000000
000000000000000000000000000000000000000000000000111100000000000000000000
000000000000000000000000000000000000000000000000111100000000000000000000
000000000000000000000000000000000000000000000000111100000000000000000000
000000000000000111111100000000000000000000000000111100000011111100000000
000000000000011111111111000000000000000000000000111100001111111111000000
000000000001111111111111100000000000000000000000111100011111111111100000
000000000011100000001111100000000000000000000000111100111000011111110000
000000000011000000000111110000000000000000000000111111100000000111111000
000000000011000000000011110000000000000000000000111110000000000011111000
000000000010000000000011110000000000000000000000111110000000000011111000
000000000000000000000011110000000000000000000000111100000000000001111100
000000000000000000000011110000000000000000000000111100000000000001111100
000000000000000000011111110000000000000000000000111100000000000001111100
000000000000000111111111110000000000000000000000111100000000000000111100
000000000000111111000011110000000000000000000000111100000000000000111100
000000000011111000000011110000000000000000000000111100000000000000111100
000000000111100000000011110000000000000000000000111100000000000000111000
000000000111100000000011110000000000000000000000111100000000000001111000
000000001111000000000011110000000000000000000000111100000000000001111000
000000001111000000000011110000000000000000000000111100000000000001110000
000000001111000000000011110000000000000000000000111100000000000011110000
000000001111000000000111110000000000000000000000111100000000000011100000
000000001111100000001111110000000000000000000000111110000000000111000000
000000001111110000110011110000000000000000000000111111100000011100000000
000000000111111111100011111000000000000000000000111111111111111000000000
000000000011111111000011111111000000000000000000110111111111110000000000
000000000000111100000000000000000000000000000000100000111111000000000000
000000000000000000000000000000000000000000000000000000000000000000000000
000000000000000000000000000000000000000000000000000000000000000000000000
000000000000000000000000000000000000000000000000000000000000000000000000
000000000000000000000000000000000000000000000000000000000000000000000000
000000000000000000000000000000000000000000000000000000000000000000000000
000000000000000000000000000000000000000000000000000000000000000000000000
000000000000000000000000000000000000000000000000000000000000000000000000
000000000000000000000000000000000000000000000000000000000000000000000000
000000000000000000000000000000000000000000000000000000000000000000000000
000000000000000000000000000000000000000000000000000000000000000000000000
000000000000000000000000000000000000000000000000000000000000000000000000
000000000000000000000000000000000000000000000000000000000000000000000000
000000000000000000000000000000000000000000000000000000000000000000000000
000000000000000000000000000000000000000000000000000000000000000000000000
000000000000000000000000000000000000000000000000000000000000000000000000
000000000000000000000000000000000000000000000000000000000000000000000000
000000000000000000000000000000000000000000000000000000000000000000000000
000000000000000000000000000000000000000000000000000000000000000000000000
000000000000000000000000000000000000000000000000000000000000000000000000
