111111110000000000000011111111000001111111100000011100000000000000000000
011110000000000000000000000000000000000000000000000000000000000000000000
000000000000000000000000000000000000000000000000000000000000000000000000
000000000000000000000000000000000000000000000000000000000000000000000000
000000000000000000000000000000000000000000000000000000000000000000000000
000000000000000000000000000000000000000000000000000000000000000000000000
000000000000000000000000000000000000000000000000000000000000000000000000
000000000000000000000000000000000000000000000000000000000000000000000000
000000000000000000000000000000000000000000000000000000000000000000000000
000000000000000000000000000000000000000000000000000000000000000000000000
000000000000000000000000000000000000000000000000000000000000000000000000
000000000000000000000000000000000000000000000000000000000000000000000000
000000000000000000000000000000000000000000000000000000000000000000000000
000000000000000000000000000000000000000000000000000000000000000000000000
000000000000000000000000000000000000000000000000000000000000000000000000
000000000000000000000000000000000000000000000000000000000000000000000000
000000000000000000000000000000000000000000000000000000000000000000000000
000000000000000000000000000000000000000000000000000000000000000000000000
000000000000000000000000000000000000000000000000000000000000000000000000
000000000000000000000000000000000000000000000000000000000000000000000000
000000000000000000000000000000000000000000000000000000000000000000000000
000000000000000000000000000000000000000000000000000000000000000000000000
000000000000000000000000000000000000000000000000000000000000000000000000
000000000000000000000000000000000000000000000000000000000000000000000000
000000000000000000000000000000000000000000000000000000000000000000000000
000000000000000000000000000000000000000000000000000000000000000000000000
000000000000000000000000000000000000000000000000000000000000000000000000
000000000000000000000000000000000000000000000000000000000000000000000000
000000000000000000000111000000000000111000000000000000000000000000000000
000000000000000011111111000000011111111000000000000000000000000000000000
000000000000000011111111000000111111111000000000000000000000000000000000
000000000000000000001111000000000011111000000000000000000000000000000000
000000000000000000001111000000000011111000000000000000000000000000000000
000000000000000000001111000000000011111000000000000000000000000000000000
000000000000000000001111000000000011111000000000000000000000000000000000
000000000000000000001111000000000011111000000000000000000000000000000000
000000000000000000001111000000000011111000000000000000000000000000000000
000000000000000000001111000000000011111000000000000000000000000000000000
000000000000000000001111000000000011111000000000000000000000000000000000
000000000000000000001111000000000011111000000000000000000000000000000000
000000000000000000001111000000000011111000000000000000000000000000000000
111111110000000000001111000000000011111000000000001111111111100000000000
110001111100000000001111000000000011111000000000111100001111100000000000
000000011110000000001111000000000011111000000001110000000011100000000000
000000011111000000001111000000000011111000000011100000000001100000000000
000000001111000000001111000000000011111000000011100000000000100000000000
000000001111100000001111000000000011111000000011100000000000100000000000
000000001111100000001111000000000011111000000011100000000000000000000000
000000000111100000001111000000000011111000000011110000000000000000000000
000000000111100000001111000000000011111000000011111100000000000000000000
000000001111100000001111000000000011111000000011111111110000000000000000
111111111111100000001111000000000011111000000001111111111111000000000000
000000000000000000001111000000000011111000000000111111111111100000000000
000000000000000000001111000000000011111000000000000111111111110000000000
000000000000000000001111000000000011111000000000000000111111111000000000
000000000000000000001111000000000011111000000000000000000011111000000000
000000000000000000001111000000000011111000000000000000000001111000000000
000000000000000000001111000000000011111000000010000000000001111000000000
000000000000000000001111000000000011111000000010000000000000111000000000
000000000000000000001111000000000011111000000010000000000001111000000000
000000000001000000001111000000000011111000000011000000000001110000000000
110000000111000000001111000000000011111000000011100000000011100000000000
111111111110000011111111111100011111111111000111110000001111000000000000
111111111000000011111111111100111111111111100111111111111110000000000000
111111000000000000000000000000000000000000000000111111100000000000000000
000000000000000000000000000000000000000000000000000000000000000000000000
000000000000000000000000000000000000000000000000000000000000000000000000
000000000000000000000000000000000000000000000000000000000000000000000000
000000000000000000000000000000000000000000000000000000000000000000000000
000000000000000000000000000000000000000000000000000000000000000000000000
000000000000000000000000000000000000000000000000000000000000000000000000
000000000000000000000000000000000000000000000000000000000000000000000000
000000000000000000000000000000000000000000000000000000000000000000000000
000000000000000000000000000000000000000000000000000000000000000000000000
000000000000000000000000000000000000000000000000000000000000000000000000
000000000000000000000000000000000000000000000000000000000000000000000000
000000000000000000000000000000000000000000000000000000000000000000000000
000000000000000000000000000000000000000000000000000000000000000000000000
000000000000000000000000000000000000000000000000000000000000000000000000
000000000000000000000000000000000000000000000000000000000000000000000000
000000000000000000000000000000000000000000000000000000000000000000000000
000000000000000000000000000000000000000000000000000000000000000000000000
000000000000000000000000000000000000000000000000000000000000000000000000
000000000000000000000000000000000000000000000000000000000000000000000000
000000000000000000000000000000000000000000000000000000000000000000000000
000000000000000000000000000000000000000000000000000000000000000000000000
000000000000000000000000000000000000000000000000000000000000000000000000
000000000000000000000000000000000000000000000000000000000000000000000000
000000000000000000000000000000000000000000000000000000000000000000000000
000000000000000000000000000000000000000000000000000000000000000000000000
000000000000000000000000000000000000000000000000000000000000000000000000
100000000000000000000000000000000000000000000000000000000000000000000000
100000000000000000000000000000000000000000000000000000000000000000000000
100000000000000000000000000000000000000000000000000011100000000000000000
100000000000000000000000000000000000000000000000000111110000000000000000
100000000000000000000000000000000000000000000000000111110000000000000000
100000000000000000000000000000000000000000000000000111110000000000000000
100000000000000000000000000000000000000000000000000011100000000000000000
100000000000000000000000000000000000000000000000000000000000000000000000
100000000000000000000000000000000000000000000000000000000000000000000000
100000000000000000000000000000000000000000000000000000000000000000000000
100000000000000000000000000000000000000000000000000000000000000000000000
100000000000000000000000000000000000000000000000000000000000000000000000
100000000000000000000000000000000000000000000000000000000000000000000000
100000011111111111000000111111111000000000000000000001110000000000011111
100000011111111111000000111111111000000000000000011111110000000000111100
100000000111111000000000000111100000000000000000111111110000000011100000
100000000011111000000000000111000000000000000000000111110000000011100000
100000000001111000000000000110000000000000000000000111110000000111000000
100000000001111100000000000110000000000000000000000011110000000111000000
100000000001111100000000001100000000000000000000000011110000000111100000
100000000000111100000000001100000000000000000000000011110000000111100000
100000000000111110000000011100000000000000000000000011110000000111111000
100000000000011110000000011000000000000000000000000011110000000111111111
100000000000011111000000011000000000000000000000000011110000000011111111
100000000000011111000000110000000000000000000000000011110000000001111111
100000000000001111000000110000000000000000000000000011110000000000011111
100000000000001111100001100000000000000000000000000011110000000000000001
100000000000000111100001100000000000000000000000000011110000000000000000
100000000000000111100011000000000000000000000000000011110000000000000000
100000000000000011110011000000000000000000000000000011110000000100000000
100000000000000011110011000000000000000000000000000011110000000100000000
100000000000000011111110000000000000000000000000000011110000000110000000
100000000000000001111110000000000000000000000000000011110000000110000000
100000000000000001111100000000000000000000000000000111110000000111000000
110000000000000000111100000000000000000000000000001111111000000111100000
111110000000000000111000000000000000000000000001111111111111000111111111
000000000000000000111000000000000000000000000000000000000000000001111111
000000000000000000011000000000000000000000000000000000000000000000000000
000000000000000000110000000000000000000000000000000000000000000000000000
000000000000000000110000000000000000000000000000000000000000000000000000
000000000000000001100000000000000000000000000000000000000000000000000000
000000000000000001100000000000000000000000000000000000000000000000000000
000000000000000001000000000000000000000000000000000000000000000000000000
000000000000000011000000000000000000000000000000000000000000000000000000
000000000000000111000000000000000000000000000000000000000000000000000000
000000000000000110000000000000000000000000000000000000000000000000000000
000000000110011100000000000000000000000000000000000000000000000000000000
000000001111111100000000000000000000000000000000000000000000000000000000
000000001111111000000000000000000000000000000000000000000000000000000000
000000001111100000000000000000000000000000000000000000000000000000000000
000000000000000000000000000000000000000000000000000000000000000000000000
000000000000000000000000000000000000000000000000000000000000000000000000
000000000000000000000000000000000000000000000000000000000000000000000000
000000000000000000000000000000000000000000000000000000000000000000000000
000000000000000000000000000000000000000000000000000000000000000000000000
000000000000000000000000000000000000000000000000000000000000000000000000
000000000000000000000000000000000000000000000000000000000000000000000000
000000000000000000000000000000000000000000000000000000000000000000000000
000000000000000000000000000000000000000000000000000000000000000000000000
000000000000000000000000000000000000000000000000000000000000000000000000
000000000000000000000000000000000000000000000000000000000000000000000000
000000000000000000000000000000000000000000000000000000000000000000000000
000000000000000000000000000000000000000000000000000000000000000000000000
000000000000000000000000000000000000000000000000000000000000000000000000
000000000000000000000000000000000000000000000000000000000000000000000000
000000000000000000000000000000000000000000000000000000000000000000000000
000000000000000000000000000000000000000000000000000000000000000000000000
000000000000000000000000000000000001110000000000000000000000000000000000
000000000000000000000000000000000011111000000000000000000000000000000000
000000000000000000000000000000000011111000000000000000000000000000000000
000000000000000000000000000000000011111000000000000000000000000000000000
000000000000000000000000000000000011111000000000000000000000000000000000
000000000000000000000000000000000001100000000000000000000000000000000001
000000000000000000000000000000000000000000000000000000000000000000000001
000000000000000000000000000000000000000000000000000000000000000000000001
000000000000000000000000000000000000000000000000000000000000000000000001
000000000000000000000000000000000000000000000000000000000000000000000001
000000000000000000000000000000000000000000000000000000000000000000000001
000000010000001111110000000000000000011000000000000000001111100000000001
000111110000111111111100000000000011111000000000000001111111111100000001
111111110001111111111111000000011111111000000000000111111111111100000111
001111110011100001111111100000000111111000000000001110000000111100011111
000011110110000000011111100000000011111000000000011100000000001100011001
000011111100000000001111110000000001111000000000111000000000001100000001
000011111000000000000111110000000001111000000001110000000000001100000001
000011110000000000000011111000000001111000000011110000000000001100000001
000011110000000000000011111000000001111000000011110000000000000000000001
000011110000000000000001111000000001111000000011110000000000000000000001
