000000000000000000000000000000000000000000000000000000000000000000011111
000000000000000000000000000000000000000000000000000000000000000000000001
000000000000000000000000000000000000000000000000000000000000000000000001
000000000000000000000000000000000000000000000000000000000000000000000001
000000000000000000000000000000000000000000000000000000000000000000000001
000000000000000000000000000000000000000000000000000000000000000000000001
000000000000000000000000000000000000000000000000000000000000000000000001
000000000000000000000000000000000000000000000000000000000000000000000001
000000000000000000000000000000000000000000000000000000000000000000000001
000000000000000000000000000000000000000000000000000000000000000000000001
001000000000000000000000000000000000000000000000000000000000000000000001
111111100000000000000000011111111111100000000110000000011111111110000001
000011111000000000000000000111111110000000000110000000000011111100000001
000001111100000000000000000011111000000000001111000000000001110000000001
000000111100000000000000000001111000000000001111000000000001110000000001
000000011110000000000000000001111100000000011111100000000001100000000001
000000011110000000000000000000111100000000011111100000000011100000000001
000000011111000000000000000000111100000000011111100000000011000000000001
000000011111000000000000000000111110000000110111110000000011000000000001
000000011111000000000000000000011110000000110011110000000111000000000001
000000011111000000000000000000011110000001100011111000000110000000000001
111111111111000000000000000000011110000001100001111000000110000000000001
000000000000000000000000000000011111000011000001111000001100000000000001
000000000000000000000000000000001111000011000001111100001100000000000001
000000000000000000000000000000001111000110000000111100001000000000000001
000000000000000000000000000000001111100110000000111100011000000000000001
000000000000000000000000000000000111100110000000011110011000000000000001
000000000000000000000000000000000111101100000000011110110000000000000001
000000000000000000000000000000000111111100000000011111110000000000000001
000000000000000000000000000000000011111000000000001111110000000000000001
000000000010000000000000000000000011111000000000001111100000000000000001
100000011110000000000000000000000011111000000000000111100000000000000001
111111111100000000000000000000000001110000000000000111000000000000011111
111111110000000000000000000000000001110000000000000111000000000000011111
111110000000000000000000000000000000000000000000000000000000000000000000
000000000000000000000000000000000000000000000000000000000000000000000000
000000000000000000000000000000000000000000000000000000000000000000000000
000000000000000000000000000000000000000000000000000000000000000000000000
000000000000000000000000000000000000000000000000000000000000000000000000
000000000000000000000000000000000000000000000000000000000000000000000000
000000000000000000000000000000000000000000000000000000000000000000000000
000000000000000000000000000000000000000000000000000000000000000000000000
000000000000000000000000000000000000000000000000000000000000000000000000
000000000000000000000000000000000000000000000000000000000000000000000000
000000000000000000000000000000000000000000000000000000000000000000000000
000000000000000000000000000000000000000000000000000000000000000000000000
000000000000000000000000000000000000000000000000000000000000000000000000
000000000000000000000000000000000000000000000000000000000000000000000000
000000000000000000000000000000000000000000000000000000000000000000000000
000000000000000000000000000000000000000000000000000000000000000000000000
000000000000000000000000000000000000000000000000000000000000000000000000
000000000000000000000000000000000000000000000000000000000000000000000000
000000000000000000000000000000000000000000000000000000000000000000000000
000000000000000000000000000000000000000000000000000000000000000000000000
000000000000000000000000000000000000000000000000000000000000000000000000
000000000000000000000000000000000000000000000000000000000000000000000000
000000000000000000000000000000000000000000000000000000000000000000000000
000000000000000000000000000000000000000000000000000000000000000000000000
000000000000000000000000000000000000000000000000000000000000000000000000
000000000000000000000000000000000000000000000000000000000000000000000000
000000000000000000000000000000000000000000000000000000000000000000000000
000000000000000000000000000000000000000000000000000000000000000000000000
000000000000000000000000000000000000000000000000000000000000000000000000
000000000000000000000000000000000000000000000000000000000000000000000000
000000000000000000000000000000000000000000000000000000000000000000000000
000000000000000000000000000000000000000000000000000000000000000000000000
000000000000000000000000000000000000000000000000000000000000000000000000
000000000000000000000000000000000000000000000000000000000000000000000000
000000000000000000000000000000000000000000000000000000000000000000000000
000000000000000000000000000000000000000000000000000000000000000000000000
000000000000000000000000000000000000000000000000000000000000000000000000
000000000000000000000000000000000000000000000000000000000000000000000000
000000000000000000000000000000000000000000000000000000000000000000000000
000000000000000000000000000000000000000000000000000000000000000000000000
001111100000000000000000000000001111111110000000000000000000000000000001
011111100000000000000000000000111111111111000000000000000000000000011111
111111100000000000000000000011110000111111100000000000000000000000111111
111111100000000000000000000011000000001111100000000000000000000000000111
000011100000000000000000000011000000000111110000000000000000000000000011
000001100000000000000000000010000000000011110000000000000000000000000011
000000000000000000000000000000000000000011110000000000000000000000000011
000000000000000000000000000000000000000011110000000000000000000000000011
000000000000000000000000000000000000000011110000000000000000000000000011
000000000000000000000000000000000000111111110000000000000000000000000011
000000000000000000000000000000001111111011110000000000000000000000000011
000000000000000000000000000001111100000011110000000000000000000000000011
000000000000000000000000000011110000000011110000000000000000000000000011
000000000000000000000000000111100000000011110000000000000000000000000011
000000000000000000000000001111100000000011110000000000000000000000000011
000000000000000000000000001111000000000011110000000000000000000000000011
000000000000000000000000001111000000000011110000000000000000000000000011
000000000000000000000000001111000000000011110000000000000000000000000011
000000000000000000000000001111000000000111110000000000000000000000000011
000000000000000000000000001111100000011011110000000000000000000000000011
000000000000000000000000001111111001110011110000000000000000000000000011
000000000000000000000000000111111111100011111000000000000000000000000011
111000000000000000000000000011111110000011111111000000000000000000000011
000000000000000000000000000000011000000000000000000000000000000000000011
000000000000000000000000000000000000000000000000000000000000000000000011
000000000000000000000000000000000000000000000000000000000000000000000011
000000000000000000000000000000000000000000000000000000000000000000000011
000000000000000000000000000000000000000000000000000000000000000000000011
000000000000000000000000000000000000000000000000000000000000000000000011
000000000000000000000000000000000000000000000000000000000000000000000011
000000000000000000000000000000000000000000000000000000000000000000000011
000000000000000000000000000000000000000000000000000000000000000000000011
000000000000000000000000000000000000000000000000000000000000000000000011
000000000000000000000000000000000000000000000000000000000000000000000011
000000000000000000000000000000000000000000000000000000000000000000000111
000000000000000000000000000000000000000000000000000000000000000000111111
000000000000000000000000000000000000000000000000000000000000000000111111
000000000000000000000000000000000000000000000000000000000000000000000000
000000000000000000000000000000000000000000000000000000000000000000000000
000000000000000000000000000000000000000000000000000000000000000000000000
000000000000000000000000000000000000000000000000000000000000000000000000
000000000000000000000000000000000000000000000000000000000000000000000000
000000000000000000000000000000000000000000000000000000000000000000000000
000000000000000000000000000000000000000000000000000000000000000000000000
000000000000000000000000000000000000000000000000000000000000000000000000
000000000000000000000000000000000000000000000000000000000000000000000000
000000000000000000000000000000000000000000000000000000000000000000000000
000000000000000000000000000000000000000000000000000000000000000000000000
000000000000000000000000000000000000000000000000000000000000000000000000
000000000000000000000000000000000000000000000000000000000000000000000000
000000000000000000000000000000000000000000000000000000000000000000000000
000000000000000000000000000000000000000000000000000000000000000000000000
000000000000000000000000000000000000000000000000000000000000000000000000
000000000000000000000000000000000000000000000000000000000000000000000000
000000000000000000000000000000000000000000000000000000000000000000000000
000100000000000000000000000000000000000000000000000000000000000000000000
011100000000000000000000000000000000000000000000000000000000000000000000
111100000000000000000000000000000000000000000000000000000000000000000000
111100000000000000000000000000000000000000000000000000000000000000000000
111100000000000000000000000000000000000000000000000000000000000000000000
111100000000000000000000000000000000000000000000000000000000000000000000
111100000000000000000000000000000000000000000000000000000000000000000000
111100000000000000000000000000000000000000000000000000000000000000000000
111100000000000000000000001111111111100000011111111100000000001111111110
111100000000000000000000001111111111100000011111111100000000111111111111
111111111100000000000000000011111100000000000011110000000001110000000111
111111111100000000000000000001111100000000000011100000000011100000000011
111100000000000000000000000001111100000000000011000000000111000000000001
111100000000000000000000000000111100000000000111000000001111000000000000
111100000000000000000000000000111110000000000110000000001111000000000000
111100000000000000000000000000111110000000000110000000011110000000000000
111100000000000000000000000000011110000000001100000000011110000000000000
111100000000000000000000000000011111000000001100000000011110000000000000
111100000000000000000000000000001111000000011000000000111110000000000000
111100000000000000000000000000001111100000011000000000111110000000000000
111100000000000000000000000000000111100000111000000000111110000000000000
111100000000000000000000000000000111100000110000000000111110000000000000
111100000000000000000000000000000111110000110000000000011110000000000000
111100000000000000000000000000000011110001100000000000011111000000000000
111100000000000000000000000000000011111001100000000000011111000000000000
111100000000000000000000000000000001111011000000000000011111000000000000
111100000000000000000000000000000001111111000000000000001111100000000000
111100000000000000000000000000000001111111000000000000001111100000000000
111110011100000000000000000000000000111110000000000000000111110000000000
111111111000000000000000000000000000111110000000000000000011111100000011
011111110000000000000000000000000000011100000000000000000001111111001111
000111100000000000000000000000000000011100000000000000000000011111111100
000000000000000000000000000000000000011000000000000000000000000000000000
000000000000000000000000000000000000011000000000000000000000000000000000
000000000000000000000000000000000000011000000000000000000000000000000000
000000000000000000000000000000000000110000000000000000000000000000000000
000000000000000000000000000000000000110000000000000000000000000000000000
000000000000000000000000000000000001100000000000000000000000000000000000
000000000000000000000000000000000001100000000000000000000000000000000000
000000000000000000000000000000000011000000000000000000000000000000000000
000000000000000000000000000000000111000000000000000000000000000000000000
000000000000000000000000000110001110000000000000000000000000000000000000
000000000000000000000000000111111110000000000000000000000000000000000000
000000000000000000000000000111111100000000000000000000000000000000000000
000000000000000000000000000111110000000000000000000000000000000000000000
000000000000000000000000000000000000000000000000000000000000000000000000
000000000000000000000000000000000000000000000000000000000000000000000000
000000000000000000000000000000000000000000000000000000000000000000000000
000000000000000000000000000000000000000000000000000000000000000000000000
000000000000000000000000000000000000000000000000000000000000000000000000
