011110000000000001111000000111110000000000000011110000000000000000000000
011110000000000001111000000111110000000000000011110000000000000000000000
011110000000000001111000000111110000000000000011110000000000000000000000
011110000000000001111000000111110000000000000011110000000000000000000000
011110000000000001111000000011110000000000000011110000000000000000000000
011110000000000001111000000011111000000000000011110000000000000000000000
011110000000000001111000000011111000000000000111110000000000000000000000
011110000000000001111000000001111100000000001111110000000000000000000000
011110000000000001111000000001111110000000011111110000000000000000000000
011110000000000001111000000000111111000000111011110000000000000000000000
111111000000000001111100000000011111111111100011111000000000000000000000
111111111000000001111111100000001111111111000011111111000000000000000000
000000011000000001000000100000000011111110000000000001000000000000000000
000000000000000000000000000000000000000000000000000000000000000000000000
000000000000000000000000000000000000000000000000000000000000000000000000
000000000000000000000000000000000000000000000000000000000000000000000000
000000000000000000000000000000000000000000000000000000000000000000000000
000000000000000000000000000000000000000000000000000000000000000000000000
000000000000000000000000000000000000000000000000000000000000000000000000
000000000000000000000000000000000000000000000000000000000000000000000000
000000000000000000000000000000000000000000000000000000000000000000000000
000000000000000000000000000000000000000000000000000000000000000000000000
000000000000000000000000000000000000000000000000000000000000000000000000
000000000000000000000000000000000000000000000000000000000000000000000000
000000000000000000000000000000000000000000000000000000000000000000000000
000000000000000000000000000000000000000000000000000000000000000000000000
000000000000000000000000000000000000000000000000000000000000000000000000
000000000000000000000000000000000000000000000000000000000000000000000000
000000000000000000000000000000000000000000000000000000000000000000000000
000000000000000000000000000000000000000000000000000000000000000000000000
000000000000000000000000000000000000000000000000000000000000000000000000
000000000000000000000000000000000000000000000000000000000000000000000000
000000000000000000000000000000000000000000000000000000000000000000000000
000000000000000000000000000000000000000000000000000000000000000000000000
000000000000000000000000000000000000000000000000000000000000000000000000
000000000000000000000000000000000000000000000000000000000000000000000000
000000000000000000000000000000000000000000000000000000000000000000000000
000000000000000000000000000000000000000000000000000000000000000000000000
000000000000000000000000000000000000000000000000000000000000000000000000
000000000000000000000000000000000000000000000000000000000000000000000000
000000001111000000000000000000000000000000000000000000000000000000000000
000011111111000000000000000000000000000000000000000000000000000000000000
000011111111000000000000000000000000000000000000000000000000000000000000
000000011111000000000000000000000000000000000000000000000000000000000000
000000001111000000000000000000000000000000000000000000000000000000000000
000000001111000000000000000000000000000000000000000000000000000000000000
000000001111000000000000000000000000000000000000000000000000000000000000
000000001111000000000000000000000000000000000000000000000000000000000000
000000001111000000000000000000000000000000000000000000000000000000000000
000000001111000000000000000000000000000000000000000000000000000000000000
000000001111000000000000000000000000000000000000000000000000000000000000
000000001111000000000000000000000000000000000000000000000000000000000000
000000001111000000111100000000000000000000011111000000000000000000000000
000000001111000011111111100000000000000011111111110000000000000000000000
111000001111001111111111110000000000000111000001111000000000000000000000
111000001111011110001111111000000000011110000000111100000000000000000000
110000001111110000000011111000000000111100000000011110000000000000000000
000000001111100000000011111000000001111000000000011111000000000000000000
000000001111000000000001111100000001111000000000001111000000000000000000
000000001111000000000001111100000011110000000000001111000000000000000000
000000001111000000000000111100000011110000000000001111000000000000000000
000000001111000000000000111100000011110000000000001111000000000000000000
000000001111000000000000111100000011111111111111111111000000000000000000
000000001111000000000000111100000011111111111111111111000000000000000000
000000001111000000000000111100000111110000000000000000000000000000000000
000000001111000000000000111100000011110000000000000000000000000000000000
000000001111000000000000111100000011110000000000000000000000000000000000
000000001111000000000000111100000011111000000000000000000000000000000000
000000001111000000000000111100000011111000000000000000000000000000000000
000000001111000000000000111100000011111000000000000000000000000000000000
000000001111000000000000111100000001111100000000000000000000000000000000
000000001111000000000000111100000001111110000000000000000000000000000000
010000001111000000000000111100000000111111000000000011000000000000000000
110000011111000000000000111100000000011111110000011110000000000000000000
100011111111111100000000111111110000001111111111111100000000000000000000
000011111111111100000000111111110000000011111111110000000000000000000000
000000000000000000000000000000000000000000011100000000000000000000000000
000000000000000000000000000000000000000000000000000000000000000000000000
000000000000000000000000000000000000000000000000000000000000000000000000
000000000000000000000000000000000000000000000000000000000000000000000000
000000000000000000000000000000000000000000000000000000000000000000000000
000000000000000000000000000000000000000000000000000000000000000000000000
000000000000000000000000000000000000000000000000000000000000000000000000
000000000000000000000000000000000000000000000000000000000000000000000000
000000000000000000000000000000000000000000000000000000000000000000000000
000000000000000000000000000000000000000000000000000000000000000000000000
000000000000000000000000000000000000000000000000000000000000000000000000
000000000000000000000000000000000000000000000000000000000000000000000000
000000000000000000000000000000000000000000000000000000000000000000000000
000000000000000000000000000000000000000000000000000000000000000000000000
000000000000000000000000000000000000000000000000000000000000000000000000
000000000000000000000000000000000000000000000000000000000000000000000000
000000000000000000000000000000000000000000000000000000000000000000000000
000000000000000000000000000000000000000000000000000000000000000000000000
000000000000000000000000000000000000000000000000000000000000000000000000
000000000000000000000000000000000000000000000000000000000000000000000000
000000000000000000000000000000000000000000000000000000000000000000000000
000000000000000000000000000000000000000000000000000000000000000000000000
000000000000000000000000000000000000000000000000000000000000000000000000
000000000000000000000000000000000000000000000000000000000000000000000000
000000000000000000000000000000000000000000000000000000000000000000000000
000000000000000000000000000000000000000000000000000000000000000000000000
000000000000000000000000000000000000000000000000000000000000000000000000
000000000000000000000000000000000000000000000000000000000000000000000000
000000000000000000000000000000000000000000000000000000000000000000000000
000000000000000000000000001110000000000000000000000000000000000000000000
000000000000000000000000011111000000000000000000000000000000000000000000
000000000000000000000000011111000000000000000000000000000000000000000000
000000000000000000000000011111000000000000000000000000000000000000000000
000000000000000000000000001110000000000000000000000000000000000000000000
000000000000000000000000000000000000000000000000000000000000000000000000
000000000000000000000000000000000000000000000000000000000000000000000000
000000000000000000000000000000000000000000000000000000000000000000000000
000000000000000000000000000000000000000000000000000000000000000000000000
000000000000000000000000000000000000000000000000000000000000000000000000
000000000000000000000000000000000000000000000110000000000000000000000000
000000000000000000000000001111000000000001111111111100000000000000000000
000000000000000000000011111111000000000111100001111100000000000000000000
000000000000000000000011111111000000001110000000011100000000000000000000
000000000000000000000000011111000000001110000000001100000000000000000000
000000000000000000000000001111000000011100000000000100000000000000000000
000000000000000000000000001111000000011100000000000100000000000000000000
000000000000000000000000001111000000011110000000000000000000000000000000
000000000000000000000000001111000000011110000000000000000000000000000000
000000000000000000000000001111000000011111100000000000000000000000000000
000000000000000000000000001111000000011111111111000000000000000000000000
000000000000000000000000001111000000001111111111111000000000000000000000
000000000000000000000000001111000000000011111111111110000000000000000000
000000000000000000000000001111000000000000111111111111000000000000000000
000000000000000000000000001111000000000000000011111111000000000000000000
000000000000000000000000001111000000000000000000011111000000000000000000
000000000000000000000000001111000000000000000000001111000000000000000000
000000000000000000000000001111000000010000000000000111000000000000000000
000000000000000000000000001111000000010000000000000111000000000000000000
000000000000000000000000001111000000011000000000000111000000000000000000
000000000000000000000000001111000000011000000000001110000000000000000000
000000000000000000000000011111000000011100000000011100000000000000000000
100000000000000000000011111111111000011111000001111000000000000000000000
000000000000000000000111111111111100011111111111110000000000000000000000
000000000000000000000000000000000000000011111100000000000000000000000000
000000000000000000000000000000000000000000000000000000000000000000000000
000000000000000000000000000000000000000000000000000000000000000000000000
000000000000000000000000000000000000000000000000000000000000000000000000
000000000000000000000000000000000000000000000000000000000000000000000000
000000000000000000000000000000000000000000000000000000000000000000000000
000000000000000000000000000000000000000000000000000000000000000000000000
000000000000000000000000000000000000000000000000000000000000000000000000
000000000000000000000000000000000000000000000000000000000000000000000000
000000000000000000000000000000000000000000000000000000000000000000000000
000000000000000000000000000000000000000000000000000000000000000000000000
000000000000000000000000000000000000000000000000000000000000000000000000
000000000000000000000000000000000000000000000000000000000000000000000000
000000000000000000000000000000000000000000000000000000000000000000000000
000000000000000000000000000000000000000000000000000000000000000000000000
000000000000000000000000000000000000000000000000000000000000000000000000
000000000000000000000000000000000000000000000000000000000000000000000000
000000000000000000000000000000000000000000000000000000000000000000000000
000000000000000000000000000000000000000000000000000000000000000000000000
000000000000000000000000000000000000000000000000000000000000000000000000
000000000000000000000000000000000000000000000000000000000000000000000000
000000000000000000000000000000000000000000000000000000000000000000000000
000000000000000000000000000000000000000000000000000000000000000000000000
000000000000000000000000000000000000000000000000000000000000000000000000
000000000000000000000000000000000000000000000000000000000000000000000000
000000000000000000000000000000000000000000000000000000000000000000000000
000000000000000000000000000000000000000000000000000000000000000000000000
000000000000000000000000000000000000000000000000000000000000000000000000
000000000000000000000000000000000000000000000000000000000000000000000000
000000000000000000000000000000000000000000000000000000000000000000000000
000000000000000000000000000000000000000000000000000000000000000000000000
000000000000000000000000000000000000000000000000000000000000000000000000
000000000000000000000000000000000000000000000000000000000000000000000000
000000000000000000000000000000000000000000000000000000000000000000000000
000000000000000000000000000000000000000000000000000000000000000000000000
000000000000000000000000000000000000000000000000000000000000000000000000
000000000000000000000000000000000000000000000000000000000000000000000000
000000000000000000000000000000000000000000000000000000000000000000000000
000000000000000000000000000000000000000000000000000000000000000000000000
000000000000000000000000000000000000000000000000000000000000000000000000
