000000000000000001111111100111111111111110000000000111000111111110000000
000000000000000000001111101110000001111111000000001110000000111110000000
000000000000000000000111111000000000011111000000001100000000011111000000
000000000000000000000111110000000000011111100000001100000000001111000000
000000000000000000000111100000000000001111100000000000000000001111000000
000000000000000000000111100000000000000111110000000000000000001111000000
000000000000000000000111100000000000000111110000000000000000001111000000
000000000000000000000111100000000000000111110000000000000011111111000000
000000000000000000000111100000000000000111110000000000111111101111000000
000000000000000000000111100000000000000111110000000111111000001111000000
000000000000000000000111100000000000000111100000001111000000001111000000
000000000000000000000111100000000000000111100000011110000000001111000000
000000000000000000000111100000000000000111100000111110000000001111000000
000000000000000000000111100000000000000111000000111100000000001111000000
000000000000000000000111100000000000001111000000111100000000001111000000
000000000000000000000111100000000000001110000000111100000000001111000000
000000000000000000000111100000000000011100000000111100000000011111000000
000000000000000000000111110000000000111000000000111110000001111111000000
000000000000000000000111111100000001110000000000111111000111001111000000
000000000000000000000111111111111111000000000000011111111110001111100000
000000000000000000000111111111111100000000000000001111111000001111111100
000000000000000000000111100011110000000000000000000011110000000000000000
000000000000000000000111100000000000000000000000000000000000000000000000
000000000000000000000111100000000000000000000000000000000000000000000000
000000000000000000000111100000000000000000000000000000000000000000000000
000000000000000000000111100000000000000000000000000000000000000000000000
000000000000000000000111100000000000000000000000000000000000000000000000
000000000000000000000111100000000000000000000000000000000000000000000000
000000000000000000000111100000000000000000000000000000000000000000000000
000000000000000000000111100000000000000000000000000000000000000000000000
000000000000000000000111100000000000000000000000000000000000000000000000
000000000000000000000111100000000000000000000000000000000000000000000000
000000000000000000001111100000000000000000000000000000000000000000000000
000000000000000000111111111000000000000000000000000000000000000000000000
000000000000000001111111111110000000000000000000000000000000000000000000
000000000000000000000000000000000000000000000000000000000000000000000000
000000000000000000000000000000000000000000000000000000000000000000000000
000000000000000000000000000000000000000000000000000000000000000000000000
000000000000000000000000000000000000000000000000000000000000000000000000
000000000000000000000000000000000000000000000000000000000000000000000000
000000000000000000000000000000000000000000000000000000000000000000000000
000000000000000000000000000000000000000000000000000000000000000000000000
000000000000000000000000000000000000000000000000000000000000000000000000
000000000000000000000000000000000000000000000000000000000000000000000000
000000000000000000000000000000000000000000000000000000000000000000000000
000000000000000000000000000000000000000000000000000000000000000000000000
000000000000000000000000000000000000000000000000000000000000000000000000
000000000000000000000000000000000000000000000000000000000000000000000000
000000000000000000000000000000000000000000000000000000000000000000000000
000000000000000000000000000000000000000000000000000000000000000000000000
000000000000000001110000000000000000000000000000000000000111000000000000
000000000000000011111000000000000000000000000000000000001111100000000000
000000000000000011111000000000000000000000000000000000001111100000000000
000000000000000011111000000000000000000000000000000000001111100000000000
000000000000000011110000000000000000000000000000000000001111100000000000
000000000000000000100000000000000000000000000000000000000010000000000000
000000000000000000000000000000000000000000000000000000000000000000000000
000000000000000000000000000000000000000000000000000000000000000000000000
000000000000000000000000000000000000000000000000000000000000000000000000
000000000000000000000000000000000000000000000000000000000000000000000000
000000000000000000000000000000000000000000000000000000000000000000000000
000000000000000000011000000000000011111111000000000000000001100000000000
000000000000000111111000000000001111111111110000000000011111100000000111
000000000000111111111000000000111100000011111100000001111111100000111111
000000000000000111111000000001111000000000111110000000001111100000000111
000000000000000011111000000011110000000000011111000000001111100000000011
000000000000000011111000000011100000000000011111000000000111100000000011
000000000000000011111000000111100000000000001111100000000111100000000011
000000000000000011111000000111100000000000001111100000000111100000000011
000000000000000011111000001111100000000000000111110000000111100000000011
000000000000000011111000001111100000000000000111110000000111100000000011
000000000000000011111000001111100000000000000111110000000111100000000011
000000000000000011111000001111100000000000000111110000000111100000000011
000000000000000011111000001111100000000000000111110000000111100000000011
000000000000000011111000001111100000000000000111110000000111100000000011
000000000000000011111000001111100000000000000111110000000111100000000011
000000000000000011111000001111100000000000000111100000000111100000000011
000000000000000011111000001111100000000000000111100000000111100000000011
000000000000000011111000000111110000000000000111100000000111100000000011
000000000000000011111000000111110000000000001111000000000111100000000011
000000000000000011111000000011111000000000001110000000000111100000000011
000000000000000011111000000011111100000000011100000000000111100000000011
000000000000000011111000000001111110000000111000000000001111110000000011
000000000000000011111000000000011111100011110000000001111111111110111111
000000000000000011111000000000000111111111000000000000000000000000000000
000000000000000011111000000000000000000000000000000000000000000000000000
000000000000000011111000000000000000000000000000000000000000000000000000
000000000000000011111000000000000000000000000000000000000000000000000000
000000000000000011110000000000000000000000000000000000000000000000000000
000000000000000011110000000000000000000000000000000000000000000000000000
000000000000000011110000000000000000000000000000000000000000000000000000
000000000000000011110000000000000000000000000000000000000000000000000000
000000000000000011100000000000000000000000000000000000000000000000000000
000000000000000011100000000000000000000000000000000000000000000000000000
000000000000000111000000000000000000000000000000000000000000000000000000
000000000000001110000000000000000000000000000000000000000000000000000000
000000000000011100000000000000000000000000000000000000000000000000000000
000000000001111000000000000000000000000000000000000000000000000000000000
000000000000000000000000000000000000000000000000000000000000000000000000
000000000000000000000000000000000000000000000000000000000000000000000000
000000000000000000000000000000000000000000000000000000000000000000000000
000000000000000000000000000000000000000000000000000000000000000000000000
000000000000000000000000000000000000000000000000000000000000000000000000
000000000000000000000000000000000000000000000000000000000000000000000000
000000000000000000000000000000000000000000000000000000000000000000000000
000000000000000000000000000000000000000000000000000000000000000000000000
000000000000000000000000000000000000000000000000000000000000000000000000
000000000000000000000000000000000000000000000000000000000000000000000000
000000000000000000000000000000000000000000000000000000000000000000000000
000000000000000000000000000000000000000000000000000000000000000000000000
000000000000000000000000000000000000000000000000000000000000000000000000
000000000000000000000000000000000000000000000000000000000000000000000000
000000000000000111100000000000000000000000000000000000000000000000000000
000000000001111111100000000000000000000000000000000000000000000000000000
000000000001111111100000000000000000000000000000000000000000000000000000
000000000000000111100000000000000000000000000000000000000000000000000000
000000000000000111100000000000000000000000000000000000000000000000000000
000000000000000111100000000000000000000000000000000000000000000000000000
000000000000000111100000000000000000000000000000000000000000000000000000
000000000000000111100000000000000000000000000000000000000000000000000000
000000000000000111100000000000000000000000000000000000000000000000000000
000000000000000111100000000000000000000000000000000000000000000000000000
000000000000000111100000000000000000000000000000000000000000000000000000
000000000000000111100000000000000000000000000000000000000000000000000000
000000000000000111100000000000000000000000000000111110000000000000000011
110000000000000111100000000000111110000000000011111111110000000000011111
111000000000000111100000000001111100000000001110000011111000000001111000
111100000000000111100000000011100000000000011100000000111100000001100000
111100000000000111100000000111000000000000111000000000111110000011100000
111110000000000111100000011110000000000001110000000000011110000011100000
011110000000000111100000111000000000000011110000000000011110000111100000
011110000000000111100001110000000000000011110000000000011111000111100000
011110000000000111100011100000000000000111110000000000011111000111110000
111110000000000111100111000000000000000111110000000000011111000011111110
111110000000000111111111000000000000000111111111111111111111000011111111
011110000000000111111111100000000000000111111111111111111110000001111111
011110000000000111101111110000000000000111110000000000000000000000011111
011110000000000111100111111000000000000111110000000000000000000000000111
011110000000000111100011111100000000000111110000000000000000000000000000
011110000000000111100001111110000000000111110000000000000000000000000000
011110000000000111100000111111000000000111110000000000000000000010000000
011110000000000111100000001111100000000011111000000000000000000010000000
111110000000000111100000000111110000000011111000000000000000000010000000
111110000000000111100000000011111000000011111100000000000000000110000000
011110000000000111100000000001111110000001111110000000000110000111000000
011110000000000111110000000000111111100000111111110000011110000111100000
011111110001111111111110000000011111100000011111111111111000000111111000
011111110001111111111110000000001110000000000111111111100000000011111111
000000000000000000000000000000000000000000000000011000000000000000000110
000000000000000000000000000000000000000000000000000000000000000000000000
000000000000000000000000000000000000000000000000000000000000000000000000
000000000000000000000000000000000000000000000000000000000000000000000000
000000000000000000000000000000000000000000000000000000000000000000000000
000000000000000000000000000000000000000000000000000000000000000000000000
000000000000000000000000000000000000000000000000000000000000000000000000
000000000000000000000000000000000000000000000000000000000000000000000000
000000000000000000000000000000000000000000000000000000000000000000000000
000000000000000000000000000000000000000000000000000000000000000000000000
000000000000000000000000000000000000000000000000000000000000000000000000
000000000000000000000000000000000000000000000000000000000000000000000000
000000000000000000000000000000000000000000000000000000000000000000000000
000000000000000000000000000000000000000000000000000000000000000000000000
000000000000000000000000000000000000000000000000000000000000000000000000
000000000000000000000000000000000000000000000000000000000000000000000000
000000000000000000000000000000000000000000000000000000000000000000000000
000000000000000000000000000000000000000000000000000000000000000000000000
000000000000000000000000000000000000000000000000000000000000000000000000
000000000000000000000000000000000000000000000000000000000000000000000000
000000000000000000000000000000000000000000000000000000000000000000000000
000000000000000000000000000000000000000000000000000000000000000000000000
000000000000000000000000000000000000000000000000000000000000000000000000
000000000000000000000000000000000000000000000000000000000000000000000000
000000000000000000000000000000000000000000000000000000000000000000000000
000000000000000000000000000000000000000000000000000000000000000000000000
000000000000000000000000000000000000000000000000000000000000000000000000
000000000000000000000000000000000000000000000000000000000000000000000000
000000000000000000000000000000000000000000000000000000000000000000000000
000000000000000000000000000000000000000000000000000000000000000000000000
000000000000000000000000000000000000000000000000000000000000000000000000
