000000000000000000000000000000000000000000000000000000000000000000000000
000000000000000000000000000000000000000000000000000000000000000000000000
000000000000000000000000000000000000000000000000000000000000000000000000
000000000000000000000000000000000000000000000000000000000000000000000000
000000000000000000000000000000000000000000000000000000000000000000000000
000000000000000000000000000000000000000000000000000000000000000000000000
000000000000000000000000000000000000000000000000010000000000000000000000
000000000000000000000000000000000000000000000011110000000000000000000000
000000000000000000000000000000000000000000111111110000000000011000000000
000000000000000000000000000000000000000000111111110000000000111110000000
000000000000000000000000000000000000000000000011110000000000111110000000
000000000000000000000000000000000000000000000011110000000000111110000000
000000000000000000000000000000000000000000000011110000000000111110000000
000000000000000000000000000000000000000000000011110000000000011100000000
000000000000000000000000000000000000000000000011110000000000000000000000
000000000000000000000000000000000000000000000011110000000000000000000000
000000000000000000000000000000000000000000000011110000000000000000000000
000000000000000000000000000000000000000000000011110000000000000000000000
000000000000000000000000000000000000000000000011110000000000000000000000
000000000000000000000000111110000000000000000011110000000000000110000000
000000000000000000000111111111110000000000000011110000000000111110000000
000000000000000000011110000111111111111100000011110000000111111110000000
000000000000000000111000000001111111111100000011110000000111111110000001
000000000000000001111000000000111111111000000011110000000000111110000001
000000000000000001110000000000111110000000000011110000000000111110000000
000000000000000011110000000000111110000000000011110000000000111110000000
000000000000000011110000000000011110000000000011110000000000111110000000
000000000000000011110000000000011110000000000011110000000000111110000000
000000000000000011110000000000011110000000000011110000000000111110000000
000000000000000011111000000000011100000000000011110000000000111110000000
000000000000000011111000000000111100000000000011110000000000111110000000
000000000000000001111100000000111000000000000011110000000000111110000000
000000000000000001111110000011110000000000000011110000000000111110000000
000000000000000000111111111111000000000000000011110000000000111110000000
000000000000000000000111111100000000000000000011110000000000111110000000
000000000000000000000110000000000000000000000011110000000000111110000000
000000000000000000001100000000000000000000000011110000000000111110000000
000000000000000000111000000000000000000000000011110000000000111110000000
000000000000000001111000000000000000000000000011110000000000111110000000
000000000000000001111110000000000000000000000011110000000000111110000000
000000000000000001111111111111111111000000000111111000000000111110000000
000000000000000000111111111111111111100000111111111111001111111111111000
000000000000000000011111111111111111110000111111111111000111111111111000
000000000000000000011100000000011111110000000000000000000000000000000000
000000000000000001111000000000000011111000000000000000000000000000000000
000000000000000011110000000000000011111000000000000000000000000000000000
000000000000000111100000000000000001111000000000000000000000000000000000
000000000000000111100000000000000001111000000000000000000000000000000000
000000000000000111100000000000000001110000000000000000000000000000000000
000000000000000111100000000000000001110000000000000000000000000000000000
000000000000000111100000000000000011110000000000000000000000000000000000
000000000000000111100000000000000011100000000000000000000000000000000000
000000000000000011110000000000000111000000000000000000000000000000000000
000000000000000001111000000000001110000000000000000000000000000000000000
000000000000000000111110000001111100000000000000000000000000000000000000
000000000000000000001111111111110000000000000000000000000000000000000000
000000000000000000000001111000000000000000000000000000000000000000000000
000000000000000000000000000000000000000000000000000000000000000000000000
000000000000000000000000000000000000000000000000000000000000000000000000
000000000000000000000000000000000000000000000000000000000000000000000000
000000000000000000000000000000000000000000000000000000000000000000000000
000000000000000000000000000000000000000000000000000000000000000000000000
000000000000000000000000000000000000000000000000000000000000000000000000
000000000000000000000000000000000000000000000000000000000000000000000000
000000000000000000000000000000000000000000000000000000000000000000000000
000000000000000000000000000000000000000000000000000000000000000000000000
000000000000000000000000000000000000000000000000000000000000000000000000
000000000000000000000000000000000000000000000000000000000000000000000000
000000000000000000000000000000000000000000000000000000000000000000000000
000000000000000000000000000000000000000000000000000000000000000000000000
000000000000000000000000000000000000000000000000000000000000000000000000
111111111110000000000000000000001000000000000000000000000000000000000000
111111111110000000000000000000011110000000000000000000000000000000000000
011111100000000000000000000000111110000000000000000000000000000000000000
011111000000000000000000000000111110000000000000000000000000000000000000
011111000000000000000000000000111110000000000000110000000000000011000000
011111000000000000000000000000011100000000000111110000000000001111000000
011111000000000000000000000000000000000000000111100000000000011111000000
011111000000000000000000000000000000000000000111100000000000011111000000
011111000000000000000000000000000000000000000111100000000000011110000000
011111000000000000000000000000000000000000000111100000000000011110000000
011111000000000000000000000000000000000000000111100000000000011110000000
011111000000000000000000000000000010000000000111100000000000011110000000
011111000000000000000000000000011110000000000111100000000000011110000000
011111000000000000000000000111111110000000001111111111110000111111111111
011111000000000000000000000111111110000000111111111111110011111111111111
011111000000000000000000000000111110000001111111111111100011111111111111
011111000000000000000000000000011110000000000111100000000000011110000000
011111000000000000000000000000011110000000000111100000000000011110000000
011111000000000000000000000000011110000000000111100000000000011110000000
011111000000000000000000000000011110000000000111100000000000011110000000
011111000000000000000000000000011110000000000111100000000000011110000000
011111000000000000000000000000011110000000000111100000000000011110000000
011111000000000000000000000000011110000000000111100000000000011110000000
011111000000000000000000000000011110000000000111100000000000011110000000
011111000000000000000000000000011110000000000111100000000000011110000000
011111000000000000000000000000011110000000000111100000000000011110000000
011111000000000000000001000000011110000000000111100000000000011110000000
011111000000000000000011000000011110000000000111100000000000011110000000
011111000000000000000011000000011110000000000111100000000000011110000000
011111000000000000000011000000011110000000000111100000000000011110000000
011111000000000000000011000000011110000000000111100000000000011111000000
011111000000000000000111000000011110000000000111110000100000011111000000
111111100000000001111111000000111110000000000111111111100000001111111110
111111111111111111111111000111111111111000000011111111000000001111111100
111111111111111111111110000111111111111000000001111110000000000111111100
000000000000000000000000000000000000000000000000000000000000000000000000
000000000000000000000000000000000000000000000000000000000000000000000000
000000000000000000000000000000000000000000000000000000000000000000000000
000000000000000000000000000000000000000000000000000000000000000000000000
000000000000000000000000000000000000000000000000000000000000000000000000
000000000000000000000000000000000000000000000000000000000000000000000000
000000000000000000000000000000000000000000000000000000000000000000000000
000000000000000000000000000000000000000000000000000000000000000000000000
000000000000000000000000000000000000000000000000000000000000000000000000
000000000000000000000000000000000000000000000000000000000000000000000000
000000000000000000000000000000000000000000000000000000000000000000000000
000000000000000000000000000000000000000000000000000000000000000000000000
000000000000000000000000000000000000000000000000000000000000000000000000
000000000000000000000000000000000000000000000000000000000000000000000000
000000000000000000000000000000000000000000000000000000000000000000000000
000000000000000000000000000000000000000000000000000000000000000000000000
000000000000000000000000000000000000000000000000000000000000000000000000
000000000000000000000000000000000000000000000000000000000000000000000000
000000000000000000000000000000000000000000000000000000000000000000000000
000000000000000000000000000000000000000000000000000000000000000000000000
000000000000000000000000000000000000000000000000000000000000000000000000
000000000000000000000000000000000000000000000000000000000000000000000000
000000000000000000000000000000000000000000000000000000000000000000000000
000000000000000000000000000000000000000000000000000000000000000000000000
000000000000000000000000000000000000000000000000000000000000000000000000
000000000000000000000000000000000000000000000000000000000000000000000000
000000000000000000000000000000000000000000000000000000000000000000000000
000000000000000000000000000000000000000000000000000000000000000000000000
000000000000000000000000000000000000000000000000000000000000000000000000
000000000000000000000000000000000000000000000000000000000000000000000000
000000000000000000000000000000000000000000000000000000000000000000000000
000000000000000000000000000000000000000000000000000000000000000000000000
000000000000000000000000000000000000000000000000000000000000000000000000
000000000000000000000000000000000000000000000000000000000000000000000000
000000000000000000000000000000000000000000000000000000000000000000000000
000000000000000000000000000000000000000000000000000000000000000000000000
000000000000000000000000000000000000000000000000000000000000000000000000
000000000000000000000000000000000000000000000000000000000000000000000000
000000000000000000000000000000000000000000000000000000000000000000000000
000000000000000000000000000000000000000000000000000000000000000000000000
000000000000000000111000001111111100000000000000011100001111100000000011
000000000000001111111000011111111111000000001111111100011111100000001111
000000000000011111111001111111111111100000001111111100111111100000011100
000000000000000011111011100000011111110000000001111101111111100000111000
000000000000000001111110000000000111111000000000111111000011100001110000
000000000000000001111100000000000011111000000000111110000001100011110000
000000000000000001111100000000000001111100000000111100000000000011110000
000000000000000001111000000000000001111100000000111100000000000111100000
000000000000000001111000000000000001111100000000111100000000000111100000
000000000000000001111000000000000000111100000000111100000000000111110000
000000000000000001111000000000000000111100000000111100000000000111111111
000000000000000001111000000000000000111100000000111100000000000111110000
000000000000000001111000000000000000111100000000111100000000000111100000
000000000000000001111000000000000000111000000000111100000000000111100000
000000000000000001111000000000000001111000000000111100000000000111110000
000000000000000001111000000000000001110000000000111100000000000111110000
000000000000000001111000000000000001110000000000111100000000000111110000
000000000000000001111000000000000011100000000000111100000000000011111000
000000000000000001111100000000000111000000000000111100000000000011111000
000000000000000001111110000000001110000000000000111100000000000001111100
000000000000000001111111100000111100000000000001111100000000000001111111
000000000000000001111111111111110000000000001111111111110000000000111111
000000000000000001111111111111000000000000001111111111111000000000001111
000000000000000001111000001000000000000000000000000000000000000000000001
000000000000000001111000000000000000000000000000000000000000000000000000
000000000000000001111000000000000000000000000000000000000000000000000000
000000000000000001111000000000000000000000000000000000000000000000000000
000000000000000001111000000000000000000000000000000000000000000000000000
000000000000000001111000000000000000000000000000000000000000000000000000
000000000000000001111000000000000000000000000000000000000000000000000000
000000000000000001111000000000000000000000000000000000000000000000000000
000000000000000001111000000000000000000000000000000000000000000000000000
000000000000000001111000000000000000000000000000000000000000000000000000
