000000000000000000001111111111111000000000000001111111111110000000011111
000000000000000000000001111110000000000000000000000000000000000000000000
000000000000000000000000000000000000000000000000000000000000000000000000
000000000000000000000000000000000000000000000000000000000000000000000000
000000000000000000000000000000000000000000000000000000000000000000000000
000000000000000000000000000000000000000000000000000000000000000000000000
000000000000000000000000000000000000000000000000000000000000000000000000
000000000000000000000000000000000000000000000000000000000000000000000000
000000000000000000000000000000000000000000000000000000000000000000000000
000000000000000000000000000000000000000000000000000000000000000000000000
000000000000000000000000000000000000000000000000000000000000000000000000
000000000000000000000000000000000000000000000000000000000000000000000000
000000000000000000000000000000000000000000000000000000000000000000000000
000000000000000000000000000000000000000000000000000000000000000000000000
000000000000000000000000000000000000000000000000000000000000000000000000
000000000000000000000000000000000000000000000000000000000000000000000000
000000000000000000000000000000000000000000000000000000000000000000000000
000000000000000000000000000000000000000000000000000000000000000000000000
000000000000000000000000000000000000000000000000000000000000000000000000
000000000000000000000000000000000000000000000000000000000000000000000000
000000000000000000000000000000000000000000000000000000000000000000000000
000000000000000000000000000000000000000000000000000000000000000000000000
000000000000000000000000000000000000000000000000000000000000000000000000
000000000000000000000000000000000000000000000000000000000000000000000000
000000000000000000000000000000000000000000000000000000000000000000000000
000000000000000000000000000000000000000000000000000000000000000000000000
000000000000000000000000000000000000000000000000000000000000000000000000
000000000000000000000000000000000000000000000000000000000000000000000000
000000000000000000000000000000000000000000000000000000000000000000000000
000000000000000000000000000000000000000000000000000000000000000000000000
000000000000000000000000000000000000000000000000000000000000000000000000
000000000000000000000000000000000000000000000000000000000000000000000000
000000000000000000000000000000000000000000000000000000000000000000000000
000000000000000000000000000000000000000000000000000000000000000000000000
000000000000000000000000000000000000000000000000000000000000000000000000
000000000000000000000000000000000000000000000000000000000000000000000000
000000000000000000000000000000000000000000000000000000000000000000000000
000000000000000000000000000000000000000000000000000000000000000000000000
000000000000000000000000000000000000000000000000000000000000000000000000
000000000000000000000000000000000000000000000000000000000000000000000000
000000000000000000000000000000000000000000000000000000000000000000000000
000000000000000001111111111000000000000000000000000000000111111111110000
000000000000000111111111111100000000000000000000000000001110000011111000
000000000000001110000011111110000000000000000000000000011100000000111000
000000000000011100000000111110000000000000000000000000111000000000011000
000000000000011000000000011110000000000000000000000000111000000000011000
000000000000011000000000011110000000000000000000000001111000000000011000
000000000000000000000000001111000000000000000000000001111000000000000000
000000000000000000000000001111000000000000000000000001111100000000000000
000000000000000000000000001111000000000000000000000000111111000000000000
000000000000000000000111111111000000000000000000000000111111111100000000
000000000000000001111111001111000000000000000000000000011111111111100000
000000000000000111110000001111000000000000000000000000001111111111111000
000000000000011111000000001111000000000000000000000000000011111111111100
000000000000111110000000001111000000000000000000000000000000001111111110
000000000000111100000000001111000000000000000000000000000000000001111110
000000000000111100000000001111000000000000000000000000000000000000011110
000000000001111100000000001111000000000000000000000001100000000000011110
000000000001111100000000011111000000000000000000000001100000000000011110
000000000001111100000000111111000000000000000000000001100000000000011100
000000000000111110000001101111000000000000000000000001110000000000011100
000000000000111111001110001111000000000000000000000001110000000000111000
000000000000011111111100001111110000000000000000000001111100000011110000
000000000000001111111000001111111000000000000000000001111111111111000000
000000000000000000000000000000000000000000000000000000001111111000000000
000000000000000000000000000000000000000000000000000000000000000000000000
000000000000000000000000000000000000000000000000000000000000000000000000
000000000000000000000000000000000000000000000000000000000000000000000000
000000000000000000000000000000000000000000000000000000000000000000000000
000000000000000000000000000000000000000000000000000000000000000000000000
000000000000000000000000000000000000000000000000000000000000000000000000
000000000000000000000000000000000000000000000000000000000000000000000000
000000000000000000000000000000000000000000000000000000000000000000000000
000000000000000000000000000000000000000000000000000000000000000000000000
000000000000000000000000000000000000000000000000000000000000000000000000
000000000000000000000000000000000000000000000000000000000000000000000000
000000000000000000000000000000000000000000000000000000000000000000000000
000000000000000000000000000000000000000000000000000000000000000000000000
000000000000000000000000000000000000000000000000000000000000000000000000
000000000000000000000000000000000000000000000000000000000000000000000000
000000000000000000000000000000000000000000000000000000000000000000000000
000000000000000000000000000000000000000000000000000000000000000000000000
000000000000000000000000000000000000000000000000000000000000000000000000
000000000000000000000000000000000000000000000000000000000000000000000000
000000000000000000000000000000000000000000000000000000000000000000000000
000000000000000000000000000000000000000000000000000000000000000000000000
000000000000000000000000000000000000000000000000000000000000000000000000
000000000000000000000000000000000000000000000000000000000000000000000000
000000000000000000000000000000000000000000000000000000000000000000000000
000000000000000000000000000000000000000000000000000000000000000000000000
000000000000000000000000000000000000000000000000000000000000000000000000
000000000000000000000000000000110000000000000000000000000000000000000000
000000000000000000000000011111110000000000000000000000000000000000000000
000000000000000000000000111111110000000000000000000000000000000000000000
000000000000000000000000000111110000000000000000000000000000000000000000
000000000000000000000000000011110000000000000000000000000000000000000000
000000000000000000000000000011110000000000000000000000000000000000000010
000000000000000000000000000011110000000000000000000000000000000000001110
000000000000000000000000000011110000000000000000000000000000000000011110
000000000000000000000000000011110000000000000000000000000000000000011110
000000000000000000000000000011110000000000000000000000000000000000011110
000000000000000000000000000011110000000000000000000000000000000000011110
000000000000000000000000000011110000000000000000000000000000000000011110
000000000000000000000000000011110000000000000000000000000000000000011110
111110000000000000000000000011110000000000000111111110000000000000011110
011111100000000000000000000011110000000000011111111111100000000000011110
000111000000000000000000000011110000000001111000111111110000000001111111
000011000000000000000000000011110000000001100000000111110000000111111111
000001000000000000000000000011110000000001100000000011111000000000011110
000001000000000000000000000011110000000001000000000011111000000000011110
000001000000000000000000000011110000000000000000000001111000000000011110
000000000000000000000000000011110000000000000000000001111000000000011110
000000000000000000000000000011110000000000000000000001111000000000011110
100000000000000000000000000011110000000000000000011111111000000000011110
111100000000000000000000000011110000000000000111111101111000000000011110
111111000000000000000000000011110000000000111110000001111000000000011110
111111100000000000000000000011110000000001111000000001111000000000011110
111111110000000000000000000011110000000011110000000001111000000000011110
001111110000000000000000000011110000000111110000000001111000000000011110
000011110000000000000000000011110000000111100000000001111000000000011110
000001110000000000000000000011110000000111100000000001111000000000011110
000001110000000000000000000011110000000111100000000001111000000000011110
000001110000000000000000000011110000000111100000000011111000000000011110
000011100000000000000000000011110000000111110000001101111000000000011111
000111100000000000000000000111110000000111111000111001111000000000011111
001110000000000000000000001111111000000011111111110001111100000000011111
111100000000000000000000111111111111000001111111000001111111000000001111
100000000000000000000000000000000000000000011100000000000000000000000011
000000000000000000000000000000000000000000000000000000000000000000000000
000000000000000000000000000000000000000000000000000000000000000000000000
000000000000000000000000000000000000000000000000000000000000000000000000
000000000000000000000000000000000000000000000000000000000000000000000000
000000000000000000000000000000000000000000000000000000000000000000000000
000000000000000000000000000000000000000000000000000000000000000000000000
000000000000000000000000000000000000000000000000000000000000000000000000
000000000000000000000000000000000000000000000000000000000000000000000000
000000000000000000000000000000000000000000000000000000000000000000000000
000000000000000000000000000000000000000000000000000000000000000000000000
000000000000000000000000000000000000000000000000000000000000000000000000
000000000000000000000000000000000000000000000000000000000000000000000000
000000000000000000000000000000000000000000000000000000000000000000000000
000000000000000000000000000000000000000000000000000000000000000000000000
000000000000000000000000000000000000000000000000000000000000000000000000
000000000000000000000000000000000000000000000000000000000000000000000000
000000000000000000000000000000000000000000000000000000000000000000000000
000000000000000000000000000000000000000000000000000000000000000000000000
000000000000000000000000000000000000000000000000000000000000000000000000
000000000000000000000000000000000000000000000000000000000000000000000000
000000000000000000000000000000000000000000000000000000000000000000000000
000000000000000000000000000000000000000000000000000000000000000000000000
000000000000000000000000000000000000000000000000000000000000000000000000
000000000000000000000000000000000000000000000000000000000000000000000000
000000000000000000000000000000000000000000000000000000000000000000000000
000000000000000000000000000000000000000000000000000000000000000000000000
000000000000000000000000000000000000000000000000000000000000000000000000
000000000000000000000000000000000000000000000000000000000000000000000000
000000000000000000000000000000000000000000000000000000000000000000000000
000000000000000000000000000000000000000000000000000000000000000000000000
000000000000000000000000000000000000000000000000000000000000000000000000
000000000000000000000000000000000000000000000000000000000000000000000000
000000000000000000000000000000000000000000000000000000000000000000000000
000000000000000000000000000000000000000000000000000000000000000000000000
011100000000000000000000000000000000000000000000000000000000000000000000
111000000000000000000000000000000000000000000000000000000000000000000000
111000000000000000000000000000000000000000000000000000000000000000000000
111000000000000000000000000000000000000000000000000000000000000000000000
111000000000000000000000000000000000000000000000000000000000000000000000
111000000000000000000000000000000000000000000000000000000000000000000000
111000000000000000000000000000000000000000000000000000000000000000000000
111000000000000000100000000000000010000000000000110000011110000000000111
111000000000001111100000000000111110000000000111110001111110000000011111
111111111101111111100000000111111110000001111111110011111110000001111000
111111111100011111100000000001111110000000001111110111111110000011100000
111000000000000111100000000000011110000000000111111110011110000111000000
111000000000000111100000000000011110000000000111111000000110001111000000
111000000000000111100000000000011110000000000111111000000000001110000000
111000000000000111100000000000011110000000000111110000000000011110000000
111000000000000111100000000000011110000000000111110000000000011110000000
111000000000000111100000000000011110000000000111110000000000011110000000
