000000000000000000000000000000000000000000000000000000000000000000000000
000000000000000000000000000000000000000000000000000000000000000000000000
000000000000000000000000000000000000000000000000000000000000000000000000
000000000000000000000000000000000000000000000000000000000000000000000000
000000000000000000000000000000000000000000000000000000000000000000000000
000000000000000000000000000000000000000000000000000000000000000000000000
000000000000000000000000000000000000000000000000000000000000000000000000
000000000000000000000000000000000000000000000000000000000000000000000000
000000000000000000000000000000000000000000000000000000000000000000000000
000000000000000000000000000000000000000000000000000000000000000000000000
111110000000000000000111111111000000000000011100001111100000000000000000
111111000000000000001110000111110000001111111100011111100000000000000000
111111100000000000111000000011111000001111111100111111100000000000000000
001111100000000001110000000001111100000001111101111111100000000000000000
000111110000000011110000000000111100000000111111000011100000000000000000
000111110000000111100000000000111100000000111110000001100000000000000000
000011110000000111100000000000111110000000111110000000000000000000000000
000011110000000111100000000000111110000000111100000000000000000000000000
000011110000001111100000000000011110000000111100000000000000000000000000
000011110000001111110000000000111110000000111100000000000000000000000000
000011110000001111111111111111111110000000111100000000000000000000000000
000011110000001111100000000000000000000000111100000000000000000000000000
000011110000001111100000000000000000000000111100000000000000000000000000
000011110000001111100000000000000000000000111100000000000000000000000000
000011110000001111100000000000000000000000111100000000000000000000000000
000011110000001111100000000000000000000000111100000000000000000000000000
000011110000000111110000000000000000000000111100000000000000000000000000
000011110000000111110000000000000000000000111100000000000011000000000000
000011110000000111111000000000000000000000111100000000000111100000000000
000011110000000011111100000000000100000000111100000000001111110000000000
000011111000000001111111000000011100000001111100000000001111110000000000
000011111111000000111111111111111000001111111111110000001111100000000000
000011111111000000001111111111100000001111111111111000000111000000000000
000000000000000000000011111100000000000000000000000000000000000000000000
000000000000000000000000000000000000000000000000000000000000000000000000
000000000000000000000000000000000000000000000000000000000000000000000000
000000000000000000000000000000000000000000000000000000000000000000000000
000000000000000000000000000000000000000000000000000000000000000000000000
000000000000000000000000000000000000000000000000000000000000000000000000
000000000000000000000000000000000000000000000000000000000000000000000000
000000000000000000000000000000000000000000000000000000000000000000000000
000000000000000000000000000000000000000000000000000000000000000000000000
000000000000000000000000000000000000000000000000000000000000000000000000
000000000000000000000000000000000000000000000000000000000000000000000000
000000000000000000000000000000000000000000000000000000000000000000000000
000000000000000000000000000000000000000000000000000000000000000000000000
000000000000000000000000000000000000000000000000000000000000000000000000
000000000000000000000000000000000000000000000000000000000000000000000000
000000000000000000000000000000000000000000000000000000000000000000000000
000000000000000000000000000000000000000000000000000000000000000000000000
000000000000000000000000000000000000000000000000000000000000000000000000
000000000000000000000000000000000000000000000000000000000000000000000000
000000000000000000000000000000000000000000000000000000000000000000000000
000000000000000000000000000000000000000000000000000000000000000000000000
000000000000000000000000000000000000000000000000000000000000000000000000
000000000000000000000000000000000000000000000000000000000000000000000000
000000000000000000000000000000000000000000000000000000000000000000000000
000000000000000000000000000000000000000000000000000000000000000000000000
000000000000000000000000000000000000000000000000000000000000000000000000
000000000000000000000000000000000000000000000000000000000000000000000000
000000000000000000000000000000000000011000000000000000000000000000000000
000000000000000000000000000000000111111000000000000000000000000000000000
000000000000000000000000000000011111111000000000000000000000000001110000
000000000000000000000000000000000011111000000000000000000000000011111000
000000000000000000000000000000000001111000000000000000000000000011111000
000000000000000000000000000000000001111000000000000000000000000011111000
000000000000000000000000000000000001111000000000000000000000000001111000
000000000000000000000000000000000001111000000000000000000000000000000000
000000000000000000000000000000000001111000000000000000000000000000000000
000000000000000000000000000000000001111000000000000000000000000000000000
000000000000000000000000000000000001111000000000000000000000000000000000
000000000000000000000000000000000001111000000000000000000000000000000000
000000000000000000000000000000000001111000000000000000000000000000000000
000000000000000000001111111000000001111000001111111000000000000000111000
000000000000000001111111111110000001111000111111111110000000000111111000
000000000000000111100001111110000001111001111111111111000000011111111000
000000000000001110000000011110000001111011100000111111000000000011111000
000000000000011100000000000110000001111110000000011111100000000001111000
000000000000111000000000000100000001111100000000001111100000000001111000
000000000001111000000000000100000001111000000000000111100000000001111000
000000000001111000000000000100000001111000000000000111100000000001111000
000000000011110000000000000000000001111000000000000111100000000001111000
000000000011110000000000000000000001111000000000000111100000000001111000
000000000011110000000000000000000001111000000000000111100000000001111000
000000000011110000000000000000000001111000000000000111100000000001111000
000000000011110000000000000000000001111000000000000111100000000001111000
000000000011110000000000000000000001111000000000000111100000000001111000
000000000011111000000000000000000001111000000000000111100000000001111000
000000000011111000000000000000000001111000000000000111100000000001111000
000000000011111000000000000000000001111000000000000111100000000001111000
000000000001111100000000000000000001111000000000000111100000000001111000
000000000001111110000000000000000001111000000000000111100000000001111000
000000000000111111000000000000000001111000000000000111100000000001111000
000000000000011111100000000010000001111000000000000111100000000001111000
000000000000001111111111111110000011111100000000000111110000000011111100
000000000000000111111111111100011111111111100000000111111110011111111111
000000000000000001111111100000000000000000000000000000000000000000000000
000000000000000000000000000000000000000000000000000000000000000000000000
000000000000000000000000000000000000000000000000000000000000000000000000
000000000000000000000000000000000000000000000000000000000000000000000000
000000000000000000000000000000000000000000000000000000000000000000000000
000000000000000000000000000000000000000000000000000000000000000000000000
000000000000000000000000000000000000000000000000000000000000000000000000
000000000000000000000000000000000000000000000000000000000000000000000000
000000000000000000000000000000000000000000000000000000000000000000000000
000000000000000000000000000000000000000000000000000000000000000000000000
000000000000000000000000000000000000000000000000000000000000000000000000
000000000000000000000000000000000000000000000000000000000000000000000000
000000000000000000000000000000000000000000000000000000000000000000000000
000000000000000000000000000000000000000000000000000000000000000000000000
000000000000000000000000000000000000000000000000000000000000000000000000
000000000000000000000000000000000000000000000000000000000000000000000000
000000000000000000000000000000000000000000000000000000000000000000000000
000000000000000000000000000000000000000000000000000000000000000000000000
000000000000000000000000000000000000000000000000000000000000000000000000
000000000000000000000000000000000000000000000000000000000000000000000000
000000000000000000000000000000000000000000000000000000000000000000000000
000000000000000000000000000000000000000000000000000000000000000000000000
000000000000000000000000000000000000000000000000000000000000000000000000
000000000000000000000000000000000000000000000000000000000000000000000000
000000000000000000000000000000000000000000000000000000000000000000000000
000000000000000000000000000000000000000000000000000000000000000000000000
000000000000000000000000000000000000000000000000000000000000000000000000
000000000000000000000000000000000000000000000000000000000000000000000000
000000000000000000000000000000000000000000000000000000000000000000000000
000000000000000000000000000000000000000000000000000000000000000000000000
000000000000000000000000000000000000000000000000000000000000000000000000
000000000000000000000000000000000000000000000000000000000000000000000000
000000000000000000000000000000000000000000000000000000000000000000000000
000000000000000000000000000000000000000000000000000000000000000000000000
000000000000000000000000000000000000000000000000000000000000000000000000
000000000000000000000000000000000000000000000000000000000000000000000000
000000000000000000000000000000000000000000000000000000000000000000000000
000000000000000000000000000000000000000000000000000000000000000000000000
000000000000000000000000000000000000000000000000000000000000000000000000
000000000000000000000000000000000000000000000000000000000000000000000000
111111000000000011000000011000000000100000000011000000100000000000000000
111111110000000011111111111000000001110000000011111111110000000000000000
000011111100000000111111000000000001110000000000011110000000000000000000
000000111110000000011111000000000011110000000000001110000000000000000000
000000011111000000001111000000000011111000000000011100000000000000000000
000000011111000000001111000000000011111000000000011100000000000000000000
000000001111100000001111100000000111111100000000011000000000000000000000
000000001111100000000111100000000110111100000000111000000000000000000000
000000001111100000000111100000001100111100000000110000000000000000000000
000000000111110000000111100000001100111110000000110000000000000000000000
000000000111110000000111110000011000011110000001100000000000000000000000
000000000111110000000011110000011000011111000001100000000000000000000000
000000000111110000000011110000011000001111000001000000000000000000000000
000000000111110000000011111000110000001111000011000000000000000000000000
000000000111100000000001111000110000001111100011000000000000000000000000
000000000111100000000001111001100000000111100110000000000000000000000000
000000000111100000000001111101100000000111110110000000000000000000000000
000000000111000000000000111111000000000011110100000000000000000000000000
000000001111000000000000111111000000000011111100000000000000000000000000
000000001110000000000000111111000000000011111100000000000000000000000000
000000011100000000000000011110000000000001111000000000000000000000000000
000000111000000000000000011110000000000001111000000000000000000000000000
100011110000000000000000011100000000000000111000000000000000000000000000
111110000000000000000000001100000000000000110000000000000000000000000000
000000000000000000000000000000000000000000000000000000000000000000000000
000000000000000000000000000000000000000000000000000000000000000000000000
000000000000000000000000000000000000000000000000000000000000000000000000
000000000000000000000000000000000000000000000000000000000000000000000000
000000000000000000000000000000000000000000000000000000000000000000000000
000000000000000000000000000000000000000000000000000000000000000000000000
000000000000000000000000000000000000000000000000000000000000000000000000
000000000000000000000000000000000000000000000000000000000000000000000000
000000000000000000000000000000000000000000000000000000000000000000000000
000000000000000000000000000000000000000000000000000000000000000000000000
000000000000000000000000000000000000000000000000000000000000000000000000
000000000000000000000000000000000000000000000000000000000000000000000000
000000000000000000000000000000000000000000000000000000000000000000000000
000000000000000000000000000000000000000000000000000000000000000000000000
000000000000000000000000000000000000000000000000000000000000000000000000
000000000000000000000000000000000000000000000000000000000000000000000000
000000000000000000000000000000000000000000000000000000000000000000000000
000000000000000000000000000000000000000000000000000000000000000000000000
000000000000000000000000000000000000000000000000000000000000000000000000
