000000000000000000000000000000000000000000000000000000000000000000000000
000000000000000000000000000000000000000000000000000000000000000000000000
000000000000000000000000000000000000000000000000000000000000000000000000
000000000000000000000000000000000000000000000000000000000000000000000000
000000000000000000000000000000000000000000000000000000000000000000000000
000000000000000000000000000000000000000000000000000000000000000000000000
000000000000000000000000000000000000000000000000000000000000000000000000
000000000000000000000000000000000000000000000000000000000000000000000000
000000000000000000000000000000000000000000000000000000000000000000000000
000000000000000000000000000000000000000000000000000000000000000000000000
000000000000000000000000000000000000000000000000000000000000000000000000
000000000000000000000000000000000000000000000000000000000000000000000000
000000000000000000000000000000000000000000000000000000000000000000000000
000000000000000000000000000000000000000000000000000000000000000000000000
000000000000000000000000000000000000000000000000000000000000000000000000
000000000000000000000000000000000000000000000000000000000000000000000000
000000000000000000000000000000000000000000000000000000000000000000000000
000000000000000000000000000000000000000000000000000000000000000000000000
000000000000000000000000000000000000000000000000000000000000000000000000
000000000000000000000000000000000000000000000000000000000000000000000000
000000000000000000000000000000000000000000000000000000000000000000000000
000000000000000000000000000000000000000000000000000000000000000000000000
000000000000000000000000000000000000000000000000000000000000000000000000
000000000000000000000000000000000000000000000000000000000000000000000000
000000000000000000000000000000000000000000000000000000000000000000000000
000000000000000000000000000000000000000000000000000000000000000000000000
000000000000000000000000000000000000000000000000000000000000000000000000
000000000000000000000000000000000000000000000000000000000000000000000000
000000000000000000000000000000000000000000000000000000000000000000000000
000000000000000000000000000000000000000000000000000000000000000000000000
000000000000000000000000000000000000000000000000000000000000000000000000
001110000000000011111111000000000000000001100000111100000000110000011111
111110000000001111111111110000000000011111100011111100000111110001111111
111000000000111100000001111100000001111111100111111100111111110011111111
110000000001111000000000111110000000001111101111111100000111110111000011
100000000011110000000000011111000000001111111100011100000011111100000000
100000000011100000000000011111000000000111110000001100000011111000000000
000000000111100000000000001111100000000111110000000000000011111000000000
000000000111100000000000001111100000000111100000000000000011110000000000
000000001111100000000000000111110000000111100000000000000011110000000000
000000001111100000000000000111110000000111100000000000000011110000000000
000000001111100000000000000111110000000111100000000000000011110000000000
000000001111100000000000000111110000000111100000000000000011110000000000
000000001111100000000000000111110000000111100000000000000011110000000000
000000001111100000000000000111110000000111100000000000000011110000000000
000000001111100000000000000111110000000111100000000000000011110000000000
000000001111100000000000000111100000000111100000000000000011110000000000
000000001111100000000000000111100000000111100000000000000011110000000000
000000000111110000000000000111100000000111100000000000000011110000000000
000000000111110000000000001111000000000111100000000000000011110000000000
000000000011111000000000001110000000000111100000000000000011110000000000
000000000001111100000000011100000000000111100000000000000011110000000000
000000000001111110000000111000000000001111110000000000000111111000000000
000000000000011111110011110000000001111111111111000000111111111111000111
000000000000000111111110000000000000000000000000000000000000000000000000
000000000000000000000000000000000000000000000000000000000000000000000000
000000000000000000000000000000000000000000000000000000000000000000000000
000000000000000000000000000000000000000000000000000000000000000000000000
000000000000000000000000000000000000000000000000000000000000000000000000
000000000000000000000000000000000000000000000000000000000000000000000000
000000000000000000000000000000000000000000000000000000000000000000000000
000000000000000000000000000000000000000000000000000000000000000000000000
000000000000000000000000000000000000000000000000000000000000000000000000
000000000000000000000000000000000000000000000000000000000000000000000000
000000000000000000000000000000000000000000000000000000000000000000000000
000000000000000000000000000000000000000000000000000000000000000000000000
000000000000000000000000000000000000000000000000000000000000000000000000
000000000000000000000000000000000000000000000000000000000000000000000000
000000000000000000000000000000000000000000000000000000000000000000000000
000000000000000000000000000000000000000000000000000000000000000000000000
000000000000000000000000000000000000000000000000000000000000000000000000
000000000000000000000000000000000000000000000000000000000000000000000000
000000000000000000000000000000000000000000000000000000000000000000000000
000000000000000000000000000000000000000000000000000000000000000000000000
000000000000000000000000000000000000000000000000000000000000000000000000
000000000000000000000000000000000000000000000000000000000000000000000000
000000000000000000000000000000000000000000000000000000000000000000000000
000000000000000000000000000000000000000000000000000000000000000000000000
000000000000000000000000000000000000000000000000000000000000000000000000
000000000000000000000000000000000000000000000000000000000000000000000000
000000000000000000000000000000000000000000000000000000000000000000000000
000000000000000000000000000000000000000000000000000000000000000000000000
000000000000000000000000000000000000000000000000000000000000000000000000
000000000000000000000000000000000000000000000000000000000000000000000000
000000000000000000000000000000000000000000000000000000000000000000000000
000000000000000000000000000000000000000000000000000000000000000000000000
000000000000000000000000000000000000000000000000000000000000000000000000
000000000000000000000000000000000000000000000000000000000000000000000000
000000000000000000000000000000000000000000000000000000000000000000000000
000000000000000000000000000000000000000000000000000000000000000000000000
000000000000000000000000000000000000000000000000000000000000000000000000
000000000000000000000000000000000000000000000000000000000000000000000000
000000000000000000000000000000000000000000000000000000000000000000000000
000000000000000000000000000000000000000000000000000000000000000000000000
000000000000000000000011111110000000000000000001000000000000000100000000
001111111110000000001111111111110000000000011111000000000001111100000000
000001111000000000111100000011111000000011111111000000001111111100000011
000001110000000001110000000001111100000011111111000000001111111100000001
000001100000000011110000000000111110000000001111000000000000111100000000
000001100000000111100000000000011111000000001111000000000000111100000000
000011000000000111100000000000011111000000001111000000000000111100000000
000011000000001111100000000000001111100000001111000000000000111100000000
000111000000001111000000000000001111100000001111000000000000111100000000
000110000000001111000000000000001111100000001111000000000000111100000000
000110000000001111000000000000000111100000001111000000000000111100000000
001100000000001111000000000000000111100000001111000000000000111100000000
001100000000011111000000000000000111100000001111000000000000111100000000
011000000000001111000000000000000111100000001111000000000000111100000000
011000000000001111000000000000000111100000001111000000000000111100000000
111000000000001111100000000000000111100000001111000000000000111100000000
110000000000001111100000000000000111100000001111000000000000111100000000
110000000000001111100000000000001111000000001111000000000001111100000000
100000000000000111110000000000001111000000001111100000000011111100000000
100000000000000111110000000000001110000000001111100000000111111100000000
000000000000000011111000000000011100000000000111111000001100111100000000
000000000000000001111100000000111000000000000111111111111000111110000000
000000000000000000111111000011110000000000000011111111110000111111110011
000000000000000000001111111111000000000000000000111111000000110001110011
000000000000000000000000000000000000000000000000000000000000000000000000
000000000000000000000000000000000000000000000000000000000000000000000000
000000000000000000000000000000000000000000000000000000000000000000000000
000000000000000000000000000000000000000000000000000000000000000000000000
000000000000000000000000000000000000000000000000000000000000000000000000
000000000000000000000000000000000000000000000000000000000000000000000000
000000000000000000000000000000000000000000000000000000000000000000000000
000000000000000000000000000000000000000000000000000000000000000000000000
000000000000000000000000000000000000000000000000000000000000000000000000
000000000000000000000000000000000000000000000000000000000000000000000000
000000000000000000000000000000000000000000000000000000000000000000000000
000000000000000000000000000000000000000000000000000000000000000000000000
000000000000000000000000000000000000000000000000000000000000000000000000
000000000000000000000000000000000000000000000000000000000000000000000000
000000000000000000000000000000000000000000000000000000000000000000000000
000000000000000000000000000000000000000000000000000000000000000000000000
000000000000000000000000000000000000000000000000000000000000000000000000
000000000000000000000000000000000000000000000000000000000000000000000000
000000000000000000000000000000000000000000000000000000000000000000000000
000000000000000000000000000000000000000000000000000000000000000000000000
000000000000000000000000000000000000000000000000000000000000000000000000
000000000000000000000000000000000000000000000000000000000000000000000000
000000000000000000000000000000000000000000000000000000000000000000000000
000000000000000000000000000000000000000000000000000000000000000000000000
000000000000000000000000000000000000000000000000000000000000000000000000
000000000000000000000000000000000000000000000000000000000000000000000000
000000000000000000000000000000000000000000000000000000000000000000000000
000000000000000000000000000000000000000000000000000000000000000000000000
000000000000000000000000000000000000000000000000000000000000000000000000
000000000000000000000000000000000000000000000000000000000000000000000000
000000000000000000000000000000000000000000000000000000000000000000000000
000000000000000000000000000000000000000000000000000000000000000000000000
000000000000000000000000000000000000000000000000000000000000000000000000
000000000000000000000000000000000000000000000000000000000000000000000000
000000000000000000000000000000000000000000000000000000000000000000000000
000000000000000000000000000000000000000000000000000000000000000000000000
000000000000000000000000000000000000000000000000000000000000000000000000
000000000000000000000000000000000000000000000000000000000000000000000000
000000000000000000000000000000000000000000000000000000000000000000000000
000000000000000000000001000000111100000000000111100000000000000000000111
000000000000000000001111000011111111000000011111111000000000000000111111
000000000000000011111111000111111111100000111111111100000000000001111111
000000000000000011111111001110001111110001110001111110000000000111000000
000000000000000000001111111000000111111111000000111110000000000110000000
000000000000000000001111110000000011111110000000011111000000000110000000
000000000000000000001111100000000001111100000000001111000000000100000000
000000000000000000001111000000000001111000000000001111000000000000000000
000000000000000000001111000000000001111000000000001111000000000000000000
000000000000000000001111000000000001111000000000001111000000000000000000
000000000000000000001111000000000001111000000000001111000000000000000111
000000000000000000001111000000000001111000000000001111000000000000111111
000000000000000000001111000000000001111000000000001111000000000011110000
000000000000000000001111000000000001111000000000001111000000000111100000
000000000000000000001111000000000001111000000000001111000000001111000000
000000000000000000001111000000000001111000000000001111000000011110000000
000000000000000000001111000000000001111000000000001111000000011110000000
000000000000000000001111000000000001111000000000001111000000011110000000
000000000000000000001111000000000001111000000000001111000000011110000000
000000000000000000001111000000000001111000000000001111000000011111000000
000000000000000000001111000000000001111000000000001111000000011111000000
000000000000000000001111100000000001111100000000001111100000001111111111
