000000000000000000000000000000000000000000000000000000000000000000000000
000000000000000000000000000000000000000000000000000000000000000000000000
000000000000000000000000000000000000000000000000000000000000000000000000
000000000000000000000000000000000000000000000000000000000000000000000000
000000000000000000000000000000000000000000000000000000000000000000000000
000000000000000000000000000000000000000000000000000000000000000000000000
000000000000000000000000000000000000000000000000000000000000000000000000
000000000000000000000000000000000000000000000000000000000000000000000000
000000000000000000000000000000000000000000000000000000000000000000000000
000000000000000000000000000000000000000000000000000000000000000000000000
000000000000000000000000000000000000000000000000000000000000000000000000
000000000000000000000000000000000000000000000000000000000000000000000000
000000000000000000000000000000000000000000000000000000000000000000000000
000000000000000000000000000000000000000000000000000000000000000000000000
000000000000000000000000000000000000000000000000000000000000000000000000
000000000000000000000000000000000000000000000000000000000000000000000000
000000000000000000000000000000000000000000000000000000000000000000000000
000000000000000000000000000000000000000000000000000000000000000000000000
000000000000000000000000000000000000000000000000000000000000000000000000
000000001111100000000000000000011111100000000000000000110000011110000000
000000111111111100000000000011111111111000000000000111110001111110000000
000011100000011110000000000111111111111100000000111111110011111110000000
000111000000001111000000011100000001111110000000111111110111111110000000
001110000000001111100000011100000000111110000000000111110110011110000000
011100000000000111100000011000000000011110000000000011111100000110000000
111100000000000111100000011000000000011110000000000011111000000000000000
111100000000000111110000000000000000001111000000000011110000000000000000
111100000000000111110000000000000000001111000000000011110000000000000000
111100000000000011110000000000000000111111000000000011110000000000000000
111111111111111111110000000000011111111111000000000011110000000000000000
111111111111111111100000000011111100001111000000000011110000000000000000
111100000000000000000000001111000000001111000000000011110000000000000000
111100000000000000000000011110000000001111000000000011110000000000000000
111100000000000000000000111100000000001111000000000011110000000000000000
111100000000000000000000111100000000001111000000000011110000000000000000
111100000000000000000001111000000000001111000000000011110000000000000000
111110000000000000000001111000000000011111000000000011110000000000000000
111110000000000000000001111100000000011111000000000011110000000000011100
011111000000000000000001111100000001111111000000000011110000000000111110
011111100000000001100000111110000011001111000000000011110000000000111111
001111111100000111100000111111111110001111000000000111110000000000111110
000111111111111110000000011111111000011111111000111111111111100000111110
000001111111111000000000001111110000001111111000111111111111000000001100
000000000010000000000000000000000000000000000000000000000000000000000000
000000000000000000000000000000000000000000000000000000000000000000000000
000000000000000000000000000000000000000000000000000000000000000000000000
000000000000000000000000000000000000000000000000000000000000000000000000
000000000000000000000000000000000000000000000000000000000000000000000000
000000000000000000000000000000000000000000000000000000000000000000000000
000000000000000000000000000000000000000000000000000000000000000000000000
000000000000000000000000000000000000000000000000000000000000000000000000
000000000000000000000000000000000000000000000000000000000000000000000000
000000000000000000000000000000000000000000000000000000000000000000000000
000000000000000000000000000000000000000000000000000000000000000000000000
000000000000000000000000000000000000000000000000000000000000000000000000
000000000000000000000000000000000000000000000000000000000000000000000000
000000000000000000000000000000000000000000000000000000000000000000000000
000000000000000000000000000000000000000000000000000000000000000000000000
000000000000000000000000000000000000000000000000000000000000000000000000
000000000000000000000000000000000000000000000000000000000000000000000000
000000000000000000000000000000000000000000000000000000000000000000000000
000000000000000000000000000000000000000000000000000000000000000000000000
000000000000000000000000000000000000000000000000000000000000000000000000
000000000000000000000000000000000000000000000000000000000000000000000000
000000000000000000000000000000000000000000000000000000000000000000000000
000000000000000000000000000000000000000000000000000000000000000000000000
000000000000000000000000000000000000000000000000000000000000000000000000
000000000000000000000000000000000000000000000000000000000000000000000000
000000000000000000000000000000000000000000000000000000000000000000000000
000000000000000000000000000000000000000000000000000000000000000000000000
000000000000000000000000000000000000000000000000000000000000000000000000
000000000000000000000000000000000000000000000000000000000000000000000000
000000000000000000000000000000000000000000000000000000000000000000000000
000000000000000000000000000000000000000000000000000000000000000000000000
000000000000000000000000000000000000000000000000000000000000000000000000
000000000000000001100000000000000000000000000000000000000000000000000000
000000000000001111100000000000000000000000000000000000000000000000000000
000000000000001111000000000000000000000000000000000000000000000000000000
000000000000001111000000000000000000000000000000000000000000000000000000
000000000000001111000000000000000000000000000000000000000000000000000000
000000000000001111000000000000000000000000000000000000000000000000000000
000000000000001111000000000000000000000000000000000000000000000000000000
000001100000001111000000000000000000000000000000000000111100000000000000
000111110000001111000000000000000000000000000000001111111111100000000000
001111110000011111111111100000000000000000000000011100000111111000000000
011111110001111111111111100000000000000000000001111000000001111100000001
111111110011111111111111000000000000000000000011110000000000111110000001
100000110000001111000000000000000000000000000011100000000000011111000000
000000110000001111000000000000000000000000000111100000000000011111000000
000000000000001111000000000000000000000000000111100000000000001111100000
000000000000001111000000000000000000000000001111000000000000001111100000
000000000000001111000000000000000000000000001111000000000000001111100000
000000000000001111000000000000000000000000001111000000000000000111100000
000000000000001111000000000000000000000000001111000000000000000111110000
000000000000001111000000000000000000000000001111000000000000000111110000
000000000000001111000000000000000000000000001111000000000000000111100000
000000000000001111000000000000000000000000001111000000000000000111100000
000000000000001111000000000000000000000000001111100000000000000111100000
000000000000001111000000000000000000000000001111100000000000000111100000
000000000000001111000000000000000000000000001111100000000000001111000000
000000000000001111000000000000000000000000000111110000000000001111000000
000000000000001111000000000000000000000000000111110000000000001110000000
000000000000001111100001000000000000000000000011111000000000011100000000
000000000000001111111111000000000000000000000001111100000000111000000000
111100000000000111111110000000000000000000000000111111000001110000000001
111100000000000011111100000000000000000000000000011111111111000000000011
000000000000000000000000000000000000000000000000000011111000000000000000
000000000000000000000000000000000000000000000000000000000000000000000000
000000000000000000000000000000000000000000000000000000000000000000000000
000000000000000000000000000000000000000000000000000000000000000000000000
000000000000000000000000000000000000000000000000000000000000000000000000
000000000000000000000000000000000000000000000000000000000000000000000000
000000000000000000000000000000000000000000000000000000000000000000000000
000000000000000000000000000000000000000000000000000000000000000000000000
000000000000000000000000000000000000000000000000000000000000000000000000
000000000000000000000000000000000000000000000000000000000000000000000000
000000000000000000000000000000000000000000000000000000000000000000000000
000000000000000000000000000000000000000000000000000000000000000000000000
000000000000000000000000000000000000000000000000000000000000000000000000
000000000000000000000000000000000000000000000000000000000000000000000000
000000000000000000000000000000000000000000000000000000000000000000000000
000000000000000000000000000000000000000000000000000000000000000000000000
000000000000000000000000000000000000000000000000000000000000000000000000
000000000000000000000000000000000000000000000000000000000000000000000000
000000000000000000000000000000000000000000000000000000000000000000000000
000000000000000000000000000000000000000000000000000000000000000000000000
000000000000000000000000000000000000000000000000000000000000000000000000
000000000000000000000000000000000000000000000000000000000000000000000000
000000000000000000000000000000000000000000000000000000000000000000000000
000000000000000000000000000000000000000000000000000000000000000000000000
000000000000000000000000000000000000000000000000000000000000000000000000
000000000000000000000000000000000000000000000000000000000000000000000000
000000000000000000000000000000000000000000000000000000000000000000000000
000000000000000000000000000000000000000000000000000000000000000000000000
000000000000000000000000000000000000000000000000000000000000000000000000
000000000001111000000000000000000000000000000000000000000000000000000000
000000000001111100000000000000000000000000000000000000000000000000000000
000000000011111100000000000000000000000000000000000000000000000000000000
000000000001111100000000000000000000000000000000000000000000000000000000
000000000001111000000000000000000000000000000000000000000000000000000000
000000000000000000000000000000000000000000000000000000000000000000000000
000000000000000000000000000000000000000000000000000000000000000000000000
000000000000000000000000000000000000000000000000000000000000000000000000
000000000000000000000000000000000000000000000000000000000000000000000000
000000000000000000000000000000000000000000000000000000000000000000000000
000000000000000000000000000000000000000000000000000000000000000000000000
000000000000111100000000000000011111111100000000000011111111000000000000
111111001111111100000000000001111111111110000000001110000111110000000000
111111011111111100000000000111100000111110000000111000000011111000000000
111110000001111100000000001110000000001110000001110000000001111100000000
000000000001111100000000011100000000000110000011110000000000111100000000
000000000001111100000000111000000000000110000011100000000000111100000000
000000000001111100000001111000000000000110000111100000000000111110000000
000000000001111100000001111000000000000000000111100000000000111110000000
000000000001111100000001110000000000000000001111100000000000011110000000
000000000001111100000011110000000000000000001111100000000000111110000000
000000000001111100000011110000000000000000001111111111111111111110000000
000000000001111100000011110000000000000000001111100000000000000000000000
000000000001111100000011110000000000000000001111100000000000000000000000
000000000001111100000011111000000000000000001111100000000000000000000000
000000000001111100000011111000000000000000001111100000000000000000000000
000000000001111100000011111000000000000000001111100000000000000000000000
000000000001111100000001111100000000000000000111110000000000000000000000
000000000001111100000001111100000000000000000111110000000000000000000000
000000000001111100000001111110000000000000000111111000000000000000000000
000000000001111100000000111111000000000000000011111100000000000100000000
111110000001111100000000011111110000000110000001111111000000011100000000
111100001111111111100000001111111111111110000000111111111111111000000000
111000011111111111110000000011111111111100000000011111111111100000000000
100000000000000000000000000000111111100000000000000011111100000000000000
000000000000000000000000000000000000000000000000000000000000000000000000
000000000000000000000000000000000000000000000000000000000000000000000000
000000000000000000000000000000000000000000000000000000000000000000000000
000000000000000000000000000000000000000000000000000000000000000000000000
000000000000000000000000000000000000000000000000000000000000000000000000
000000000000000000000000000000000000000000000000000000000000000000000000
000000000000000000000000000000000000000000000000000000000000000000000000
000000000000000000000000000000000000000000000000000000000000000000000000
000000000000000000000000000000000000000000000000000000000000000000000000
