000000000000000000000000000000000000000000000000000000000000000000000000
000000000000000000000000000000000000000000000000000000000000000000000000
000000000000000000000000000000000000000000000000000000000000000000000000
000000000000000000000000000000000000000000000000000000000000000000000000
000000000000000000000000000000000000000000000000000000000000000000000000
000000000000000000000000000000000000000000000000000000000000000000000000
000000000000000000000000000000000000000000000000000000000000000000000000
000000000000000000000000000000000000000000000000000000000000000000000000
000000000000000000000000000000000000000000000000000000001100000000000000
000000000000000000000000000000000000000000000000000000011100000000000000
000000000000000000000000000000000000000000000000000000011110000000000000
000000000000000000000000000000000000000000000000000000011110000000000000
000000000000000000000000000000000000000000000000000000111111000000000000
000000000000000000000000000000000000000000000000000000111111000000000000
000000000000000000000000000000000000000000000000000001111111100000000000
000000000000000000000000000000000000000000000000000001101111100000000000
000000000000000000000000000000000000000000000000000011100111100000000000
000000000000000000000000000000000000000000000000000011000111110000000000
000000000000000000000000000000000000000000000000000111000111110000000000
000000000000000000000000000000000000000000000000000110000011111000000000
000000000000000000000000000000000000000000000000000110000011111000000000
000000000000000000000000000000000000000000000000001110000001111100000000
000000000000000000000000000000000000000000000000001100000001111100000000
000000000000000000000000000000000000000000000000011100000000111100000000
000000000000000000000000000000000000000000000000011000000000111110000000
000000000000000000000000000000000000000000000000111000000000111110000000
000000000000000000000000000000000000000000000000110000000000011111000000
000000000000000000000000000000000000000000000000110000000000011111000000
000000000000000000000000000000000000000000000001110000000000001111100000
000000000000000000000000000000000000000000000001111111111111111111100000
000000000000000000000000000000000000000000000011111111111111111111100000
000000000000000000000000000000000000000000000011000000000000000111110000
000000000000000000000000000000000000000000000111000000000000000111110000
000000000000000000000000000000000000000000000110000000000000000011111000
000000000000000000000000000000000000000000001110000000000000000011111000
000000000000000000000000000000000000000000001110000000000000000001111100
000000000000000000000000000000000000000000001100000000000000000001111100
000000000000000000000000000000000000000000011100000000000000000001111100
000000000000000000000000000000000000000000011100000000000000000000111110
000000000000000000000000000000000000000000111000000000000000000000111111
000000000000000000000000000000000000000001111100000000000000000000111111
000000000000000000000000000000000000001111111111110000000000001111111111
000000000000000000000000000000000000001111111111100000000000001111111111
000000000000000000000000000000000000000000000000000000000000000000000000
000000000000000000000000000000000000000000000000000000000000000000000000
000000000000000000000000000000000000000000000000000000000000000000000000
000000000000000000000000000000000000000000000000000000000000000000000000
000000000000000000000000000000000000000000000000000000000000000000000000
000000000000000000000000000000000000000000000000000000000000000000000000
000000000000000000000000000000000000000000000000000000000000000000000000
000000000000000000000000000000000000000000000000000000000000000000000000
000000000000000000000000000000000000000000000000000000000000000000000000
000000000000000000000000000000000000000000000000000000000000000000000000
000000000000000000000000000000000000000000000000000000000000000000000000
000000000000000000000000000000000000000000000000000000000000000000000000
000000000000000000000000000000000000000000000000000000000000000000000000
000000000000000000000000000000000000000000000000000000000000000000000000
000000000000000000000000000000000000000000000000000000000000000000000000
000000000000000000000000000000000000000000000000000000000000000000000000
000000000000000000000000000000000000000000000000000000000000000000000000
000000000000000000000000000000000000000000000000000000000000000000000000
000000000000000000000000000000000000000000000000000000000000000000000000
000000000000000000000000000000000000000000000000000000000000000000000000
000000000000000000000000000000000000000000000000000000000000000000000000
000000000000000000000000000000000000000000000000000000000000000000000000
000000000000000000000000000000000000000000000000000000000000000000000000
000000000000000000000000000000000000000000000000000000000000000000000000
000000000000000000000000000000000000000000000000000000000000000000000000
000000000000000000000000000000000000000000000000000000000000000000000000
000000000001100000000000000000000000000000000000000000000000000000000000
000000000111110000000000000000000000000000000000000000000000000000000000
000000011111110000000000000000000000000000000000000000000000000000000000
000000011111110000000000000000000000000000000000000000000000000000000000
000000110000010000000000000000000000000000000000000000000000000000000000
000001100000000000000000000000000000000000000000000000000000000000000000
000011100000000000000000000000000000000000000000000000000000000000000000
000111100000000000000000000000000000000000000000000000000000000000000000
000111100000000000000000000000000000000000000000000000000000000000000000
000111100000000000000000000000000000000000000000000000000000000000000000
000111100000000000000000000000000000000000000000000000000000000000000000
001111100000000000000000000000000000000000000000000000000000000000000000
001111100000000000000000000000000000000000000000000000000000000000000000
001111100000000000000000000000000000000000000000000000000000000000000111
001111100000000000000000000000011111111111000000111111111000000000111111
011111111111100000000000000000000111111000000000001111100000000011111111
111111111111100000000000000000000011111000000000000111000000001111000001
111111111111000000000000000000000011111000000000000110000000001100000000
001111100000000000000000000000000011111000000000000110000000001100000000
001111100000000000000000000000000001111000000000001100000000001100000000
001111100000000000000000000000000001111100000000001100000000000000000000
001111100000000000000000000000000000111100000000001000000000000000000000
001111100000000000000000000000000000111110000000011000000000000000000000
001111100000000000000000000000000000011110000000011000000000000000001111
001111100000000000000000000000000000011111000000110000000000000001111110
001111100000000000000000000000000000011111000000110000000000000111110000
001111100000000000000000000000000000001111000000100000000000001111000000
001111100000000000000000000000000000001111100001100000000000011110000000
001111100000000000000000000000000000000111100001000000000000011110000000
001111100000000000000000000000000000000111110011000000000000111100000000
001111100000000000000000000000000000000011110010000000000000111100000000
001111100000000000000000000000000000000011110110000000000000111100000000
001111100000000000000000000000000000000011111110000000000000111110000000
001111100000000000000000000000000000000001111100000000000000111111000001
001111100000000000000000000000000000000001111100000000000000011111111111
111111111110000000000000000000000000000000111000000000000000001111111100
111111111110000000000000000000000000000000111000000000000000000111111000
000000000000000000000000000000000000000000000000000000000000000000000000
000000000000000000000000000000000000000000000000000000000000000000000000
000000000000000000000000000000000000000000000000000000000000000000000000
000000000000000000000000000000000000000000000000000000000000000000000000
000000000000000000000000000000000000000000000000000000000000000000000000
000000000000000000000000000000000000000000000000000000000000000000000000
000000000000000000000000000000000000000000000000000000000000000000000000
000000000000000000000000000000000000000000000000000000000000000000000000
000000000000000000000000000000000000000000000000000000000000000000000000
000000000000000000000000000000000000000000000000000000000000000000000000
000000000000000000000000000000000000000000000000000000000000000000000000
000000000000000000000000000000000000000000000000000000000000000000000000
000000000000000000000000000000000000000000000000000000000000000000000000
000000000000000000000000000000000000000000000000000000000000000000000000
000000000000000000000000000000000000000000000000000000000000000000000000
000000000000000000000000000000000000000000000000000000000000000000000000
000000000000000000000000000000000000000000000000000000000000000000000000
000000000000000000000000000000000000000000000000000000000000000000000000
000000000000000000000000000000000000000000000000000000000000000000000000
000000000000000000000000000000000000000000000000000000000000000000000000
000000000000000000000000000000000000000000000000000000000000000000000000
000000000000000000000000000000000000000000000000000000000000000000000000
000000000000000000000000000000000000000000000000000000000000000000000000
000000000000000000000000000000000000000000000000000000000000000000000000
000000000000000000000000000000000000000000000000000000000000000000000000
000000000000000000000000000000000000000000000000000000000000000000000000
000000000000000000000000000000000000000000000000000000000000000000000000
000000000000000000000000000000000000000000000000000000111000000000000000
000000000000000000000000000000000000000000000000011111111000000000000000
000000000000000000000000000000000000000000000000011111111000000000000000
000000000000000000000000000000000000000000000000000001111000000000000000
000000000000000000000000000000000000000000000000000001111000000000000000
000000000000000000000000000000000000000000000000000001111000000000000000
000000000000000000000000000000000000000000000000000001111000000000000000
000000000000000000000000000000000000000000000000000001111000000000000000
000000000000000000000000000000000000000000000000000001111000000000000000
000000000000000000000000000000000000000000000000000001111000000000000000
000000000000000000000000000000000000000000000000000001111000000000000000
000000000000000000000000000000000000000000000000000001111000000000000000
000000000000000000000000000000000000000000000000000001111000000000000000
000000011111111111100000000110000000001111111110000001111000011111111000
000000001111111111000000000110000000000111111110000001111000111111111110
000000000011111000000000001111000000000001111000000001111001111111111111
000000000001111000000000001111000000000001110000000001111011000000011111
000000000001111100000000011111100000000001100000000001111110000000001111
000000000000111100000000011111100000000001100000000001111100000000001111
000000000000111100000000011111100000000011100000000001111000000000000111
000000000000111110000000110111110000000011000000000001111000000000000111
000000000000011110000000110011110000000011000000000001111000000000000111
000000000000011110000001100011111000000110000000000001111000000000000111
000000000000011111000001100001111000000110000000000001111000000000000111
000000000000001111000011000001111000001100000000000001111000000000000111
000000000000001111000011000001111100001100000000000001111000000000000111
000000000000001111000011000000111100001000000000000001111000000000000111
000000000000001111100110000000111110011000000000000001111000000000000111
000000000000000111100110000000011110011000000000000001111000000000000111
000000000000000111101100000000011110010000000000000001111000000000000111
000000000000000111111100000000011111110000000000000001111000000000000111
000000000000000011111000000000001111110000000000000001111000000000000111
000000000000000011111000000000001111100000000000000001111000000000000111
000000000000000011111000000000000111100000000000000001111000000000000111
000000000000000001110000000000000111100000000000001111111111000000000111
000000000000000001110000000000000111000000000000011111111111100000000111
000000000000000000000000000000000000000000000000000000000000000000000000
000000000000000000000000000000000000000000000000000000000000000000000000
000000000000000000000000000000000000000000000000000000000000000000000000
000000000000000000000000000000000000000000000000000000000000000000000000
000000000000000000000000000000000000000000000000000000000000000000000000
000000000000000000000000000000000000000000000000000000000000000000000000
000000000000000000000000000000000000000000000000000000000000000000000000
000000000000000000000000000000000000000000000000000000000000000000000000
000000000000000000000000000000000000000000000000000000000000000000000000
000000000000000000000000000000000000000000000000000000000000000000000000
