000000000000000000000000011111000000000000000000000000000000000000000000
000000000000000000000000011111000000000000000000000000000000000000000000
000000000000000000000000011111000000000000000000000000000000000000000000
000000000000000000000000001110000000000000000000000000000000000000000000
000000000000000000000000000000000000000000000000000000000000000000000000
000000000000000000000000000000000000000000000000000000000000000000000000
000000000000000000000000000000000000000000000000000000000000000000000000
000000000000000000000000000000000000000000000000000000000000000000000000
000000000000000000000000000000000000000000000000000000000000000000000000
000000000000000000000000000000000000000000000000000000000000000000000000
000000000000000000000000001111000000000001111111111100000000000000000000
000000000000000000000011111111000000000111100001111100000000000000000000
000000000000000000000011111111000000001110000000011100000000000000000000
100000000000000000000000011111000000001110000000001100000000000000000000
100000000000000000000000001111000000011100000000000100000000000000000000
110000000000000000000000001111000000011100000000000100000000000000000000
110000000000000000000000001111000000011110000000000000000000000000000000
110000000000000000000000001111000000011110000000000000000000000000000000
110000000000000000000000001111000000011111100000000000000000000000000000
110000000000000000000000001111000000011111111111000000000000000000000000
110000000000000000000000001111000000001111111111111000000000000000000000
000000000000000000000000001111000000000111111111111110000000000000000000
000000000000000000000000001111000000000000111111111111000000000000000000
000000000000000000000000001111000000000000000111111111000000000000000000
000000000000000000000000001111000000000000000000011111000000000000000000
000000000000000000000000001111000000000000000000001111000000000000000000
000000000000000000000000001111000000010000000000000111000000000000000000
000000000000000000000000001111000000010000000000000111000000000000000000
000000000000000000000000001111000000011000000000000111000000000000000000
110000000000000000000000001111000000011000000000001110000000000000000000
100000000000000000000000011111000000011100000000011100000000000000000000
000000000000000000000011111111111000011111000000111000000000000000000000
000000000000000000000111111111111100011111111111110000000000000000000000
000000000000000000000000000000000000000011111110000000000000000000000000
000000000000000000000000000000000000000000000000000000000000000000000000
000000000000000000000000000000000000000000000000000000000000000000000000
000000000000000000000000000000000000000000000000000000000000000000000000
000000000000000000000000000000000000000000000000000000000000000000000000
000000000000000000000000000000000000000000000000000000000000000000000000
000000000000000000000000000000000000000000000000000000000000000000000000
000000000000000000000000000000000000000000000000000000000000000000000000
000000000000000000000000000000000000000000000000000000000000000000000000
000000000000000000000000000000000000000000000000000000000000000000000000
000000000000000000000000000000000000000000000000000000000000000000000000
000000000000000000000000000000000000000000000000000000000000000000000000
000000000000000000000000000000000000000000000000000000000000000000000000
000000000000000000000000000000000000000000000000000000000000000000000000
000000000000000000000000000000000000000000000000000000000000000000000000
000000000000000000000000000000000000000000000000000000000000000000000000
000000000000000000000000000000000000000000000000000000000000000000000000
000000000000000000000000000000000000000000000000000000000000000000000000
000000000000000000000000000000000000000000000000000000000000000000000000
000000000000000000000000000000000000000000000000000000000000000000000000
000000000000000000000000000000000000000000000000000000000000000000000000
000000000000000000000000000000000000000000000000000000000000000000000000
000000000000000000000000000000000000000000000000000000000000000000000000
000000000000000000000000000000000000000000000000000000000000000000000000
000000000000000000000000000000000000000000000000000000000000000000000000
000000000000000000000000000000000000000000000000000000000000000000000000
000000000000000000000000000000000000000000000000000000000000000000000000
000000000000000000000000000000000000000000000000000000000000000000000000
000000000000000000000000000000000001100000000000000000000000000000000000
000000000000000000000000000000001111100000000000000000000000000000000000
000000000000000000000000000000001111100000000000000000000000000000000000
000000000000000000000000000000001111000000000000000000000000000000000000
000000000000000000000000000000001111000000000000100000000000000000000000
000000000000000000000000000000011110000000000011100000000000000000000000
000000000000000000000000000000011110000000000111100000000000000000000000
000000000000000000000000000000011100000000000111100000000000000000000000
000000000000000000000000000000111000000000000111100000000000000000000000
000000000000000000000000000000111000000000000111100000000000000000000000
000000000000000000000000000001110000000000000111100000000000000000000000
000000000000000000000000000001100000000000000111100000000000000000000000
000111000011111110000000000001000000000000000111100000000000000000000000
111111000111111111100000000000000000000000000111100001100000000000000000
111111001111111111110000000000000000000000111111111111110000000000000000
011111111000000111111000000000000000000001111111111111100000000000000000
011111100000000011111000000000000000000000000111100000000000000000000000
011111000000000001111000000000000000000000000111100000000000000000000000
011111000000000001111000000000000000000000000111100000000000000000000000
011111000000000001111100000000000000000000000111100000000000000000000000
011111000000000001111100000000000000000000000111100000000000000000000000
011111000000000001111100000000000000000000000111100000000000000000000000
011111000000000001111100000000000000000000000111100000000000000000000000
011111000000000001111100000000000000000000000111100000000000000000000000
011111000000000001111100000000000000000000000111100000000000000000000000
011111000000000001111100000000000000000000000111100000000000000000000000
011111000000000001111100000000000000000000000111100000000000000000000000
011111000000000001111100000000000000000000000111100000000000000000000000
011111000000000001111100000000000000000000000111100000000000000000000000
011111000000000001111100000000000000000000000111100000000000000000000000
011111000000000001111100000000000000000000000111100000000000000000000000
011111000000000001111100000000000000000000000111100000000000000000000000
011111000000000001111100000000000000000000000111111011100000000000000000
111111100000000001111110000000000000000000000111111111000000000000000000
111111111100000001111111100000000000000000000011111110000000000000000000
000000000000000000000000000000000000000000000000111100000000000000000000
000000000000000000000000000000000000000000000000000000000000000000000000
000000000000000000000000000000000000000000000000000000000000000000000000
000000000000000000000000000000000000000000000000000000000000000000000000
000000000000000000000000000000000000000000000000000000000000000000000000
000000000000000000000000000000000000000000000000000000000000000000000000
000000000000000000000000000000000000000000000000000000000000000000000000
000000000000000000000000000000000000000000000000000000000000000000000000
000000000000000000000000000000000000000000000000000000000000000000000000
000000000000000000000000000000000000000000000000000000000000000000000000
000000000000000000000000000000000000000000000000000000000000000000000000
000000000000000000000000000000000000000000000000000000000000000000000000
000000000000000000000000000000000000000000000000000000000000000000000000
000000000000000000000000000000000000000000000000000000000000000000000000
000000000000000000000000000000000000000000000000000000000000000000000000
000000000000000000000000000000000000000000000000000000000000000000000000
000000000000000000000000000000000000000000000000000000000000000000000000
000000000000000000000000000000000000000000000000000000000000000000000000
000000000000000000000000000000000000000000000000000000000000000000000000
000000000000000000000000000000000000000000000000000000000000000000000000
000000000000000000000000000000000000000000000000000000000000000000000000
000000000000000000000000000000000000000000000000000000000000000000000000
000000000000000000000000000000000000000000000000000000000000000000000000
000000000000000000000000000000000000000000000000000000000000000000000000
000000000000000000000000000000000000000000000000000000000000000000000000
000000000000000000000000000000000000000000000000000000000000000000000000
000000000000000000000000000000000000000000000000000000000000000000000000
000000000000000000000000000000000000000000000000000000000000000000000000
000000000000000000000000000000000000000000000000000000000000000000000000
000000000000000000000000000000000000000000000000000000000000000000000000
000000000000000000000000000000000000000000000000000000000000000000000000
000000000000000000000000000000000000000000000000000000000000000000000000
000000000000000000000000000000000000000000000000000000000000000000000000
000000000000000000000000000000000000000000000000000000000000000000000000
000000000000000000000000000000000000000000000000000000000000000000000000
000000000000000000000000000000000000000000000000000000000000000000000000
000000000000000000000000000000000000000000000000000000000000000000000000
000000000000000000000000000000000000000000000000000000000000000000000000
000000000000000000000000000000000000000000000000000000000000000000000000
000000000000000000000000000000000000000000000000000000000000000000000000
001111110000000001111110000000000000000000111111000000000000000000000000
111111111100000111111111100000000000000011111111111000000000000000000000
111111111110001111111111110000000000001110000001111100000000000000000000
100001111110011100001111110000000000011100000000111110000000000000000000
000000011111110000000011111000000000111000000000011110000000000000000000
000000011111100000000011111000000001111000000000011111000000000000000000
000000001111100000000001111000000001111000000000001111000000000000000000
000000001111000000000001111000000011110000000000001111000000000000000000
000000001111000000000001111000000011110000000000001111000000000000000000
000000001111000000000001111000000011110000000000001111000000000000000000
000000001111000000000001111000000011111111111111111111000000000000000000
000000001111000000000001111000000111111111111111111100000000000000000000
000000001111000000000001111000000111110000000000000000000000000000000000
000000001111000000000001111000000011110000000000000000000000000000000000
000000001111000000000001111000000011110000000000000000000000000000000000
000000001111000000000001111000000011111000000000000000000000000000000000
000000001111000000000001111000000011111000000000000000000000000000000000
000000001111000000000001111000000011111000000000000000000000000000000000
000000001111000000000001111000000001111100000000000000000000000000000000
000000001111000000000001111000000001111110000000000000000000000000000000
000000001111000000000001111000000000111111000000000111000000000000000000
000000011111100000000001111100000000011111111000011110000000000000000000
100011111111111100000001111111100000001111111111111000000000000000000000
000000000000000000000000000000000000000011111111100000000000000000000000
000000000000000000000000000000000000000000000000000000000000000000000000
000000000000000000000000000000000000000000000000000000000000000000000000
000000000000000000000000000000000000000000000000000000000000000000000000
000000000000000000000000000000000000000000000000000000000000000000000000
000000000000000000000000000000000000000000000000000000000000000000000000
000000000000000000000000000000000000000000000000000000000000000000000000
000000000000000000000000000000000000000000000000000000000000000000000000
000000000000000000000000000000000000000000000000000000000000000000000000
000000000000000000000000000000000000000000000000000000000000000000000000
000000000000000000000000000000000000000000000000000000000000000000000000
000000000000000000000000000000000000000000000000000000000000000000000000
000000000000000000000000000000000000000000000000000000000000000000000000
000000000000000000000000000000000000000000000000000000000000000000000000
000000000000000000000000000000000000000000000000000000000000000000000000
000000000000000000000000000000000000000000000000000000000000000000000000
000000000000000000000000000000000000000000000000000000000000000000000000
000000000000000000000000000000000000000000000000000000000000000000000000
000000000000000000000000000000000000000000000000000000000000000000000000
000000000000000000000000000000000000000000000000000000000000000000000000
