000000000000000000000000000000000000000000000000000000000000000000000000
000000000000000000000000000000000000000000000000000000000000000000000000
000000000000000000000000000000000000000000000000000000000000000000000000
000000000000000000000000000000000000000000000000000000000000000000000000
000000000000000000000000000000000000000000000000000000000000000000000000
000000000000000000000000000000000000000000000000000000000000000000000000
000000000000000000000000000000000000000000000000000000000000000000000000
000000000000000000000000000000000000000000000000000000000000000000000000
000000000000000000000000000000000000000000000000000000000000000000000000
000000000000000000000000000000000000000000000000000000000000000000000000
000000000000000000000000000000000000000000000000000000000000000000000000
000000000000000000000000000000000000000000000000000000000000000000000000
000000000000000000000000000000000000000000000000000000000000000000000000
000000000000000000000000000000000000000000000000000000000000000000000000
000000000000000000000000000000000000000000000000000000000000000000000000
000000000000000000000000000000000000000000000000000000000000000000000000
000000000000000000000000000000000000000000000000000000000000000000000000
000000000000000000000000000000000000000000000000000000000000000000000000
000000000000000000000000000000000000000000000001000000000000000000000000
000000000000000000000000000000000000000000011111000000000000000000000000
000000000000000000000000000000000000000011111111000000000000000000000000
000000000000000000000000000000000000000000011111000000000000000000000000
000000000000000000000000000000000000000000001111000000000000000000000000
000000000000000000000000000000000000000000001111000000000000000000000000
000000000000000000000000000000000000000000001111000000000000000000000000
000000000000000000000000000000000000000000001111000000000000000000000000
000000000000000000000000000000000000000000001111000000000000000000000000
000000000000000000000000000000000000000000001111000000000000000000000000
000000000000000000000000000000000000000000001111000000000000000000000000
000000000000000000000000000000000000000000001111000000000000000000000000
000000000000000000000000000000000000000000001111000000000000000000000000
000111111100000000000000000110000111110000001111000000111100011110000001
011111111111000000000001111110001111110000001111000000111111111110000001
111111111111100000001111111110011111110000001111000000001111110000000000
100000001111100000000001111110111111110000001111000000000111110000000000
000000000111110000000000111111110011110000001111000000000011110000000000
000000000011110000000000111111000000100000001111000000000011111000000000
000000000011110000000000111110000000000000001111000000000011111000000000
000000000011110000000000111110000000000000001111000000000001111000000000
000000000011110000000000111110000000000000001111000000000001111100000000
000000011111110000000000111110000000000000001111000000000000111100000000
000111111111110000000000111110000000000000001111000000000000111100000000
111110000011110000000000111110000000000000001111000000000000111110000001
111000000011110000000000111110000000000000001111000000000000011110000001
110000000011110000000000111110000000000000001111000000000000011111000011
100000000011110000000000111110000000000000001111000000000000001111000011
000000000011110000000000111110000000000000001111000000000000001111000011
000000000011110000000000111110000000000000001111000000000000000111100110
000000000011110000000000111110000000000000001111000000000000000111100110
100000000111110000000000111110000000000000001111000000000000000111111100
100000001111110000000000111110000000000000001111000000000000000011111100
110000111011110000000000111110000000000000001111000000000000000011111000
111111100011111000000000111110000000000000011111100000000000000001111000
111111000011111111001111111111111100000011111111111100000000000001111000
111100000000000000000000000000000000000000000000000000000000000001110000
000000000000000000000000000000000000000000000000000000000000000000110000
000000000000000000000000000000000000000000000000000000000000000001100000
000000000000000000000000000000000000000000000000000000000000000001100000
000000000000000000000000000000000000000000000000000000000000000001000000
000000000000000000000000000000000000000000000000000000000000000011000000
000000000000000000000000000000000000000000000000000000000000000011000000
000000000000000000000000000000000000000000000000000000000000000110000000
000000000000000000000000000000000000000000000000000000000000000110000000
000000000000000000000000000000000000000000000000000000000000001100000000
000000000000000000000000000000000000000000000000000000001000011100000000
000000000000000000000000000000000000000000000000000000011111111000000000
000000000000000000000000000000000000000000000000000000011111110000000000
000000000000000000000000000000000000000000000000000000011111100000000000
000000000000000000000000000000000000000000000000000000000000000000000000
000000000000000000000000000000000000000000000000000000000000000000000000
000000000000000000000000000000000000000000000000000000000000000000000000
000000000000000000000000000000000000000000000000000000000000000000000000
000000000000000000000000000000000000000000000000000000000000000000000000
000000000000000000000000000000000000000000000000000000000000000000000000
000000000000000000000000000000000000000000000000000000000000000000000000
000000000000000000000000000000000000000000000000000000000000000000000000
000000000000000000000000000000000000000000000000000000000000000000000000
000000000000000000000000000000000000000000000000000000000000000000000000
000000000000000000000000000000000000000000000000000000000000000000000000
000000000000000000000000000000000000000000000000000000000000000000000000
000000000000000000000000000000000000000000000000000000000000000000000000
000000000000000000000000000000000000000000000000000000000000000000000000
000000000000000000000000000000000000000000000000000000000000000000000000
000000000000000000000000000000000000000000000000000000000000000000000000
000000000000000000000000000000000000000000000000000000000000000000000000
000000000000000000000000000000000000000000000000000000000000000000000000
000000000000000000000000000000000000000000000000000000000000000000000000
000000000000000000000000000000000000000000000000000000000000000000000000
000000000000000000000000000000000000000000000000000000000000000000000000
000000000000000000000000000000000000000000000000000000000000000000000000
000000000000000000000000000000000000000000000000000000000000000000000000
000000000000000000000000000000000000000000000000000000000000000000000000
000000000000000000000000000000000000000000000000000000000000000000000000
000000000000000000000000000000000000000000000000000000000000000000000000
111110000000000000000000011111000000000000000000000000000000000000000000
111111100000000000000011111111111000000000000000000011111111111000000001
111111110000000000000111000001111100000000000000000000111111000000000001
001111111000000000011110000000011110000000000000000000011111000000000011
000011111000000000111100000000011111000000000000000000011111000000000011
000001111100000000111000000000001111000000000000000000001111000000000111
000001111100000001111000000000001111000000000000000000001111000000000111
000000111100000011111000000000001111100000000000000000001111100000000111
000000111100000011110000000000001111100000000000000000000111100000001100
000000111100000011110000000000001111100000000000000000000111100000001100
000000111100000011111111111111111111100000000000000000000111110000011000
000000111100000011111111111111111110000000000000000000000011110000011000
000000111100000011110000000000000000000000000000000000000011110000110000
000000111100000011110000000000000000000000000000000000000011110000110000
000000111100000011111000000000000000000000000000000000000011111000110000
000000111100000011111000000000000000000000000000000000000001111001100000
000000111100000011111000000000000000000000000000000000000001111001100000
000000111100000001111100000000000000000000000000000000000001111111000000
000000111100000001111100000000000000000000000000000000000000111111000000
000000111100000001111110000000000000000000000000000000000000111110000000
000000111100000000111111000000000011000000000000000000000000111110000000
000000111110000000011111111000011110000000000000000000000000011110000000
000000111111110000001111111111111100000000000000000000000000011100000000
000000110001110000000011111111110000000000000000000000000000011100000000
000000000000000000000000000000000000000000000000000000000000000000000000
000000000000000000000000000000000000000000000000000000000000000000000000
000000000000000000000000000000000000000000000000000000000000000000000000
000000000000000000000000000000000000000000000000000000000000000000000000
000000000000000000000000000000000000000000000000000000000000000000000000
000000000000000000000000000000000000000000000000000000000000000000000000
000000000000000000000000000000000000000000000000000000000000000000000000
000000000000000000000000000000000000000000000000000000000000000000000000
000000000000000000000000000000000000000000000000000000000000000000000000
000000000000000000000000000000000000000000000000000000000000000000000000
000000000000000000000000000000000000000000000000000000000000000000000000
000000000000000000000000000000000000000000000000000000000000000000000000
000000000000000000000000000000000000000000000000000000000000000000000000
000000000000000000000000000000000000000000000000000000000000000000000000
000000000000000000000000000000000000000000000000000000000000000000000000
000000000000000000000000000000000000000000000000000000000000000000000000
000000000000000000000000000000000000000000000000000000000000000000000000
000000000000000000000000000000000000000000000000000000000000000000000000
000000000000000000000000000000000000000000000000000000000000000000000000
000000000000000000000000000000000000000000000000000000000000000000000000
000000000000000000000000000000000000000000000000000000000000000000000000
000000000000000000000000000000000000000000000000000000000000000000000000
000000000000000000000000000000000000000000000000000000000000000000000000
000000000000000000000000000000000000000000000000000000000000000000000000
000000000000000000000000000000000000000000000000000000000000000000000000
000000000000000000000000000000000000000000000000000000000000000000000000
000000000000000000000000000000000000000000000000000000000000000000000000
000000000000000000000000011111000000000000000000000000000000000000000000
000000000000000000001111111111111110000000000000000000000000000000000000
000000000000000000111111100011111111100000000000000000000000000000000000
000000000000000011111000000000001111111000000000000000000000000000000000
000000000000000111100000000000000011111100000000000000000000000000000000
000000000000001111000000000000000001111110000000000000000000000000000000
000000000000011110000000000000000000111111000000000000000000000000000000
000000000000111100000000000000000000011111100000000000000000000000000000
000000000001111100000000000000000000001111100000000000000000000000000000
000000000001111000000000000000000000001111110000000000000000000000000000
000000000011111000000000000000000000000111110000000000000000000000000000
000000000011111000000000000000000000000111111000000000000000000000000000
000000000011110000000000000000000000000111111000000000100000011110000000
000000000111110000000000000000000000000011111000000111100001111111110000
000000000111110000000000000000000000000011111001111111100011111111111000
000000000111110000000000000000000000000011111001111111100111000111111100
000000000111110000000000000000000000000011111100000111111100000001111100
000000000111110000000000000000000000000011111100000111111000000000111110
000000000111110000000000000000000000000011111100000111110000000000111110
000000000111110000000000000000000000000011111000000111100000000000011110
000000000111110000000000000000000000000011111000000111100000000000011110
000000000111110000000000000000000000000011111000000111100000000000011110
000000000111111000000000000000000000000011111000000111100000000000011110
000000000111111000000000000000000000000011111000000111100000000000011110
000000000111111000000000000000000000000011110000000111100000000000011110
000000000011111000000000000000000000000111110000000111100000000000011110
000000000011111100000000000000000000000111100000000111100000000000011110
000000000001111100000000000000000000000111100000000111100000000000011110
000000000001111110000000000000000000001111000000000111100000000000011110
000000000000111111000000000000000000001110000000000111100000000000011110
000000000000011111000000000000000000011110000000000111100000000000011110
000000000000011111110000000000000000111000000000000111100000000000011110
000000000000001111111000000000000001110000000000000111100000000000011110
000000000000000011111110000000000111100000000000000111110000000000011111
