000000000000111111110000000111111110000000000000000000000000000000000000
000000000000000011110000000000111110000000000000000000000000000000000000
000000000000000011110000000000111110000000000000000000000000000000000000
000000000000000011110000000000111110000000000000000000000000000000000000
000000000000000011110000000000111110000000000000000000000000000000000000
000000000000000011110000000000111110000000000000000000000000000000000000
000000000000000011110000000000111110000000000000000000000000000000000000
000000000000000011110000000000111110000000000000000000000000000000000000
000000000000000011110000000000111110000000000000000000000000000000000000
000000000000000011110000000000111110000000000000000000000000000000000000
000000000000000011110000000000111110000000000000000000000000000000010000
111000000000000011110000000000111110000000000000000000000111100001111100
111100000000000011110000000000111110000000000000000001111111100111111100
111110000000000011110000000000111110000000000000000001111111100111111100
111110000000000011110000000000111110000000000000000000001111101111111100
011111000000000011110000000000111110000000000000000000001111111000011100
011111000000000011110000000000111110000000000000000000001111110000001100
001111000000000011110000000000111110000000000000000000001111100000000000
001111000000000011110000000000111110000000000000000000001111100000000000
001111000000000011110000000000111110000000000000000000001111100000000000
111111000000000011110000000000111110000000000000000000001111100000000000
001111000000000011110000000000111110000000000000000000001111100000000001
001111000000000011110000000000111110000000000000000000001111100000000001
001111000000000011110000000000111110000000000000000000001111100000000001
001111000000000011110000000000111110000000000000000000001111100000000001
001111000000000011110000000000111110000000000000000000001111100000000000
001111000000000011110000000000111110000000000000000000001111100000000000
001111000000000011110000000000111110000000000000000000001111100000000000
011111000000000011110000000000111110000000000000000000001111100000000000
111111000000000011110000000000111110000000000000000000001111100000000000
101111000000000011110000000000111110000000000000000000001111100000000000
001111000000000011111000000000111110000000000000000000001111100000000000
001111111000111111111111000111111111110000000000000001111111111110000000
001111111000111111111111001111111111111000000000000011111111111111000000
000000000000000000000000000000000000000000000000000000000000000000000000
000000000000000000000000000000000000000000000000000000000000000000000000
000000000000000000000000000000000000000000000000000000000000000000000000
000000000000000000000000000000000000000000000000000000000000000000000000
000000000000000000000000000000000000000000000000000000000000000000000000
000000000000000000000000000000000000000000000000000000000000000000000000
000000000000000000000000000000000000000000000000000000000000000000000000
000000000000000000000000000000000000000000000000000000000000000000000000
000000000000000000000000000000000000000000000000000000000000000000000000
000000000000000000000000000000000000000000000000000000000000000000000000
000000000000000000000000000000000000000000000000000000000000000000000000
000000000000000000000000000000000000000000000000000000000000000000000000
000000000000000000000000000000000000000000000000000000000000000000000000
000000000000000000000000000000000000000000000000000000000000000000000000
000000000000000000000000000000000000000000000000000000000000000000000000
000000000000000000000000000000000000000000000000000000000000000000000000
000000000000000000000000000000000000000000000000000000000000000000000000
000000000000000000000000000000000000000000000000000000000000000000000000
000000000000000000000000000000000000000000000000000000000000000000000000
000000000000000000000000000000000000000000000000000000000000000000000000
000000000000000000000000000000000000000000000000000000000000000000000000
000000000000000000000000000000000000000000000000000000000000000000000000
000000000000000000000000000000000000000000000000000000000000000000000000
000000000000000000000000000000000000000000000000000000000000000000000000
000000000000000000000000000000000000000000000000000000000000000000000000
000000000000000000000000000000000000000000000000000000000000000000000000
000000000000000000000000000000000000000000000000000000000000000000000000
011100000000000000000000000000000000000000000000000000000000000000000000
111100000000000000000000000000000000000000000000000000000000000000000000
111100000000000000000000000000000000000000000000000000000000000000000000
111100000000000000000000000000000000000000000000000000000000000000000000
111100000000000000000000000000000000000000000000000000000000000000000000
111100000000000000000000000000000000000000000000000000000000000000000000
111100000000000000000000000000000000000000000000000000000000000000000000
111100000000000000000000000000000000000000000000000000000000000000000000
111100000000000000000000000000000000000000000000000000000000000000000000
111100000000000000000000000000000000000000000000000000000000000000000000
111100000000000000000000000000000000000000000000000000000000000000000000
111100000000000000000000000000000000000000000000000000000000000000000000
111100000000000000000000000000000000000000000000000000000000000000000000
111100000000000110000011111111000000000000000111111111100000000000000000
111100000011111110000111111111110000000000011110000111110000000000000000
111100000111111110001111111111111000000000111000000001110000000000000000
111100000000011110011000000111111100000001110000000000110000000000000000
111100000000011111100000000001111110000001110000000000110000000000000000
111100000000011111000000000000111110000001110000000000010000000000000000
111100000000011111000000000000011111000011110000000000010000000000000000
111100000000011110000000000000011111000011111000000000000000000000000000
111100000000011110000000000000001111000001111110000000000000000000000000
111100000000011110000000000000001111000001111111111000000000000000000000
111100000000011110000000000000001111000000111111111111000000000000000000
111100000000011110000000000000001111000000011111111111110000000000000000
111100000000011110000000000000001111000000000111111111111000000000000000
111100000000011110000000000000001110000000000000011111111100000000000000
111100000000011110000000000000011110000000000000000011111100000000000000
111100000000011110000000000000011110000000000000000000111100000000000000
111100000000011110000000000000011100000001000000000000111100000000000000
111100000000011110000000000000111000000001000000000000111100000000000000
111100000000011111000000000001111000000001000000000000111000000011110000
111100000000011111100000000011100000000001100000000000111000000111111000
111100000000011111111000000111000000000011100000000001110000000111111000
111110000000011111111111111100000000000011111000000011100000000111111000
111111110000011111111111111000000000000011111111111111000000000011110000
000000000000011110000111000000000000000000011111111000000000000000000000
000000000000011110000000000000000000000000000000000000000000000000000000
000000000000011110000000000000000000000000000000000000000000000000000000
000000000000011110000000000000000000000000000000000000000000000000000000
000000000000011110000000000000000000000000000000000000000000000000000000
000000000000011110000000000000000000000000000000000000000000000000000000
000000000000011110000000000000000000000000000000000000000000000000000000
000000000000011110000000000000000000000000000000000000000000000000000000
000000000000011110000000000000000000000000000000000000000000000000000000
000000000000011110000000000000000000000000000000000000000000000000000000
000000000000011110000000000000000000000000000000000000000000000000000000
000000000000011111000000000000000000000000000000000000000000000000000000
000000000011111111111000000000000000000000000000000000000000000000000000
000000000111111111111100000000000000000000000000000000000000000000000000
000000000000000000000000000000000000000000000000000000000000000000000000
000000000000000000000000000000000000000000000000000000000000000000000000
000000000000000000000000000000000000000000000000000000000000000000000000
000000000000000000000000000000000000000000000000000000000000000000000000
000000000000000000000000000000000000000000000000000000000000000000000000
000000000000000000000000000000000000000000000000000000000000000000000000
000000000000000000000000000000000000000000000000000000000000000000000000
000000000000000000000000000000000000000000000000000000000000000000000000
000000000000000000000000000000000000000000000000000000000000000000000000
000000000000000000000000000000000000000000000000000000000000000000000000
000000000000000000000000000000000000000000000000000000000000000000000000
000000000000000000000000000000000000000000000000000000000000000000000000
000000000000000000000000000000000000000000000000000000000000000000000000
000000000000000000000000000000000000000000000000000000000000000000000000
000000000000000000000000000000000000000000000000000000000000000000000000
000000000000000000000000000000000000000000000000000000000000000000000000
000000000000000000000000000000000000000000000000000000000000000000000000
000000000000000000000000000000000000000000000000000000000000000000000000
000000000000000000000000000000000000000000000000000000000000000000000000
000000000000000000000000000000000000000000000000000000000000000000000000
000000000000000000000000000000000000000000000000000000000000000000000000
000000000000000000000000000000000000000000000000000000000000000000000000
000000000000000000000000000000000000000000000000000000000000000000000000
000000000000000000000000000000000000000000000000000000000000000000000000
000000000000000000000000000000000000000000000000000000000000000000000000
000000000000000000000000000000000000000000000000000000000000000000000000
011000001111000000000110000111110000000000111111110000000000111111111110
111000111111000001111110001111110000000011111111111100000000111111111110
111001111111000111111110011111110000001111000000011111000000001111110000
111001111111000000111110111111110000011110000000001111100000000111110000
111011000111000000111111110001110000111100000000000111110000000011110000
111110000011000000011111000000110000111000000000000111110000000011110000
111100000000000000011111000000000001111000000000000011111000000011111000
111100000000000000011110000000000001111000000000000011111000000001111000
111000000000000000011110000000000011111000000000000001111100000001111000
111000000000000000011110000000000011111000000000000001111100000001111100
111000000000000000011110000000000011111000000000000001111100000000111100
111000000000000000011110000000000011111000000000000001111100000000111100
111000000000000000011110000000000011111000000000000001111100000000111100
111000000000000000011110000000000011111000000000000001111100000000111110
111000000000000000011110000000000011111000000000000001111100000000011110
111000000000000000011110000000000011111000000000000001111000000000011110
111000000000000000011110000000000011111000000000000001111000000000011111
111000000000000000011110000000000001111100000000000001110000000000001111
111000000000000000011110000000000001111100000000000011110000000000001111
111000000000000000011110000000000000111110000000000011100000000000001111
111000000000000000111110000000000000011111000000000111000000000000000111
111100000000000000111111000000000000011111100000001110000000000000000111
111111110000000111111111111100000000000111111101111100000000000000000111
000000000000000000000000000000000000000001111111100000000000000000000011
000000000000000000000000000000000000000000000000000000000000000000000000
000000000000000000000000000000000000000000000000000000000000000000000000
000000000000000000000000000000000000000000000000000000000000000000000000
000000000000000000000000000000000000000000000000000000000000000000000000
000000000000000000000000000000000000000000000000000000000000000000000000
000000000000000000000000000000000000000000000000000000000000000000000000
000000000000000000000000000000000000000000000000000000000000000000000000
000000000000000000000000000000000000000000000000000000000000000000000000
000000000000000000000000000000000000000000000000000000000000000000000000
000000000000000000000000000000000000000000000000000000000000000000000000
000000000000000000000000000000000000000000000000000000000000000000000000
000000000000000000000000000000000000000000000000000000000000000000000000
000000000000000000000000000000000000000000000000000000000000000000000000
000000000000000000000000000000000000000000000000000000000000000000000000
000000000000000000000000000000000000000000000000000000000000000000000000
000000000000000000000000000000000000000000000000000000000000000000000000
000000000000000000000000000000000000000000000000000000000000000000000000
000000000000000000000000000000000000000000000000000000000000000000000000
