000000000000000000000000000000000000000000000000000000000000000000000000
000000000000000000000000000000000000000000000000000000000000000000000000
000000000000000000000000000000000000000000000000000000000000000000000000
000000000000000000000100000000000000000000000000000000000000000000000000
000000000000000000111100000000000000000000000000000000000000000000000000
000000000000000000111100000000000000000000000000000000000000000000000000
000000000000000000111100000000000000000000000000000000000000000000000000
000000000000000000111100000000000000000000000000000000000000000000000000
000000000000000000111100000000000000000000000000000000000000000000000000
000000000000000000111100000000000000000000000000000000000000000000000000
000000000000000000111100000000000000000000110000000000000000000000000000
000000000000000000111100000000000000001111111111000000000000001110000111
000000000000000001111111111110000000111100001111110000000011111110001111
000000000000000111111111111110000001110000000011111000000111111110011111
000000000000001111111111111100000011100000000001111100000000011111110000
000000000000000000111100000000000111100000000000111110000000011111100000
000000000000000000111100000000001111000000000000111111000000011111000000
000000000000000000111100000000001111000000000000011111000000011111000000
000000000000000000111100000000011111000000000000011111000000011110000000
000000000000000000111100000000011110000000000000001111100000011110000000
000000000000000000111100000000011110000000000000001111100000011110000000
000000000000000000111100000000011110000000000000001111100000011110000000
000000000000000000111100000000011110000000000000001111100000011110000000
000000000000000000111100000000011110000000000000001111100000011110000000
000000000000000000111100000000011111000000000000001111100000011110000000
000000000000000000111100000000011111000000000000001111000000011110000000
000000000000000000111100000000011111000000000000001111000000011110000000
000000000000000000111100000000011111000000000000001111000000011110000000
000000000000000000111100000000001111100000000000011110000000011110000000
000000000000000000111100000000001111100000000000011100000000011110000000
000000000000000000111110000000000111110000000000111100000000011111000000
000000000000000000111111111100000011111000000000111000000000011111000000
000000000000000000011111111000000001111110000011100000000011111111111000
000000000000000000001111110000000000111111111111000000000111111111111000
000000000000000000000000000000000000000111111000000000000000000000000000
000000000000000000000000000000000000000000000000000000000000000000000000
000000000000000000000000000000000000000000000000000000000000000000000000
000000000000000000000000000000000000000000000000000000000000000000000000
000000000000000000000000000000000000000000000000000000000000000000000000
000000000000000000000000000000000000000000000000000000000000000000000000
000000000000000000000000000000000000000000000000000000000000000000000000
000000000000000000000000000000000000000000000000000000000000000000000000
000000000000000000000000000000000000000000000000000000000000000000000000
000000000000000000000000000000000000000000000000000000000000000000000000
000000000000000000000000000000000000000000000000000000000000000000000000
000000000000000000000000000000000000000000000000000000000000000000000000
000000000000000000000000000000000000000000000000000000000000000000000000
000000000000000000000000000000000000000000000000000000000000000000000000
000000000000000000000000000000000000000000000000000000000000000000000000
000000000000000000000000000000000000000000000000000000000000000000000000
000000000000000000000000000000000000000000000000000000000000000000000000
000000000000000000000000000000000000000000000000000000000000000000000000
000000000000000000000000000000000000000000000000000000000000000000000000
000000000000000000000000000000000000000000000000000000000000000000000000
000000000000000000000000000000000000000000000000000000000000000000000000
000000000000000000000000000000000000000000000000000000000000000000000000
000000000000000000000000000000000000000000000000000000000000000000000000
000000000000000000000000000000000000000000000000000000000000000000000000
000000000000000000000000000000000000000000000000000000000000000000000000
000000000000000000000000000000000000000000000000000000000000000000000000
000000000000000000000000000000000000000000000000000000000000000000000000
000000000000000000000000000000000000000000000000000000000000000000000000
000000000000000000000000000000000000000000000000000000000000000000000000
000000000000001111111111111111111111100000000000000000000000000000000000
000000000000000000111111111000111111111000000000000000000000000000000000
000000000000000000011111000000000011111100000000000000000000000000000000
000000000000000000011111000000000001111110000000000000000000000000000000
000000000000000000011111000000000000111110000000000000000000000000000000
000000000000000000011111000000000000111111000000000000000000000000000000
000000000000000000011111000000000000011111000000000000000000000000000000
000000000000000000011111000000000000011111000000000000000000000000000000
000000000000000000011111000000000000011110000000000000000000000000000000
000000000000000000011111000000000000011110000000000000000000000000000000
000000000000000000011111000000000000111110000000000000000000000000000000
000000000000000000011111000000000000111100000000000000011111111110000000
000000000000000000011111000000000001111100000000000001111000011111100000
000000000000000000011111000000000011111000000000000011100000000111110000
000000000000000000011111000000001111100000000000000111000000000011111000
000000000000000000011111001111111110000000000000001111000000000001111100
000000000000000000011111001111110000000000000000011110000000000001111100
000000000000000000011111000111111000000000000000011110000000000000111110
000000000000000000011111000011111000000000000000011110000000000000111110
000000000000000000011111000011111100000000000000111110000000000000011111
000000000000000000011111000001111110000000000000111100000000000000011111
000000000000000000011111000000111111000000000000111100000000000000011111
000000000000000000011111000000011111000000000000111100000000000000011111
000000000000000000011111000000011111100000000000111110000000000000011111
000000000000000000011111000000001111110000000000111110000000000000011111
000000000000000000011111000000000111111000000000111110000000000000011110
000000000000000000011111000000000011111100000000111110000000000000011110
000000000000000000011111000000000011111100000000111110000000000000011110
000000000000000000011111000000000001111110000000011111000000000000111100
000000000000000000011111000000000000111111000000011111000000000000111100
000000000000000000011111000000000000011111100000001111100000000000111000
000000000000000000011111000000000000011111100000000111110000000001110000
000000000000000011111111110000000000001111111000000011111000000111100000
000000000000001111111111111110000000000111111100000001111111111110000000
000000000000000000000000000000000000000000000000000000011111111000000000
000000000000000000000000000000000000000000000000000000000000000000000000
000000000000000000000000000000000000000000000000000000000000000000000000
000000000000000000000000000000000000000000000000000000000000000000000000
000000000000000000000000000000000000000000000000000000000000000000000000
000000000000000000000000000000000000000000000000000000000000000000000000
000000000000000000000000000000000000000000000000000000000000000000000000
000000000000000000000000000000000000000000000000000000000000000000000000
000000000000000000000000000000000000000000000000000000000000000000000000
000000000000000000000000000000000000000000000000000000000000000000000000
000000000000000000000000000000000000000000000000000000000000000000000000
000000000000000000000000000000000000000000000000000000000000000000000000
000000000000000000000000000000000000000000000000000000000000000000000000
000000000000000000000000000000000000000000000000000000000000000000000000
000000000000000000000000000000000000000000000000000000000000000000000000
000000000000000000000000000000000000000000000000000000000000000000000000
000000000000000000000000000000000000000000000000000000000000000000000000
000000000000000000000000000000000000000000000000000000000000000000000000
000000000000000000000000000000000000000000000000000000000000000000000000
000000000000000000000000000000000000000000000000000000000000000000000000
000000000000000000000000000000000000000000000000000000000000000000000000
000000000000000000000000000000000000000000000000000000000000000000000000
000000000000000000000000000000000000000000000000000000000000000000000000
000000000000000000000000000000000000000000000000000000000000000000000000
000000000000000000000000000000000000000000000000000000000000000000000000
000000000000000000000000000000000000000000000000000000000000000000000000
000000000000000000000000000000000000000000000000000000000000000000000000
000000000000000000000000011111000000000000000000000000000000000000000000
000000000000000000000000111111000000000000000000000000000000000000000000
000000000000000000000001111111000000000000000000000000000000000000000000
000000000000000000000011000111000000000000000000000000000000000000000000
000000000000000000000110000000000000000000000000000000000000000000000000
000000000000000000001110000000000000000000000000000000000000000000000000
000000000000000000001110000000000000000000000000000000000000000000000000
000000000000000000011110000000000000000000000000000000000000000000000000
000000000000000000011100000000000000000000000000000000000000000000000000
000000000000000000111100000000000000000000000000000000000000000000000000
000000000000000000111100000000000000000000000000000000000000000000000000
000000000000000000111100000000000000000000000000000000000000000000000000
000000000000000000111100000000000000000000000000000000000000000000000000
000000000000000000111100000000000000000111111111000000000000000011000001
000000000000000000111110011110000000011111111111110000000000111111000111
000000000000000011111111111110000001111000000011111000000011111111001111
000000000000000111111111111110000011110000000001111100000000011111001111
000000000000000000111100000000000011100000000000111110000000001111011000
000000000000000000111100000000000111100000000000011111000000001111110000
000000000000000000111100000000001111000000000000011111000000001111100000
000000000000000000111100000000001111000000000000011111100000001111000000
000000000000000000111100000000001111000000000000001111100000001111000000
000000000000000000111100000000011111000000000000001111100000001111000000
000000000000000000111100000000011111000000000000001111100000001111000000
000000000000000000111100000000011111000000000000001111100000001111000000
000000000000000000111100000000011111000000000000001111100000001111000000
000000000000000000111100000000011111000000000000001111100000001111000000
000000000000000000111100000000011111000000000000001111100000001111000000
000000000000000000111100000000011111000000000000001111100000001111000000
000000000000000000111100000000001111100000000000001111000000001111000000
000000000000000000111100000000001111100000000000001111000000001111000000
000000000000000000111100000000001111110000000000001110000000001111000000
000000000000000000111100000000000111110000000000011100000000001111000000
000000000000000000111110000000000011111000000000111000000000001111000000
000000000000000001111110000000000001111100000001110000000000011111100000
000000000000001111111111111000000000111111100111100000000011111111111110
000000000000000000000000000000000000001111111110000000000000000000000000
000000000000000000000000000000000000000000000000000000000000000000000000
000000000000000000000000000000000000000000000000000000000000000000000000
000000000000000000000000000000000000000000000000000000000000000000000000
000000000000000000000000000000000000000000000000000000000000000000000000
000000000000000000000000000000000000000000000000000000000000000000000000
000000000000000000000000000000000000000000000000000000000000000000000000
000000000000000000000000000000000000000000000000000000000000000000000000
000000000000000000000000000000000000000000000000000000000000000000000000
000000000000000000000000000000000000000000000000000000000000000000000000
000000000000000000000000000000000000000000000000000000000000000000000000
000000000000000000000000000000000000000000000000000000000000000000000000
000000000000000000000000000000000000000000000000000000000000000000000000
000000000000000000000000000000000000000000000000000000000000000000000000
000000000000000000000000000000000000000000000000000000000000000000000000
000000000000000000000000000000000000000000000000000000000000000000000000
000000000000000000000000000000000000000000000000000000000000000000000000
000000000000000000000000000000000000000000000000000000000000000000000000
000000000000000000000000000000000000000000000000000000000000000000000000
