000000000000000000000000000000000000000000000000000000000000000000000000
000000000000000000000000000000000000000000000000000000000000000000000000
000000000000000000000000000000000000000000000000000000000000000000000000
000000000000000000000000000000000000000000000000000000000000000000000000
000000000000000000000000000000000000000000000000000000000000000000000000
000000000000000000000000000000000000000000000000000000000000000000000000
000000000000000000000000000000000000000000000000000000000000000000000000
000000000000000000000000000000000000000000000000000000000000000000000000
000000000000000000000000000000000000000000000000000000000000000000000000
000000000000000000000000000000000000000000110000000000000000000000000000
000000000000000000000000000000000000000001111000000000000000000000000000
000000000000000000000000000000000000000011111100000000000000000000000000
000000000000000000000000000000000000000011111100000000000000000000000000
000000000000000000000000000000000000000001111000000000000000000000000000
000000000000000000000000000000000000000000110000000000000000000000000000
000000000000000000000000000000000000000000000000000000000000000000000000
000000000000000000000000000000000000000000000000000000000000000000000000
000000000000000000000000000000000000000000000000000000000000000000000000
000000000000000000000000000000000000000000000000000000000000000000000000
000000000000000000000000000000000000000000000000000000000000000000000000
000000000000000100000000000000000000000000001000000000011100000000000000
111111100000001110000000011111111110000011111000000011111110000000000011
111000000000001110000000000011111000011111111000000001111111000000000111
111000000000001110000000000001110000001111111000000000011111000000001110
111000000000011111000000000001100000000001111000000000001111100000011100
111000000000011111000000000011100000000001111000000000001111110000011000
111100000000111111100000000011000000000001111000000000000111110000111000
111100000000110111100000000011000000000001111000000000000011111001110000
111100000001110111100000000110000000000001111000000000000011111101100000
111100000001100111110000000110000000000001111000000000000001111111000000
011110000001100011110000001100000000000001111000000000000000111110000000
011110000011000011111000001100000000000001111000000000000000011110000000
011110000011000001111000001100000000000001111000000000000000011111000000
011111000110000001111000011000000000000001111000000000000000111111100000
001111000110000001111100011000000000000001111000000000000000110111110000
001111001100000000111100010000000000000001111000000000000001100011110000
001111101100000000111110110000000000000001111000000000000011000011111000
000111111100000000011110110000000000000001111000000000000111000001111100
000111111000000000011111100000000000000001111000000000001110000000111110
000111111000000000011111100000000000000001111000000000011100000000111110
000011110000000000001111100000000000000001111100000000011100000000011111
000011110000000000001111000000000000000001111100000000111000000000001111
000011100000000000000111000000000000011111111111110011110000000000001111
000001100000000000000110000000000000011100000001100000000000000000000110
000000000000000000000000000000000000000000000000000000000000000000000000
000000000000000000000000000000000000000000000000000000000000000000000000
000000000000000000000000000000000000000000000000000000000000000000000000
000000000000000000000000000000000000000000000000000000000000000000000000
000000000000000000000000000000000000000000000000000000000000000000000000
000000000000000000000000000000000000000000000000000000000000000000000000
000000000000000000000000000000000000000000000000000000000000000000000000
000000000000000000000000000000000000000000000000000000000000000000000000
000000000000000000000000000000000000000000000000000000000000000000000000
000000000000000000000000000000000000000000000000000000000000000000000000
000000000000000000000000000000000000000000000000000000000000000000000000
000000000000000000000000000000000000000000000000000000000000000000000000
000000000000000000000000000000000000000000000000000000000000000000000000
000000000000000000000000000000000000000000000000000000000000000000000000
000000000000000000000000000000000000000000000000000000000000000000000000
000000000000000000000000000000000000000000000000000000000000000000000000
000000000000000000000000000000000000000000000000000000000000000000000000
000000000000000000000000000000000000000000000000000000000000000000000000
000000000000000000000000000000000000000000000000000000000000000000000000
000000000000000000000000000000000000000000000000000000000000000000000000
000000000000000000000000000000000000000000000000000000000000000000000000
000000000000000000000000000000000000000000000000000000000000000000000000
000000000000000000000000000000000000000000000000000000000000000000000000
000000000000000000000000000000000000000000000000000000000000000000000000
000000000000000000000000000000000000000000000000000000000000000000000000
000000000000000000000000000000000000000000000000000000000000000000000000
000000000000000000000000000000000000000000000000000000000000000000000000
000000000000000000000000000000000000000000000000000000000000000000000000
000000000000000000000000000000000000000000000000000000000000000000000000
000000000000000000000000000000000000000000000000000000000000000000000000
000000000000000000000000000000000000000000000000000000000000000000000000
000000000000000000000000000000000000000000000000000000000000000000000000
000000000000000000000000000000000000000000000000000000000000000011000000
000000000000000000000000000000000000000000000000000000000000001111000000
000000000000000000000000000000000000000000000000000000000000011111000000
000000000000000000000000000000000000000000000000000000000000011111000000
000000000000000000000000000000000000000000000000000000000000011111000000
000000000000000000000000000000000000000000000000000000000000011111000000
000000000000000000000000000000000000000000000000000000000000011111000000
000000000000000000011110000000000000000000111100000000000000011111000000
000000000000000011111111110000000000000111111111100000000000011111000000
100000000000001111000011111000000000011111111111110000000000111111111111
110000000000011100000000111100000001111000001111111000000011111111111111
110000000000111000000000111110000001110000000011111000000011111111111111
111000000001111000000000011110000001100000000001111000000000011111000000
111000000011110000000000011110000001100000000001111000000000011111000000
111000000011110000000000011111000000000000000001111100000000011111000000
111000000011110000000000011111000000000000000000111100000000011111000000
111000000111110000000000001111000000000000000001111100000000011111000000
111000000111111111111111111111000000000001111111111100000000011111000000
111000000111111111111111111111000000001111110000111100000000011111000000
111000000111110000000000000000000000111110000000111100000000011111000000
111000000111110000000000000000000001111000000000111100000000011111000000
111000000111110000000000000000000011110000000000111100000000011111000000
111000000111110000000000000000000011110000000000111100000000011111000000
111000000111110000000000000000000111110000000000111100000000011111000000
111000000011111000000000000000000111100000000000111100000000011111000000
111000000011111000000000000000000111110000000001111100000000011111000000
111000000011111100000000000000000111110000000011111100000000011111000000
111000000001111110000000000110000011111000001100111100000000011111000000
111100000000111111100000011110000011111111111000111100000000001111111110
111111100000011111111111111100000001111111100000111111100000001111111100
111111100000000111111111100000000000111111000000111111100000000111111100
000000000000000000111100000000000000000000000000000000000000000000000000
000000000000000000000000000000000000000000000000000000000000000000000000
000000000000000000000000000000000000000000000000000000000000000000000000
000000000000000000000000000000000000000000000000000000000000000000000000
000000000000000000000000000000000000000000000000000000000000000000000000
000000000000000000000000000000000000000000000000000000000000000000000000
000000000000000000000000000000000000000000000000000000000000000000000000
000000000000000000000000000000000000000000000000000000000000000000000000
000000000000000000000000000000000000000000000000000000000000000000000000
000000000000000000000000000000000000000000000000000000000000000000000000
000000000000000000000000000000000000000000000000000000000000000000000000
000000000000000000000000000000000000000000000000000000000000000000000000
000000000000000000000000000000000000000000000000000000000000000000000000
000000000000000000000000000000000000000000000000000000000000000000000000
000000000000000000000000000000000000000000000000000000000000000000000000
000000000000000000000000000000000000000000000000000000000000000000000000
000000000000000000000000000000000000000000000000000000000000000000000000
000000000000000000000000000000000000000000000000000000000000000000000000
000000000000000000000000000000000000000000000000000000000000000000000000
000000000000000000000000000000000000000000000000000000000000000000000000
000000000000000000000000000000000000000000000000000000000000000000000000
000000000000000000000000000000000000000000000000000000000000000000000000
000000000000000000000000000000000000000000000000000000000000000000000000
000000000000000000000000000000000000000000000000000000000000000000000000
000000000000000000000000000000000000000000000000000000000000000000000000
000000000000000000000000000000000000000000000000000000000000000000000000
000000000000000000000000000000000000000000000000000000000000000000000000
000000000000000000000000000000000000000111000000000000000000000000000000
000000000000000000000000000000000011111111000000000000001110000000000000
000000000000000000000000000000000011111111000000000000111110000000000000
000000000000000000000000000000000000001111000000000000111100000000000000
000000000000000000000000000000000000001111000000000000111100000000000000
000000000000000000000000000000000000001111000000000001111000000000000000
000000000000000000000000000000000000001111000000000001111000000000000000
000000000000000000000000000000000000001111000000000001110000000000000000
000000000000000000000000000000000000001111000000000011110000000000000000
000000000000000000000000000000000000001111000000000011100000000000000000
000000000000000000000000000000000000001111000000000011000000000000000000
000000000000000000000000000000000000001111000000000111000000000000000000
000000000000000000000000000000000000001111000000001110000000000000000000
111111111000000000000000000011111111001111000000000000000000000000001111
100001111110000000000000001111111111111111000000000000000000000000111100
000000011111000000000000111100000011111111000000000000000000000001110000
000000001111100000000001110000000000111111000000000000000000000011100000
000000000111110000000011100000000000011111000000000000000000000011100000
000000000111110000000111000000000000001111000000000000000000000011100000
000000000011111000001111000000000000001111000000000000000000000111100000
000000000011111000001111000000000000001111000000000000000000000011110000
000000000011111000001111000000000000001111000000000000000000000011111100
000000000001111100011110000000000000001111000000000000000000000011111111
000000000001111100011110000000000000001111000000000000000000000001111111
000000000001111100011110000000000000001111000000000000000000000000111111
000000000001111100011111000000000000001111000000000000000000000000000111
000000000001111100011111000000000000001111000000000000000000000000000000
000000000001111000011111000000000000001111000000000000000000000000000000
000000000001111000011111000000000000001111000000000000000000000000000000
000000000001111000001111100000000000011111000000000000000000000010000000
000000000011110000001111110000000000011111000000000000000000000010000000
000000000011110000000111110000000000111111000000000000000000000010000000
000000000111100000000111111000000011101111000000000000000000000011000000
000000000111000000000011111111001111001111000000000000000000000111100000
110000011110000000000001111111111100001111111100000000000000000111110000
111111111000000000000000011111111000001111111100000000000000000111111111
111111000000000000000000000000000000000000000000000000000000000000111111
000000000000000000000000000000000000000000000000000000000000000000000000
000000000000000000000000000000000000000000000000000000000000000000000000
000000000000000000000000000000000000000000000000000000000000000000000000
000000000000000000000000000000000000000000000000000000000000000000000000
000000000000000000000000000000000000000000000000000000000000000000000000
000000000000000000000000000000000000000000000000000000000000000000000000
000000000000000000000000000000000000000000000000000000000000000000000000
000000000000000000000000000000000000000000000000000000000000000000000000
