111000000001111111111100000000000000000000001111111111111000000000000000
000000000000001111000000000000000000000000000000111110000000000000000000
000000000000000000000000000000000000000000000000000000000000000000000000
000000000000000000000000000000000000000000000000000000000000000000000000
000000000000000000000000000000000000000000000000000000000000000000000000
000000000000000000000000000000000000000000000000000000000000000000000000
000000000000000000000000000000000000000000000000000000000000000000000000
000000000000000000000000000000000000000000000000000000000000000000000000
000000000000000000000000000000000000000000000000000000000000000000000000
000000000000000000000000000000000000000000000000000000000000000000000000
000000000000000000000000000000000000000000000000000000000000000000000000
000000000000000000000000000000000000000000000000000000000000000000000000
000000000000000000000000000000000000000000000000000000000000000000000000
000000000000000000000000000000000000000000000000000000000000000000000000
000000000000000000000000000000000000000000000000000000000000000000000000
000000000000000000000000000000000000000000000000000000000000000000000000
000000000000000000000000000000000000000000000000000000000000000000000000
000000000000000000000000000000000000000000000000000000000000000000000000
000000000000000000000000000000000000000000000000000000000000000000000000
000000000000000000000000000000000000000000000000000000000000000000000000
000000000000000000000000000000000000000000000000000000000000000000000000
000000000000000000000000000000000000000000000000000000000000000000000000
000000000000000000000000000000000000000000000000000000000000000000000000
000000000000000000000000000000000000000000000000000000000000000000000000
000000000000000000000000000000000000000000000000000000000000000000000000
000000000000000000000000000000000000000000000000000000000000000000000000
000000000000000000000000000000000000000000000000000000000000000000000000
000000000000000000000000000000000000000000000000000000000000000000000000
000000000000000000000000000000000000000000000000000000000000000000000000
000000000000000000000000000000000000000000000000000000000000000000000000
000000000000000000000000000000000000000000000000000000000000000000000000
000000000000000000000000000000000000000000000000000000000000000000000000
000000000000000000000000000000000000000000000000000000000000000000000000
000000000100000000000000000000000000000000000000000000000000000000000000
000000111100000000000000000000000000000000000000000000000000000000000000
000001111100000000000000000000000000000000000000000000000000000000000000
000001111100000000000000000000000000000000000000000000000000000000000000
000000111100000000000000000000000000000000000000000000000000000000000000
000000111100000000000000000000000000000000000000000000000000000000000000
000000111100000000000000000000000000000000000000000000000000000000000000
000000111100000000000000000000000000000000000000000000000000000000000000
000000111100000000000000001111111111000000000000001110000111111011111111
000001111111111100000000111100001111100000000011111110001111111001111111
000111111111111100000011110000000011111000000111111110011111110000011111
001111111111111100000111100000000001111100000000011110111111110000001111
000001111100000000000111000000000001111100000000011111110000110000001111
000001111100000000001111000000000000111110000000011111100000010000001111
000001111100000000001111000000000000011110000000011111000000000000000111
000001111100000000011110000000000000011111000000011111000000000000000111
000001111100000000011110000000000000011111000000011110000000000000000011
000001111100000000011110000000000000011111000000011110000000000000000011
000001111100000000111110000000000000001111000000011110000000000000000011
000001111100000000111110000000000000001111000000011110000000000000000001
000001111100000000111110000000000000001111000000011110000000000000000001
000001111100000000111110000000000000001111000000011110000000000000000000
000001111100000000011111000000000000001111000000011110000000000000000000
000001111100000000011111000000000000001111000000011110000000000000000000
000001111100000000011111000000000000011110000000011110000000000000000000
000001111100000000011111000000000000011110000000011110000000000000000000
000001111100000000001111100000000000011100000000011110000000000000000000
000000111100000000000111110000000000111000000000011110000000000000000000
000000111111111100000111111000000001110000000000011111000000000000000000
000000111111111000000011111100000011100000000011111111111100000000000000
000000011111110000000000111111111111000000000111111111111100000000000000
000000000000000000000000001111111000000000000000000000000000000000000000
000000000000000000000000000000000000000000000000000000000000000000000000
000000000000000000000000000000000000000000000000000000000000000000000000
000000000000000000000000000000000000000000000000000000000000000000000000
000000000000000000000000000000000000000000000000000000000000000000000000
000000000000000000000000000000000000000000000000000000000000000000000000
000000000000000000000000000000000000000000000000000000000000000000000000
000000000000000000000000000000000000000000000000000000000000000000000000
000000000000000000000000000000000000000000000000000000000000000000000000
000000000000000000000000000000000000000000000000000000000000000000000000
000000000000000000000000000000000000000000000000000000000000000000111011
000000000000000000000000000000000000000000000000000000000000000000111111
000000000000000000000000000000000000000000000000000000000000000001111111
000000000000000000000000000000000000000000000000000000000000000000111100
000000000000000000000000000000000000000000000000000000000000000000000000
000000000000000000000000000000000000000000000000000000000000000000000000
000000000000000000000000000000000000000000000000000000000000000000000000
000000000000000000000000000000000000000000000000000000000000000000000000
000000000000000000000000000000000000000000000000000000000000000000000000
000000000000000000000000000000000000000000000000000000000000000000000000
000000000000000000000000000000000000000000000000000000000000000000000000
000000000000000000000000000000000000000000000000000000000000000000000000
000000000000000000000000000000000000000000000000000000000000000000000000
000000000000000000000000000000000000000000000000000000000000000000000000
000000000000000000000000000000000000000000000000000000000000000000000000
000000000000000000000000000000000000000000000000000000000000000000000000
000000000000000000000000000000000000000000000000000000000000000000000000
000000000000000000000000000000000000000000000000000000000000000000000000
000000000000000000000000000000000000000000000000000000000000000000000000
000000000000000000000000000000000000000000000000000000000000000000000000
000000000000000000000000000000000000000000000000000000000000000000000000
000000000000000000000000000000000000000000000000000000000000000000000000
000000000000000000000000000000000000000000000000000000000000000000000000
000000000000000000000000000000000000000000000000000000000000000000000000
000000000000000000000000000000000000000000000000000000000000000000000000
000000000000000000000000000000000000000000000000000000000000000000000000
000000000000000000000000000000000000000000000000000000000000000000000000
000000000000000000000000000000000000000000000000000000000000000000000000
000000000000000000000000000000000000000000000000000000000000000000000000
000000000000000000000000000000000000000000000000000000000000000000000000
000000000000000111111110000000000000000000000000000000000000000011111111
001110000000011110001111100000000000000000000000000000000000001111000111
111111000000111000000011110000000000000000000000000000000000111100000011
111110000001110000000011111000000000000000000000000000000001111000000001
000000000011100000000001111000000000000000000000000000000011110000000000
000000000111100000000001111100000000000000000000000000000011100000000000
000000001111000000000000111100000000000000000000000000000111100000000000
000000001111000000000000111100000000000000000000000000000111100000000000
000000001111000000000000111100000000000000000000000000000111100000000000
000000001111000000000000111100000000000000000000000000001111100000000000
000000011111111111111111111100000000000000000000000000001111111111111111
000000011111111111111110000000000000000000000000000000001111111111111111
000000011111000000000000000000000000000000000000000000001111100000000000
000000011111000000000000000000000000000000000000000000001111100000000000
000000001111000000000000000000000000000000000000000000001111100000000000
000000001111100000000000000000000000000000000000000000000111100000000000
000000001111100000000000000000000000000000000000000000000111110000000000
000000001111100000000000000000000000001110000000000000000111110000000000
000000000111110000000000000000000001111110000000000000000111111000000000
000000000111111000000000000100000001111100000000000000000011111100000000
101110000011111110000000011000000001111100000000000000000001111110000000
111100000001111111111111111000000001111000000000000000000000111111111111
111000000000011111111111100000000011110000000000000000000000011111111111
110000000000000111111100000000000011110000000000000000000000000011111110
000000000000000000000000000000000011100000000000000000000000000000000000
000000000000000000000000000000000111100000000000000000000000000000000000
000000000000000000000000000000000111000000000000000000000000000000000000
000000000000000000000000000000001110000000000000000000000000000000000000
000000000000000000000000000000001110000000000000000000000000000000000000
000000000000000000000000000000011100000000000000000000000000000000000000
000000000000000000000000000000010000000000000000000000000000000000000000
000000000000000000000000000000000000000000000000000000000000000000000000
000000000000000000000000000000000000000000000000000000000000000000000000
000000000000000000000000000000000000000000000000000000000000000000000000
000000000000000000000000000000000000000000000000000000000000000000000000
000000000000000000000000000000000000000000000000000000000000000000000000
000000000000000000000000000000000000000000000000000000000000000000000000
000000000000000000000000000000000000000000000000000000000000000000000000
000000000000000000000000000000000000000000000000000000000000000000000000
000000000000000000000000000000000000000000000000000000000000000000000000
000000000000000000000000000000000000000000000000000000000000000000000000
000000000000000000000000000000000000000000000000000000000000000000000000
000000000000000000000000000000000000000000000000000000000000000000000000
000000000000000000000000000000000000000000000000000000000000000000000000
000000000000000000000000000000000000000000000000000000000000000000000000
000000000000000000000000000000000000000000000000000000000000000000000000
000000000000000000000000000000000000000000000000000000000000000000000000
000000000000000000000000000000000000000000000000000000000000000000000000
000000000000000000000000000000000000000000000000000000000000000000000000
000000000000000000000000000000000000000000000000000000000000000000000000
000000000000000000000000000000000000000000000000000000000000000000000000
000000000000000000000000000000000000000000000000000000000000000000000000
000000000000000000000000000000000000000000000000000000000000000000000000
000000000000000000000000000000000000000000000000000000000000000000000000
000000000000000000000000000000000000000000000000000000000000000000000000
000000000000000000000000000000000000000000000000000000000000000000000000
000000000000000000000000000000000000000000000000000000000000000000000000
000000000000000000000000000000000000000000000000000000000000000000000000
000000000000000000000000000000000000000000000000000000000000000000000000
000000000000000000000000000000000000000000000000000000000000000000000000
000000000000000000000000000000000000000000000000000000000000000000000000
000000000000000000000000000000000000000000000000000000000000000000000000
000000000000000000000000000000000000000000000000000000000000000000000000
000000000000000000000000000000000000000000000000000000000000000000000000
000000000000000000000000000000000000000000000000000000000000000000000000
111000000000000000000000000000000000010000001111110000000000000000000111
111110000000000000000000000000000111110000111111111100000000000000111111
001111100000000000000000000000111111110001111111111111000000000011111111
000111110000000000000000000000001111110011100001111111100000000111000000
000011110000000000000000000000000011110110000000011111100000000110000000
000011111000000000000000000000000011111100000000001111110000000110000000
000001111000000000000000000000000011111000000000000111110000000100000000
000001111000000000000000000000000011110000000000000011111000000000000000
000001111000000000000000000000000011110000000000000011111000000000000000
000001111000000000000000000000000011110000000000000001111000000000000000
