000000000000000000000000000000000000000000000000000000000000000000000000
000000000000000000000000000000000000000000000000000000000000000000000000
000000000000000000000000000000000000000000000000000000000000000000000000
000000000000000000000000000000000000000000000000000000000000000000000000
000000000000000000000000000000000000000000000000000000000000000000000000
000000000000000000000000000000000000000000000000000000000000000000000000
000000000000000000000000000000000000000000000000000000000000000000000000
000000000000000000000000000000000000000000000000000000000000000000000000
000000000000000000000000000000000000000000000000000000000000000000000000
000000000000000000000000000000000000000000000000000000000000000000000000
000000000000000000000000000000000000000000000000000000000000000000000000
000000000000000000000000000000000000000000000000000000000000000000000000
000000000000000000000000000000000000000000000000000000000000000000000000
000000000000000000000000000000000000000000000000000000000000000000000000
000000000000000000000000000000000000000000000000000000000000000000000000
000000000000000000000000000000000000000000000000000000000000000000000000
000000000000000000000000000000000000000000000000000000000000000000000000
000000000000000000000000000000000000000000000000000000000000000000000000
000000000000000000000000000000000000000000000000000010000000000000000000
000000000000000000000000000000000000000000000000111110000000000000000000
000000000000000111111111111111111111111111110111111110000000000000000000
000000000000000111111111111111111111111111110000111110000000000000000000
000000000000000111000000000111110000000001110000011110000000000000000000
000000000000000110000000000111110000000000100000011110000000000000000000
000000000000000110000000000111110000000000100000011110000000000000000000
000000000000000110000000000111110000000000100000011110000000000000000000
000000000000000110000000000111110000000000100000011110000000000000000000
000000000000000110000000000111110000000000100000011110000000000000000000
000000000000000000000000000111110000000000000000011110000000000000000000
000000000000000000000000000111110000000000000000011110000000000000000000
000000000000000000000000000111110000000000000000011110000000000000000000
000000000000000000000000000111110000000000000000011110000011111100000000
000000000000000000000000000111110000000000000000011110000111111111000000
000000000000000000000000000111110000000000000000011110011111111111100000
000000000000000000000000000111110000000000000000011110111000001111110000
000000000000000000000000000111110000000000000000011111100000000111111000
000000000000000000000000000111110000000000000000011111000000000011111000
000000000000000000000000000111110000000000000000011110000000000001111000
000000000000000000000000000111110000000000000000011110000000000001111000
000000000000000000000000000111110000000000000000011110000000000001111000
000000000000000000000000000111110000000000000000011110000000000001111000
000000000000000000000000000111110000000000000000011110000000000001111000
000000000000000000000000000111110000000000000000011110000000000001111000
000000000000000000000000000111110000000000000000011110000000000001111000
000000000000000000000000000111110000000000000000011110000000000001111000
000000000000000000000000000111110000000000000000011110000000000001111000
000000000000000000000000000111110000000000000000011110000000000001111000
000000000000000000000000000111110000000000000000011110000000000001111000
000000000000000000000000000111110000000000000000011110000000000001111000
000000000000000000000000000111110000000000000000011110000000000001111000
000000000000000000000000000111110000000000000000011110000000000001111000
000000000000000000000000000111110000000000000000011110000000000001111000
000000000000000000000000001111111000000000000000111111000000000001111100
000000000000000000000011111111111111100000000111111111111000000001111111
000000000000000000000000000000000000000000000000000000000000000000000000
000000000000000000000000000000000000000000000000000000000000000000000000
000000000000000000000000000000000000000000000000000000000000000000000000
000000000000000000000000000000000000000000000000000000000000000000000000
000000000000000000000000000000000000000000000000000000000000000000000000
000000000000000000000000000000000000000000000000000000000000000000000000
000000000000000000000000000000000000000000000000000000000000000000000000
000000000000000000000000000000000000000000000000000000000000000000000000
000000000000000000000000000000000000000000000000000000000000000000000000
000000000000000000000000000000000000000000000000000000000000000000000000
000000000000000000000000000000000000000000000000000000000000000000000000
000000000000000000000000000000000000000000000000000000000000000000000000
000000000000000000000000000000000000000000000000000000000000000000000000
000000000000000000000000000000000000000000000000000000000000000000000000
000000000000000000000000000000000000000000000000000000000000000000000000
000000000000000000000000000000000000000000000000000000000000000000000000
000000000000000000000000000000000000000000000000000000000000000000000000
000000000000000000000000000000000000000000000000000000000000000000000000
000000000000000000000000000000000000000000000000000000000000000000000000
000000000000000000000000000000000000000000000000000000000000000000000000
000000000000000000000000000000000000000000000000000000000000000000000000
000000000000000000000000000000000000000000000000000000000000000000000000
000000000000000000000000000000000000000000000000000000000000000000000000
000000000000000000000000000000000000000000000000000000000000000000000000
000000000000000000000000000000000000000000000000000000000000000000000000
000000000000000000000000000000000000000000000000000000000000000000000000
000000000000000000000000000000000000000000000000000000000000000000000000
000000000000000000000000000000000000000000000000000000000000000000000000
000000000000000000000000000000111110000000000000000000000000000000000000
000000000000000000000000000111111110000000000000000000000000000000000000
000000000000000000000000000111111110000000000000000000000000000000000000
000000000000000000000000000000011110000000000000000000000000000000000000
000000000000000000000000000000011110000000000000000000000000000000000000
000000000000000000000000000000011110000000000000000000000000000000000000
000000000000000000000000000000011110000000000000000000000000000000000000
000000000000000000000000000000011110000000000000000000000000000000000000
000000000000000000000000000000011110000000000000000000000000000000000000
000000000000000000000000000000011110000000000000000000000000000000000000
000000000000000000000000000000011110000000000000000000000000000000000000
000000000000000000000000000000011110000000000000000000000000000000000000
000000000000000011111100000000011110000011111100000000000000000000111110
000000000000011111111111000000011110001111111111000000000000000111111111
111100000000111111111111100000011110011111111111100000000000011110000011
111100000011110000001111000000011110111000011111110000000000111000000001
000000000111000000000011000000011111100000000111110000000001111000000000
000000001110000000000011000000011111000000000011110000000011110000000000
000000011110000000000011000000011110000000000011111000000011110000000000
000000011100000000000001000000011110000000000011111000000111110000000000
000000111100000000000000000000011110000000000001111000000111100000000000
000000111100000000000000000000011110000000000001111000000111100000000000
000000111100000000000000000000011110000000000001111000000111111111111111
000000111100000000000000000000011110000000000001111000000111111111111111
000000111100000000000000000000011110000000000001111000000111100000000000
000001111100000000000000000000011110000000000001111000000111100000000000
000000111100000000000000000000011110000000000001111000000111100000000000
000000111110000000000000000000011110000000000001111000000111110000000000
000000111110000000000000000000011110000000000001111000000111110000000000
000000111110000000000000000000011110000000000001111000000111110000000000
000000011111000000000000000000011110000000000001111000000011111000000000
000000011111100000000000000000011110000000000001111000000011111100000000
001000001111110000000000000000011110000000000001111000000001111110000000
111000000111111100000111100000111110000000000001111000000000111111110000
110000000011111111111111000111111111111000000001111111100000011111111111
100000000000111111111100000111000001111000000001100011000000000111111111
000000000000000000000000000000000000000000000000000000000000000000000000
000000000000000000000000000000000000000000000000000000000000000000000000
000000000000000000000000000000000000000000000000000000000000000000000000
000000000000000000000000000000000000000000000000000000000000000000000000
000000000000000000000000000000000000000000000000000000000000000000000000
000000000000000000000000000000000000000000000000000000000000000000000000
000000000000000000000000000000000000000000000000000000000000000000000000
000000000000000000000000000000000000000000000000000000000000000000000000
000000000000000000000000000000000000000000000000000000000000000000000000
000000000000000000000000000000000000000000000000000000000000000000000000
000000000000000000000000000000000000000000000000000000000000000000000000
000000000000000000000000000000000000000000000000000000000000000000000000
000000000000000000000000000000000000000000000000000000000000000000000000
000000000000000000000000000000000000000000000000000000000000000000000000
000000000000000000000000000000000000000000000000000000000000000000000000
000000000000000000000000000000000000000000000000000000000000000000000000
000000000000000000000000000000000000000000000000000000000000000000000000
000000000000000000000000000000000000000000000000000000000000000000000000
000000000000000000000000000000000000000000000000000000000000000000000000
000000000000000000000000000000000000000000000000000000000000000000000000
000000000000000000000000000000000000000000000000000000000000000000000000
000000000000000000000000000000000000000000000000000000000000000000000000
000000000000000000000000000000000000000000000000000000000000000000000000
000000000000000000000000000000000000000000000000000000000000000000000000
000000000000000000000000000000000000000000000000000000000000000000000000
000000000000000000000000000000000000000000000000000000000000000000000000
000000000000000000000000000000000000000000000000000000000000000000000000
000000000000000000000000000000000000001111000000000000000000000000000000
000000000000000000000000000000000011111111000000000000000000000000000000
000000000000000000000000000000000011111111000000000000000000000000000000
000000000000000000000000000000000000011111000000000000000000000000000000
000000000000000000000000000000000000001111000000000000000000000000000000
001100000000000000000000000000000000001111000000000000000000000000000000
111100000000000000000000000000000000001111000000000000000000000000000000
111100000000000000000000000000000000001111000000000000000000000000000000
111100000000000000000000000000000000001111000000000000000000000000000000
111100000000000000000000000000000000001111000000000000000000000000000000
111100000000000000000000000000000000001111000000000000000000000000000000
111100000000000000000000000000000000001111000000000000000000000000000000
111100000000000000000000111100000000001111000000111100000000000000000000
111100000000000000000111111111100000001111000011111111000000000000000011
111111111110000000011111111111110000001111001111111111110000000000000111
111111111100000001111000000111100000001111011110011111110000000000011110
111111111100000011100000000001100000001111110000000111111000000000111100
111100000000000111000000000001100000001111100000000011111000000001111000
111100000000001111000000000001100000001111000000000001111100000001111000
111100000000001110000000000001100000001111000000000001111100000011110000
111100000000011110000000000000000000001111000000000000111100000011110000
111100000000011110000000000000000000001111000000000000111100000011110000
111100000000011110000000000000000000001111000000000000111100000011111111
111100000000111110000000000000000000001111000000000000111100000111111111
111100000000111110000000000000000000001111000000000000111100000111110000
111100000000111110000000000000000000001111000000000000111100000111110000
111100000000111110000000000000000000001111000000000000111100000011110000
111100000000011110000000000000000000001111000000000000111100000011111000
111100000000011111000000000000000000001111000000000000111100000011111000
111100000000011111000000000000000000001111000000000000111100000011111000
111100000000001111100000000000000000001111000000000000111100000011111100
111100000000001111110000000000000000001111000000000000111100000001111110
111110000100000111111000000000000000001111000000000000111100000000111111
111111111100000011111110000001100000011111000000000000111100000000111111
