000000000000000000000000000000000000000000000000000000000000000000000000
000000000000000000000000000000000000000000000000000000000000000000000000
000000000000000000000000000000000000000000000000000000000000000000000000
000000000000000000000000000000000000000000000000000000000000000000000000
000000000000000000000000000000000000000000000000000000000000000000000000
000000000000000000000000000000000000000000000000000000000000000000000000
000000000000000000000000000000000000000000000000000000000000000000000000
000000000000000000000000000000000000000000000000000000000000000000000000
000000000000000000000000000000000000000000000000000000000000000000000000
000000000000000000000000000000000000000000000000000000000000000000000000
000000000000000000000000000000000000000000000000000000000000000000000000
000000000000000000000000000000000000000000000000000000000000000000000000
000000000000000000000000000000000000000000000000000000000000000000000000
000000000000000000000000000000000000000000000000000000000000000000000000
000000000000000000000000000000000000000000000000000000000000000000000000
000000000000000000000000000000000000000000000000000000000000000000000000
000000000000000000000000000000000000000000000000000000000000000000000000
000000000000000000000000000000000000000000000000000000000000000000000000
000000000000000000000000000000000000000000000000000000000000000000000000
000000000000000000000000000000000000000000000000000000000000000000000000
000000000000000000000000000000000000000000000000000000000000000000000000
000000000000000000000000000000000000000000000000000000000000000000000000
000000000000000000000000000000000000000000000000000000000000000000000000
000000000000000000000000000000000000000000000000000000000000000000000000
000000000000000000000000000000000000000000000000000000000000000000000000
000000000000000000000000000000000000000000000000000000000000000000000000
000000000000000000000000000000000000000000000000000000000000000000000000
000000000000000000000000000000000000000000000000000000000000000000000000
000000000000000000000000000000000000000000000000000000000000000000000000
000000000000000000000000000000000000000000000000000000000000000000000000
000000000000000111000011111111000000000000000000111111110000000000000111
000000000001111111000111111111110000000000000011110001111100000001111111
000000000111111111001111111111111000000000001111000000111110000011111111
000000000000011111011000000111111100000000011110000000011111000000011111
000000000000011111110000000001111110000000111100000000001111000000001111
000000000000011111100000000000111111000000111000000000001111100000001111
000000000000011111000000000000011111000001111000000000001111100000001111
000000000000011111000000000000011111000001111000000000000111100000001111
000000000000011111000000000000001111000001111000000000000111100000001111
000000000000011111000000000000001111100011111000000000000111100000001111
000000000000011111000000000000001111000011111111111111111111100000001111
000000000000011111000000000000001111000011111111111111100000000000001111
000000000000011111000000000000001111000011111000000000000000000000001111
000000000000011111000000000000001111000011111000000000000000000000001111
000000000000011111000000000000001110000011111000000000000000000000001111
000000000000011111000000000000011110000001111000000000000000000000001111
000000000000011111000000000000011100000001111100000000000000000000001111
000000000000011111000000000000011100000001111100000000000000000000001111
000000000000011111000000000000111000000001111110000000000000000000001111
000000000000011111100000000001110000000000111111000000000001000000001111
000000000000011111111000000111000000000000011111110000000111000000001111
000000000000011111111111111110000000000000001111111111111110000000111111
000000000000011111111111111000000000000000000111111111111100000011111111
000000000000011111000111000000000000000000000000111111100000000000000000
000000000000011111000000000000000000000000000000000000000000000000000000
000000000000011111000000000000000000000000000000000000000000000000000000
000000000000011111000000000000000000000000000000000000000000000000000000
000000000000011111000000000000000000000000000000000000000000000000000000
000000000000011111000000000000000000000000000000000000000000000000000000
000000000000011111000000000000000000000000000000000000000000000000000000
000000000000011111000000000000000000000000000000000000000000000000000000
000000000000011111000000000000000000000000000000000000000000000000000000
000000000000011111000000000000000000000000000000000000000000000000000000
000000000000011111000000000000000000000000000000000000000000000000000000
000000000000011111000000000000000000000000000000000000000000000000000000
000000000011111111111000000000000000000000000000000000000000000000000000
000000000111111111111100000000000000000000000000000000000000000000000000
000000000000000000000000000000000000000000000000000000000000000000000000
000000000000000000000000000000000000000000000000000000000000000000000000
000000000000000000000000000000000000000000000000000000000000000000000000
000000000000000000000000000000000000000000000000000000000000000000000000
000000000000000000000000000000000000000000000000000000000000000000000000
000000000000000000000000000000000000000000000000000000000000000000000000
000000000000000000000000000000000000000000000000000000000000000000000000
000000000000000000000000000000000000000000000000000000000000000000000000
000000000000000000000000000000000000000000000000000000000000000000000000
000000000000000000000000000000000000000000000000000000000000000000000000
000000000000000000000000000000000000000000000000000000000000000000000000
000000000000000000000000000000000000000000000000000000000000000000000000
000000000000000000000000000000000000000000000000000000000000000000000000
000000000000000000000000000000000000000000000000000000000000000000000000
000000000000000000000000000000000000000000000000000000000000000000000000
000000000000000000000000000000000000000000000000000000000000000000000000
000000000000000000000000000000000000000000000000000000000000000000000000
000000000000000000000000000000000000000000000000000000000000000000000000
000000000000000000000000000000000000000000000000000000000000000000000000
000000000000000000000000000000000000000000000000000000000000000000000000
000000000000000000000000000000000000000000000000000000000000000000000000
000000000000000000000000000000000000000000000000000000000000000000000000
000000000000000000000000000000000000000000000000000000000000000000000000
000000000000000000000000000000000000000000000000000000000000000000000000
000000000000000000000000000000000000000000000000000000000000000000000000
000000000000000000000000000000000000000000000000000000000000000000000000
000011111111100000000000000001100001111111000000001111110000000000000000
001111111111111000000000011111100011111111100000011111111100000000000111
011100000001111100000001111111100111111111110000111111111110000000111111
111000000000111110000000001111101110000111111001110000111111000000000111
110000000000011111000000000111111000000011111111000000011111000000000011
110000000000001111100000000111110000000001111110000000001111100000000011
100000000000001111100000000111100000000001111100000000001111100000000011
100000000000000111110000000111100000000000111100000000000111100000000011
100000000000000111110000000111100000000000111100000000000111100000000011
100000000000000111110000000111100000000000111100000000000111100000000011
100000000000000111110000000111100000000000111100000000000111100000000011
100000000000000011110000000111100000000000111100000000000111100000000011
100000000000000011110000000111100000000000111100000000000111100000000011
100000000000000011110000000111100000000000111100000000000111100000000011
100000000000000011110000000111100000000000111100000000000111100000000011
110000000000000111110000000111100000000000111100000000000111100000000011
110000000000000111100000000111100000000000111100000000000111100000000011
110000000000000111100000000111100000000000111100000000000111100000000011
111000000000000111000000000111100000000000111100000000000111100000000011
111000000000001111000000000111100000000000111100000000000111100000000011
111100000000011110000000000111100000000000111100000000000111100000000011
111110000000111100000000001111110000000001111110000000000111110000000011
011111110011110000000001111111111110001111111111110000000111111110000011
000111111111000000000000000000000000000000000000000000000000000000000011
000000000000000000000000000000000000000000000000000000000000000000000011
000000000000000000000000000000000000000000000000000000000000000000000011
000000000000000000000000000000000000000000000000000000000000000000000011
000000000000000000000000000000000000000000000000000000000000000000000011
000000000000000000000000000000000000000000000000000000000000000000000011
000000000000000000000000000000000000000000000000000000000000000000000011
000000000000000000000000000000000000000000000000000000000000000000000011
000000000000000000000000000000000000000000000000000000000000000000000011
000000000000000000000000000000000000000000000000000000000000000000000011
000000000000000000000000000000000000000000000000000000000000000000000011
000000000000000000000000000000000000000000000000000000000000000000000011
000000000000000000000000000000000000000000000000000000000000000000000111
000000000000000000000000000000000000000000000000000000000000000000111111
000000000000000000000000000000000000000000000000000000000000000000000000
000000000000000000000000000000000000000000000000000000000000000000000000
000000000000000000000000000000000000000000000000000000000000000000000000
000000000000000000000000000000000000000000000000000000000000000000000000
000000000000000000000000000000000000000000000000000000000000000000000000
000000000000000000000000000000000000000000000000000000000000000000000000
000000000000000000000000000000000000000000000000000000000000000000000000
000000000000000000000000000000000000000000000000000000000000000000000000
000000000000000000000000000000000000000000000000000000000000000000000000
000000000000000000000000000000000000000000000000000000000000000000000000
000000000000000000000000000000000000000000000000000000000000000000000000
000000000000000000000000000000000000000000000000000000000000000000000000
000000000000000000000000000000000000000000000000000000000000000000000000
000000000000000000000000000000000000000000000000000000000000000000000000
000000000000000000000000000000000000000000000000000000000000000000000000
000000000000000000000000000000000000000000000000000000000000000000000000
000000000000000000000000000000000000000000000000000000000000000000000000
000000000000000000000000000000000000000000000000000000000000000000000000
000000000000000000000000000000000000000000000000000000000000000000000000
000000000000000000000000000000000000000000000000000000000000000000000000
000000000000000000000000000000000000000000000000000000000000000000000000
000000000000000000000000000000000000000000000000000000000000000000000000
000000000000000000000000000000000000000000000000000000000000000000000000
000000000000000000000000000000000000000000000000000000000000000000000000
000000000000000000000000000000000000000000000000000000000000000000000000
000000000000000000000000000000000000000000000000000000000000000000000000
000000000000000000000000000000000000000000000000000000000000000000000000
000000000000000000000000000000000000000000000000000000000000000000000000
000000000000000000000000000000000000000000000000000000000000000000000000
000000000000000000000000000000000000000000000000000000000000000000000000
000000000000000000000000000000000000000000000000000000000000000000000000
000000000000000000000000000000000000000000000000000000000000000000000000
000000000000000000000000000000000000000000000000000000000000000000000000
000000000000000000000000000000000000000000000000000000000000000000000000
000000000000000000000000000000000000000000000000000000000000000000000000
000000000000000000000000000000000000000000000000000000000000000000000000
000000000000000000000000000000000000000000000000000000000000000000000000
000000000000000000000000000000000000000000000000000000000000000000000000
000000000000000000000000000000000000000000000000000000000000000000000000
000000000000000000000000000000000000000000000000000000000000000000000000
000000000000000000000000000000000000000000000000000000000000000000000000
000000000000000000000000000000000000000000000000000000000000000000000000
000000000000000000000000000000000000000000000000000000000000000000000000
000000000000000000000000000000000000000000000000000000000000000000000000
000000000000000000000000000000000000000000000000000000000000000000000000
000000000000000000000000000000000000000000000000000000000000000000000000
000000000000000000000000000000000000000000000000000000000000000000000000
000000000000000000000000000000000000000000000000000000000000000000000000
000000000000000000000000000000000000000000000000000000000000000000000000
