000000000000000000000000000000000000000000000000000000000000000000000000
000000000000000000000000000000000000000000000000000000000000000000000000
000000000000000000000000000000000000000000000000000000000000000000000000
000000000000000000000000000000000000000000000000000000000000000000000000
000000000000000000000000000000000000000000000000000000000000000000000000
000000000000000000000000000000000000000000000000000000000000000000000000
000000000000000000000000000000000000000000000000000000000000010000000000
000000000000000000000000000000000000000000000000000000000011110000000000
000000000000000000000000000000000000000000000000000000111111110000000000
000000000000000000000000000000000000000000000000000000111111110000000000
000000000000000000000000000000000000000000000000000000000011110000000000
000000000000000000000000000000000000000000000000000000000011110000000000
000000000000000000000000000000000000000000000110000000000011110000000000
000000000000000000000000000000000000000000011110000000000011110000000000
000000000000000000000000000000000000000000111110000000000011110000000000
000000000000000000000000000000000000000000111110000000000011110000000000
000000000000000000000000000000000000000000011110000000000011110000000000
000000000000000000000000000000000000000000011110000000000011110000000000
000000000000000000000000000000000000000000011110000000000011110000000000
000000000000000000000000000000000000000000011110000000000011110000001111
000000001111111110000000000000000000000000011110000000000011110000111111
000000000001111000000000000000000000000001111111111110000011110001111111
000000000001111000000000000000000000000111111111111110000011110011100011
100000000001110000000000000000000000000111111110000000000011111110000000
100000000001100000000000000000000000000000111110000000000011111100000000
100000000001100000000000000000000000000000111110000000000011111000000000
110000000011100000000000000000000000000000111110000000000011110000000000
110000000011000000000000000000000000000000111110000000000011110000000000
110000000011000000000000000000000000000000111110000000000011110000000000
111000000110000000000000000000000000000000111110000000000011110000000000
111000000110000000000000000000000000000000111110000000000011110000000000
111100001100000000000000000000000000000000111110000000000011110000000000
111100001100000000000000000000000000000000111110000000000011110000000000
111100001100000000000000000000000000000000111110000000000011110000000000
011110011000000000000000000000000000000000111110000000000011110000000000
011110011000000000000000000000000000000000111110000000000011110000000000
011111010000000000000000000000000000000000111110000000000011110000000000
001111110000000000000000000000000000000000111110000000000011110000000000
001111110000000000000000000000000000000000111110000000000011110000000000
000111100000000000000000000000000000000000011111000110000011110000000000
000111100000000000000000000000000000000000011111111100000011111000000000
000111100000000000000000000000000000000000011111111000111111111111000000
000011000000000000000000000000000000000000000111111000111111111111000000
000000000000000000000000000000000000000000000000000000000000000000000000
000000000000000000000000000000000000000000000000000000000000000000000000
000000000000000000000000000000000000000000000000000000000000000000000000
000000000000000000000000000000000000000000000000000000000000000000000000
000000000000000000000000000000000000000000000000000000000000000000000000
000000000000000000000000000000000000000000000000000000000000000000000000
000000000000000000000000000000000000000000000000000000000000000000000000
000000000000000000000000000000000000000000000000000000000000000000000000
000000000000000000000000000000000000000000000000000000000000000000000000
000000000000000000000000000000000000000000000000000000000000000000000000
000000000000000000000000000000000000000000000000000000000000000000000000
000000000000000000000000000000000000000000000000000000000000000000000000
000000000000000000000000000000000000000000000000000000000000000000000000
000000000000000000000000000000000000000000000000000000000000000000000000
000000000000000000000000000000000000000000000000000000000000000000000000
000000000000000000000000000000000000000000000000000000000000000000000000
000000000000000000000000000000000000000000000000000000000000000000000000
000000000000000000000000000000000000000000000000000000000000000000000000
000000000000000000000000000000000000000000000000000000000000000000000000
000000000000000000000000000000000000000000000000000000000000000000000000
000000000000000000000000000000000000000000000000000000000000000000000000
000000000000000000000000000000000000000000000000000000000000000000000000
000000000000000000000000000000000000000000000000000000000000000000000000
000000000000000000000000000000000000000000000000000000000000000000000000
000000000000000000000000000000000000000000000000000000000000000000000000
000000000000000000000000000000000000000000000000000000000000000000000000
000000000000000000000000000000000000000000000000000000000000000000000000
000000000000000000000000000000000000000000000000000000000000000000000000
000000000000000000000000000000000000000000000000000000000000000000000000
000000000000000000000000000000000000000000000000000000000000000000000000
000000000000000000000000000000000000000000000000000000000000000000000000
000000000000000000000000000000000000000000000000000000000000000000000000
000000000011000000000000000000000000000000000000000000000000000000000000
000000001111000000000000000000000000000000000000000000000000000000000000
000000011111000000000000000000000000000000000000000000000000000000000000
000000011111000000000000000000000000000000000000000000000000000000000000
000000011110000000000000000000000000000000000000000000000000000000000000
000000011110000000000000000000000000000000000000000000000000000000000000
000000011110000000000000000000000000000000000000000000000000000000000000
000000011110000000000000000000111100000000000000000000000111000000000000
000000011110000000000000000111111111000000000000111100001111100000000000
110000111111111111000000011110000111110000001111111100111111100000000000
110011111111111111000000111000000011111000001111111100111111100000000000
100011111111111111000001110000000001111100000001111101111111100000000000
000000011110000000000011100000000000111100000000111111000001100000000000
000000011110000000000111100000000000111100000000111110000001100000000000
000000011110000000000111100000000000111110000000111100000000000000000000
000000011110000000001111100000000000111110000000111100000000000000000000
000000011110000000001111100000000000111110000000111100000000000000000000
000000011110000000001111111100000011111110000000111100000000000000000000
000000011110000000001111111111111111111100000000111100000000000000000000
000000011110000000001111100000000000000000000000111100000000000000000000
000000011110000000001111100000000000000000000000111100000000000000000000
000000011110000000001111100000000000000000000000111100000000000000000000
000000011110000000001111100000000000000000000000111100000000000000000000
000000011110000000001111100000000000000000000000111100000000000000000000
000000011110000000000111110000000000000000000000111100000000000000000000
000000011110000000000111110000000000000000000000111100000000000000000000
000000011111000000000111111000000000000000000000111100000000000000000000
100000011111000000000011111100000000001100000000111100000000000000000000
100000001111111110000001111111000000111100000001111100000000000000000000
000000001111111100000000111111111111111000001111111111110000000000000000
000000000111111000000000001111111111000000001111111111111000000000000000
000000000000000000000000000001111000000000000000000000000000000000000000
000000000000000000000000000000000000000000000000000000000000000000000000
000000000000000000000000000000000000000000000000000000000000000000000000
000000000000000000000000000000000000000000000000000000000000000000000000
000000000000000000000000000000000000000000000000000000000000000000000000
000000000000000000000000000000000000000000000000000000000000000000000000
000000000000000000000000000000000000000000000000000000000000000000000000
000000000000000000000000000000000000000000000000000000000000000000000000
000000000000000000000000000000000000000000000000000000000000000000000000
000000000000000000000000000000000000000000000000000000000000000000000000
000000000000000000000000000000000000000000000000000000000000000000000000
000000000000000000000000000000000000000000000000000000000000000000000000
000000000000000000000000000000000000000000000000000000000000000000000000
000000000000000000000000000000000000000000000000000000000000000000000000
000000000000000000000000000000000000000000000000000000000000000000000000
000000000000000000000000000000000000000000000000000000000000000000000000
000000000000000000000000000000000000000000000000000000000000000000000000
000000000000000000000000000000000000000000000000000000000000000000000000
000000000000000000000000000000000000000000000000000000000000000000000000
000000000000000000000000000000000000000000000000000000000000000000000000
000000000000000000000000000000000000000000000000000000000000000000000000
000000000000000000000000000000000000000000000000000000000000000000000000
000000000000000000000000000000000000000000000000000000000000000000000000
000000000000000000000000000000000000000000000000000000000000000000000000
000000000000000000000000000000000000000000000000000000000000000000000000
000000000000000000000000000000000000000000000000000000000000000000000000
000000000000000000000000000000000000000000000000000000000000000000000000
000000000000000000000000000000000000000000000000000000000000000000000000
000000000000000000000000000000000000000111000000000001111100000000000000
000000000000000000000000000000000000001111111111111111111111110000000000
000000000000000000000000000000000000000000111111110000011111111000000000
000000000000000000000000000000000000000000011111000000000011111100000000
000000000000000000000000000000000000000000011111000000000001111110000000
000000000000000000000000000000000000000000011111000000000000111111000000
000000000000000000000000000000000000000000011111000000000000111111000000
000000000000000000000000000000000000000000011111000000000000011111000000
000000000000000000000000000000000000000000011111000000000000011111000000
000000000000000000000000000000000000000000011111000000000000011111000000
000000000000000000000000000000000000000000011111000000000000011111000000
000000000000000000000000000000000000000000011111000000000000011110000000
111110000000000000000000000000000000000000011111000000000000111110000000
111111000000000000000000000000000000000000011111000000000000111100000111
000111000000000000000000000000000000000000011111000000000001111100001111
000111000000000000000000000000000000000000011111000000000011111000000000
000011000000000000000000000000000000000000011111000000000111110000000000
000011000000000000000000000000000000000000011111000111111111000000000000
000000000000000000000000000000000000000000011111000111111000000000000000
000000000000000000000000000000000000000000011111000000000000000000000000
000000000000000000000000000000000000000000011111000000000000000000000000
100000000000000000000000000000000000000000011111000000000000000000000000
111100000000000000000000000000000000000000011111000000000000000000000000
111111000000000000000000000000000000000000011111000000000000000000000000
111111100000000000000000000000000000000000011111000000000000000000000000
111111100000000000000000000000000000000000011111000000000000000000000000
001111110000000000000000000000000000000000011111000000000000000000000000
000111110000000000000000000000000000000000011111000000000000000000000000
000011110000000000000000000000000000000000011111000000000000000000000000
000011100000000100000000000000000000000000011111000000000000000000000000
000011100000011111000000000000000000000000011111000000000000000000000000
000111000000011111000000000000000000000000011111000000000000000000000000
001111000000011111000000000000000000000000011111000000000000000000000000
011100000000011111000000000000000000000111111111111100000000000000000111
111000000000001110000000000000000000001111111111111110000000000000001111
000000000000000000000000000000000000000000000000000000000000000000000000
000000000000000000000000000000000000000000000000000000000000000000000000
000000000000000000000000000000000000000000000000000000000000000000000000
000000000000000000000000000000000000000000000000000000000000000000000000
000000000000000000000000000000000000000000000000000000000000000000000000
000000000000000000000000000000000000000000000000000000000000000000000000
000000000000000000000000000000000000000000000000000000000000000000000000
000000000000000000000000000000000000000000000000000000000000000000000000
000000000000000000000000000000000000000000000000000000000000000000000000
000000000000000000000000000000000000000000000000000000000000000000000000
