000000000000000000000000000000000000000000000000000000000001111000000000
000000000000000000000000000000000000000000000000000000000011111000000000
000000000000000000000000000000000000000000000000000000000011111100000000
000000000000000000000000000000000000000000000000000000000011111000000000
000000000000000000000000000000000000000000000000000000000001110000000000
000000000000000000000000000000000000000000000000000000000000000000000000
000000000000000000000000000000000000000000000000000000000000000000000000
000000000000000000000000000000000000000000000000000000000000000000000000
000000000000000000000000000000000000000000000000000000000000000000000000
000000000000000000000000000000000000000000000000000000000000000000000000
000000000000000000000000000000000100000000000000000000000000000000000000
000000000000111111111111000000001100000000011111111100000000111000000000
000000000000001111111100000000001110000000000111111000011111111000000111
000000000000000111110000000000011110000000000011110000011111111000000111
000000000000000011111000000000011110000000000011100000000011111000000000
000000000000000001111000000000011111000000000011100000000001111000000000
000000000000000001111000000000111111000000000011000000000001111000000000
000000000000000001111000000000111111100000000111000000000001111000000000
000000000000000001111100000001100111100000000110000000000001111000000000
000000000000000000111100000001100111100000000110000000000001111000000000
000000000000000000111100000011000111110000001100000000000001111000000000
000000000000000000111110000011000011110000001100000000000001111000000000
000000000000000000011110000011000011111000001000000000000001111000000000
000000000000000000011110000110000001111000011000000000000001111000000000
000000000000000000011111000110000001111000011000000000000001111000000000
000000000000000000001111001100000001111100110000000000000001111000000000
000000000000000000001111001100000000111100110000000000000001111000000000
000000000000000000001111011000000000111100100000000000000001111000000000
000000000000000000000111111000000000011111100000000000000001111000000000
000000000000000000000111111000000000011111100000000000000001111000000000
000000000000000000000111110000000000011111000000000000000001111000000000
000000000000000000000111110000000000001111000000000000000001111000000000
000000000000000000000011100000000000001111000000000000011111111111100111
000000000000000000000011100000000000000110000000000000011111111111100111
000000000000000000000000000000000000000000000000000000000000000000000000
000000000000000000000000000000000000000000000000000000000000000000000000
000000000000000000000000000000000000000000000000000000000000000000000000
000000000000000000000000000000000000000000000000000000000000000000000000
000000000000000000000000000000000000000000000000000000000000000000000000
000000000000000000000000000000000000000000000000000000000000000000000000
000000000000000000000000000000000000000000000000000000000000000000000000
000000000000000000000000000000000000000000000000000000000000000000000000
000000000000000000000000000000000000000000000000000000000000000000000000
000000000000000000000000000000000000000000000000000000000000000000000000
000000000000000000000000000000000000000000000000000000000000000000000000
000000000000000000000000000000000000000000000000000000000000000000000000
000000000000000000000000000000000000000000000000000000000000000000000000
000000000000000000000000000000000000000000000000000000000000000000000000
000000000000000000000000000000000000000000000000000000000000000000000000
000000000000000000000000000000000000000000000000000000000000000000000000
000000000000000000000000000000000000000000000000000000000000000000000000
000000000000000000000000000000000000000000000000000000000000000000000000
000000000000000000000000000000000000000000000000000000000000000000000000
000000000000000000000000000000000000000000000000000000000000000000000000
000000000000000000000000000000000000000000000000000000000000000000000000
000000000000000000000000000000000000000000000000000000000000000000000000
000000000000000000000000000000000000000000000000000000000000000000000000
000000000000000000000000000000000000000000000000000000000000000000000000
000000000000000000000000000000000000000000000000000000000000000000000000
000000000000000000000000000000000000000000000000000000000000000000000000
000000000000000000000000000000000000000000000000000000000000000000000000
000000000000000000000000000000000000000000000000111000000000000000000000
000000000000000000000000000000000000000000001111111000000000000000000000
000000000000000000000000000000000000000000011111111000000000011110000000
000000000000000000000000000000000000000000000011111000000000111110000000
000000000000000000000000000000000000000000000001111000000000111111000000
000000000000000000000000000000000000000000000001111000000000111110000000
000000000000000000000000000000000000000000000001111000000000011110000000
000000000000000000000000000000000000000000000001111000000000000000000000
000000000000000000000000000000000000000000000001111000000000000000000000
000000000000000000000000000000000000000000000001111000000000000000000000
000000000000000000000000000000000000000000000001111000000000000000000000
000000000000000000000000000000000000000000000001111000000000000000000000
000000000000000000000000000000000000000000000001111000000000000000000000
111111111100000111111111100000000000000000000001111000000000001110000000
111111111000000011111111000000000000000000000001111000000011111110000000
011111000000000000111100000000000000000000000001111000000111111110000000
011111000000000000011000000000000000000000000001111000000000111110000000
001111100000000000111000000000000000000000000001111000000000011110000000
001111100000000000110000000000000000000000000001111000000000011110000000
000111100000000001110000000000000000000000000001111000000000011110000000
000111110000000001100000000000000000000000000001111000000000011110000000
000011110000000001100000000000000000000000000001111000000000011110000000
000011110000000011000000000000000000000000000001111000000000011110000000
000011111000000011000000000000000000000000000001111000000000011110000000
000001111000000110000000000000000000000000000001111000000000011110000000
000001111100000110000000000000000000000000000001111000000000011110000000
000000111100001110000000000000000000000000000001111000000000011110000000
000000111100001100000000000000000000000000000001111000000000011110000000
000000111110001100000000000000000000000000000001111000000000011110000000
000000011110011000000000000000000000000000000001111000000000011110000000
000000011111011000000000000000000000000000000001111000000000011110000000
000000001111110000000000000000000000000000000001111000000000011110000000
000000001111110000000000000000000000000000000001111000000000011110000000
000000001111110000000000000000000000000000000011111000000000011111000000
000000000111100000000000000000000000000000000111111110000001111111100000
000000000111100000000000000000000000000000111111111111100111111111111000
000000000011000000000000000000000000000000000000000000000000000000000000
000000000011000000000000000000000000000000000000000000000000000000000000
000000000110000000000000000000000000000000000000000000000000000000000000
000000000110000000000000000000000000000000000000000000000000000000000000
000000000100000000000000000000000000000000000000000000000000000000000000
000000001100000000000000000000000000000000000000000000000000000000000000
000000001100000000000000000000000000000000000000000000000000000000000000
000000011000000000000000000000000000000000000000000000000000000000000000
000000011000000000000000000000000000000000000000000000000000000000000000
000000110000000000000000000000000000000000000000000000000000000000000000
110011110000000000000000000000000000000000000000000000000000000000000000
111111100000000000000000000000000000000000000000000000000000000000000000
111111000000000000000000000000000000000000000000000000000000000000000000
111100000000000000000000000000000000000000000000000000000000000000000000
000000000000000000000000000000000000000000000000000000000000000000000000
000000000000000000000000000000000000000000000000000000000000000000000000
000000000000000000000000000000000000000000000000000000000000000000000000
000000000000000000000000000000000000000000000000000000000000000000000000
000000000000000000000000000000000000000000000000000000000000000000000000
000000000000000000000000000000000000000000000000000000000000000000000000
000000000000000000000000000000000000000000000000000000000000000000000000
000000000000000000000000000000000000000000000000000000000000000000000000
000000000000000000000000000000000000000000000000000000000000000000000000
000000000000000000000000000000000000000000000000000000000000000000000000
000000000000000000000000000000000000000000000000000000000000000000000000
000000000000000000000000000000000000000000000000000000000000000000000000
000000000000000000000000000000000000000000000000000000000000000000000000
000000000000000000000000000000000000000000000000000000000000000000000000
000000000000000000000000000000000000000000000000000000000000000000000011
000000000000000000000000000000000000000000000000000000000011000000001111
000000000000000000000000000000000000000000000000000000000111100000000001
000000000000000000000000000000000000000000000000000000001111110000000000
000000000000000000000000000000000000000000001000000000001111110000000000
000000000000000000000000000000000000000000111000000000000111100000000000
000000000000000000000000000000000000000001111000000000000000000000000000
000000000000000000000000000000000000000001111000000000000000000000000000
000000000000000000000000000000000000000001111000000000000000000000000000
000000000000000000000000000000000000000001111000000000000000000000000000
000000000000000000000000000000000000000001111000000000000000000000000000
000000000000000000000000000000000000000001111000000000000000000000000000
110000000000011000001111111000000000000001111000000000000001100000000000
110000000111111000011111111110000000000001111000000000001111100000000000
110000011111111001111111111111000000000111111111111001111111100000000000
110000000011111011100000111111000000011111111111111000001111100000000000
110000000001111110000000011111100000000011111000000000000111100000000000
110000000001111100000000001111100000000001111000000000000111100000000000
110000000001111100000000000111100000000001111000000000000111100000000000
110000000001111000000000000111100000000001111000000000000111100000000000
110000000001111000000000000111100000000001111000000000000111100000000000
110000000001111000000000000111100000000001111000000000000111100000000000
110000000001111000000000000111100000000001111000000000000111100000000000
110000000001111000000000000111100000000001111000000000000111100000000000
110000000001111000000000000111100000000001111000000000000111100000000000
110000000001111000000000000111100000000001111000000000000111100000000000
110000000001111000000000000111100000000001111000000000000111100000000000
110000000001111000000000000111100000000001111000000000000111100000000000
110000000001111000000000000111100000000001111000000000000111100000000000
110000000001111000000000000111100000000001111000000000000111100000000000
110000000001111000000000000111100000000001111000000000000111100000000000
110000000001111000000000000111100000000001111000000000000111100000000000
110000000001111000000000000111110000000001111110011000000111110000000001
111000000011111100000000000111110000000001111111110000001111110000000001
111111011111111111100000000111111110000000111111100001111111111110001111
000000000000000000000000000000000000000000001111000000000000000000000000
000000000000000000000000000000000000000000000000000000000000000000000000
000000000000000000000000000000000000000000000000000000000000000000000000
000000000000000000000000000000000000000000000000000000000000000000000000
000000000000000000000000000000000000000000000000000000000000000000000000
000000000000000000000000000000000000000000000000000000000000000000000000
000000000000000000000000000000000000000000000000000000000000000000000000
000000000000000000000000000000000000000000000000000000000000000000000000
000000000000000000000000000000000000000000000000000000000000000000000000
000000000000000000000000000000000000000000000000000000000000000000000000
000000000000000000000000000000000000000000000000000000000000000000000000
000000000000000000000000000000000000000000000000000000000000000000000000
000000000000000000000000000000000000000000000000000000000000000000000000
000000000000000000000000000000000000000000000000000000000000000000000000
000000000000000000000000000000000000000000000000000000000000000000000000
000000000000000000000000000000000000000000000000000000000000000000000000
000000000000000000000000000000000000000000000000000000000000000000000000
000000000000000000000000000000000000000000000000000000000000000000000000
000000000000000000000000000000000000000000000000000000000000000000000000
