111111111111000000000011110001111111100000000000001111000111111000111111
100000111111100000000111000000001111100000000000111000000000111000000111
000000001111110000000111000000000111100000000001110000000000011000000011
000000000111111000000110000000000111110000000011110000000000011000000011
000000000011111000000000000000000011110000000011100000000000011000000011
000000000011111000000000000000000011110000000111100000000000000000000011
000000000001111000000000000000000011110000000111100000000000000000000011
000000000001111100000000000000111111110000001111100000000000000000000011
000000000001111000000000001111111011110000001111000000000000000000000011
000000000001111000000001111110000011110000001111100000000000000000000011
000000000001111000000011110000000011110000001111100000000000000000000011
000000000001111000000111100000000011110000001111100000000000000000000011
000000000001110000001111000000000011110000001111100000000000000000000011
000000000011110000001111000000000011110000001111100000000000000000000011
000000000011100000001111000000000011110000000111110000000000000000000011
000000000011100000011111000000000011110000000111110000000000000000000011
000000000111000000001111000000001111110000000011111000000000000000000011
000000001110000000001111100000011011110000000011111100000000000000000011
000000111000000000001111110001110011110000000001111110000000001000000011
111111110000000000000111111111000011111000000000111111111111111000000111
111111000000000000000011111110000011111110000000011111111111110000111111
111100000000000000000000111000000000000000000000000011111111000000000000
000000000000000000000000000000000000000000000000000000000000000000000000
000000000000000000000000000000000000000000000000000000000000000000000000
000000000000000000000000000000000000000000000000000000000000000000000000
000000000000000000000000000000000000000000000000000000000000000000000000
000000000000000000000000000000000000000000000000000000000000000000000000
000000000000000000000000000000000000000000000000000000000000000000000000
000000000000000000000000000000000000000000000000000000000000000000000000
000000000000000000000000000000000000000000000000000000000000000000000000
000000000000000000000000000000000000000000000000000000000000000000000000
000000000000000000000000000000000000000000000000000000000000000000000000
000000000000000000000000000000000000000000000000000000000000000000000000
000000000000000000000000000000000000000000000000000000000000000000000000
100000000000000000000000000000000000000000000000000000000000000000000000
000000000000000000000000000000000000000000000000000000000000000000000000
000000000000000000000000000000000000000000000000000000000000000000000000
000000000000000000000000000000000000000000000000000000000000000000000000
000000000000000000000000000000000000000000000000000000000000000000000000
000000000000000000000000000000000000000000000000000000000000000000000000
000000000000000000000000000000000000000000000000000000000000000000000000
000000000000000000000000000000000000000000000000000000000000000000000000
000000000000000000000000000000000000000000000000000000000000000000000000
000000000000000000000000000000000000000000000000000000000000000000000000
000000000000000000000000000000000000000000000000000000000000000000000000
000000000000000000000000000000000000000000000000000000000000000000000000
000000000000000000000000000000000000000000000000000000000000000000000000
000000000000000000000000000000000000000000000000000000000000000000000000
000000000000000000000000000000000000000000000000000000000000000000000000
000000000000000000000000000000000000000000000000000000000000000000000000
000000000000000000000000000000000000000000000000000000000000000000000000
000000000000000000000000000000000000000000000000000000000000000000000000
000000000000000000000000000000000000000000000000000000000000000000000000
000000000000000000000000000000000000000000000000000000000000000000000000
000000000000000000000000000000000000000000000000000000000000000000000000
000000000000000000000000000000000000000000000000000000000000000000000000
000000000000000000000000000000000000000000000000000000000000000000000000
000000000000000000000000000000000000000000000000000000000000000000000000
000000000000000000000000000000000000000000000000000000000000000000000000
000000000000000000000000000000000000000000000000000000000000000000000000
000000000000000000000000000000000000000000000000000000000000000000000000
000110000000000000011000000000000000000000000000000000111111000000000000
111110000000000111111000000000000000000000000000000111111111111000000001
111110000000011111111000000000000000000000000000001111111111111000000111
111110000000000011111000000000000000000000000000111100000001111000001110
011110000000000011111000000000000000000000000001110000000000111000001110
011110000000000001111000000000000000000000000011110000000000011000001100
011110000000000001111000000000000000000000000011100000000000010000000100
011110000000000001111000000000000000000000000111100000000000010000000000
011110000000000001111000000000000000000000000111000000000000000000000000
011110000000000001111000000000000000000000001111000000000000000000000000
011110000000000001111000000000000000000000001111000000000000000000000000
011110000000000001111000000000000000000000001111000000000000000000000011
011110000000000001111000000000000000000000001111000000000000000000000111
011110000000000001111000000000000000000000001111000000000000000000001111
011110000000000001111000000000000000000000001111100000000000000000011110
011110000000000001111000000000000000000000001111100000000000000000011110
011110000000000011111000000000000000000000001111100000000000000000111110
011110000000000011111000000000000000000000000111110000000000000000111110
011110000000000111111000000000000000000000000111111000000000000000111110
011111000000001101111000000000000000000000000011111000000000000000111110
011111110000111001111000000000000000000000000011111110000000001000011111
001111111111110001111100000000000000000000000001111111100001111000011111
000111111111100001111111100000000000000000000000011111111111110000001111
000001111100000000000000000000000000000000000000000111111111000000000011
000000000000000000000000000000000000000000000000000000000000000000000000
000000000000000000000000000000000000000000000000000000000000000000000000
000000000000000000000000000000000000000000000000000000000000000000000000
000000000000000000000000000000000000000000000000000000000000000000000000
000000000000000000000000000000000000000000000000000000000000000000000000
000000000000000000000000000000000000000000000000000000000000000000000000
000000000000000000000000000000000000000000000000000000000000000000000000
000000000000000000000000000000000000000000000000000000000000000000000000
000000000000000000000000000000000000000000000000000000000000000000000000
000000000000000000000000000000000000000000000000000000000000000000000000
000000000000000000000000000000000000000000000000000000000000000000000000
000000000000000000000000000000000000000000000000000000000000000000000000
000000000000000000000000000000000000000000000000000000000000000000000000
000000000000000000000000000000000000000000000000000000000000000000000000
000000000000000000000000000000000000000000000000000000000000000000000000
000000000000000000000000000000000000000000000000000000000000000000000000
000000000000000000000000000000000000000000000000000000000000000000000000
000000000000000000000000000000000000000000000000000000000000000000000000
000000000000000000000000000000000000000000000000000000000000000000000000
000000000000000000000000000000000000000000000000000000000000000000000000
000000000000000000000000000000000000000000000000000000000000000000000000
000000000000000000000000000000000000000000000000000000000000000000000000
000000000000000000000000000000000000000000000000000000000000000000000000
000000000000000000000000000000000000000000000000000000000000000000000000
000000000000000000000000000000000000000000000000000000000000000000000000
000000000000000000000000000000000000000000000000000000000000000000000000
000000000000000000000000000000000000000000000000000000000000000000000000
000000000000000000000000000000000000000000011111000000000000000000000111
000000000000000000000000000000000000000011111111000000000000000001111111
000000000000000000000000000000000000000011111111000000000000000001111111
000000000000000000000000000000000000000000011111000000000000000000000111
000000000000000000000000000000000000000000001111000000000000000000000111
000000000000000000000000000000000000000000001111000000000000000000000111
000000000000000000000000000000000000000000001111000000000000000000000111
000000000000000000000000000000000000000000001111000000000000000000000111
000000000000000000000000000000000000000000001111000000000000000000000111
000000000000000000000000000000000000000000001111000000000000000000000111
000000000000000000000000000000000000000000001111000000000000000000000111
000000000000000000000000000000000000000000001111000000000000000000000111
000000011111100000000000000000000001111100001111000000000000000000000111
000011111111111000000000000000000111111111111111000000000000000000000111
001111000000111110000000000000011111111111111111000000000000000000000111
011100000000011111000000000001111000000011111111000000000000000000000111
111100000000001111100000000011100000000000111111000000000000000000000111
111000000000000111110000000111100000000000011111000000000000000000000111
111000000000000111110000001111000000000000001111000000000000000000000111
110000000000000011111000001111000000000000001111000000000000000000000111
110000000000000011111000011110000000000000001111000000000000000000000111
110000000000000011111000011110000000000000001111000000000000000000000111
110000000000000001111000011110000000000000001111000000000000000000000111
110000000000000001111000011110000000000000001111000000000000000000000111
110000000000000001111000011110000000000000001111000000000000000000000111
110000000000000001111000011110000000000000001111000000000000000000000111
110000000000000001111000011111000000000000001111000000000000000000000111
111000000000000001111000011111000000000000011111000000000000000000000111
111000000000000011111000011111000000000000011111000000000000000000000111
111000000000000011110000001111100000000000011111000000000000000000000111
111100000000000011110000001111100000000000111111000000000000000000000111
111100000000000011100000001111110000000001111111000000000000000000000111
111110000000000111000000000111111100000011001111000000000000000000000111
011111000000001110000000000011111111111110001111000000000000000000000111
001111110000111100000000000001111111111100001111111100000000000000000111
000011111111110000000000000000011111110000001111111100000000000000000100
000000011000000000000000000000000000000000000000000000000000000000000000
000000000000000000000000000000000000000000000000000000000000000000000000
000000000000000000000000000000000000000000000000000000000000000000000000
000000000000000000000000000000000000000000000000000000000000000000000000
000000000000000000000000000000000000000000000000000000000000000000000000
000000000000000000000000000000000000000000000000000000000000000000000000
000000000000000000000000000000000000000000000000000000000000000000000000
000000000000000000000000000000000000000000000000000000000000000000000000
000000000000000000000000000000000000000000000000000000000000000000000000
000000000000000000000000000000000000000000000000000000000000000000000000
000000000000000000000000000000000000000000000000000000000000000000000000
000000000000000000000000000000000000000000000000000000000000000000000000
000000000000000000000000000000000000000000000000000000000000000000000000
000000000000000000000000000000000000000000000000000000000000000000000000
000000000000000000000000000000000000000000000000000000000000000000000000
000000000000000000000000000000000000000000000000000000000000000000000000
000000000000000000000000000000000000000000000000000000000000000000000000
000000000000000000000000000000000000000000000000000000000000000000000000
000000000000000000000000000000000000000000000000000000000000000000000000
000000000000000000000000000000000000000000000000000000000000000000000000
000000000000000000000000000000000000000000000000000000000000000000000000
000000000000000000000000000000000000000000000000000000000000000000000000
000000000000000000000000000000000000000000000000000000000000000000000000
000000000000000000000000000000000000000000000000000000000000000000000000
000000000000000000000000000000000000000000000000000000000000000000000000
000000000000000000000000000000000000000000000000000000000000000000000000
000000000000000000000000000000000000000000000000000000000000000000000000
000000000000000000000000000000000000000000000000000000000000000000000000
000000000000000000000000000000000000000000000000000000000000000000000000
000000000000000000000000000000000000000000000000000000000000000000000000
000000000000000000000000000011111111111110000000000000000000000000000000
