111111111111000000001111111100000000111111111110000000000000000111111000
000000000000000000000000000000000000000111110000000000000000000000000000
000000000000000000000000000000000000000000000000000000000000000000000000
000000000000000000000000000000000000000000000000000000000000000000000000
000000000000000000000000000000000000000000000000000000000000000000000000
000000000000000000000000000000000000000000000000000000000000000000000000
000000000000000000000000000000000000000000000000000000000000000000000000
000000000000000000000000000000000000000000000000000000000000000000000000
000000000000000000000000000000000000000000000000000000000000000000000000
000000000000000000000000000000000000000000000000000000000000000000000000
000000000000000000000000000000000000000000000000000000000000000000000000
000000000000000000000000000000000000000000000000000000000000000000000000
000000000000000000000000000000000000000000000000000000000000000000000000
000000000000000000000000000000000000000000000000000000000000000000000000
000000000000000000000000000000000000000000000000000000000000000000000000
000000000000000000000000000000000000000000000000000000000000000000000000
000000000000000000000000000000000000000000000000000000000000000000000000
000000000000000000000000000000000000000000000000000000000000000000000000
000000000000000000000000000000000000000000000000000000000000000000000000
000000000000000000000000000000000000000000000000000000000000000000000000
000000000000000000000000000000000000000000000000000000000000000000000000
000000000000000000000000000000000000000000000000000000000000000000000000
000000000000000000000000000000000000000000000000000000000000000000000000
000000000000000000000000000000000000000000000000000000000000000000000000
000000000000000000000000000000000000000000000000000000000000000000000000
000000000000000000000000000000000000000000000000000000000000000000000000
000000000000000000000000000000000000000000000000000000000000000000000000
000000000000000000000000000000000000000000000000000000000000000000000000
000000001100000000000000000000000000000000000000000000000000000000000000
000111111100000000000000000000000000000000000000000000000000000000000000
001111111100000000000000000000000000000000000000000000000000000000000000
000000111100000000000000000000000000000000000000000000000000000000000000
000000111100000000000000000000000000000000000000000000000000000000000000
000000111100000000000000000000000000000000000000000000000000000000000000
000000111100000000000000000000000000000000000000000000000000000000000000
000000111100000000000000000000000000000000000000000000000000000000000000
000000111100000000000000000000000000000000000000000000000000000000000000
000000111100000000000000000000000000000000000000000000000000000000000000
000000111100000000000000000000000000000000000000000000000000000000000000
000000111100000000000000000000000000000000000000000000000000000000000000
000000111100000000000000000000000000000000000000000000000000000000000000
000000111100000011111111111100000111111111100000000000000000000000000000
100000111100000001111111110000000011111111000000000000000000000000000000
100000111100000000011111000000000000011100000000000000000000000000000000
000000111100000000011111000000000000011000000000000000000000000000000000
000000111100000000001111100000000000111000000000000000000000000000000000
000000111100000000001111100000000000110000000000000000000000000000000001
000000111100000000000111100000000001110000000000000000000000000000000001
000000111100000000000111110000000001100000000000000000000000000000000011
000000111100000000000011110000000001100000000000000000000000000000000011
000000111100000000000011110000000011000000000000000000000000000000000011
000000111100000000000011111000000011000000000000000000000000000000000011
000000111100000000000001111000000110000000000000000000000000000000000111
000000111100000000000001111100000110000000000000000000000000000000000111
000000111100000000000000111100001110000000000000000000000000000000000111
000000111100000000000000111100001100000000000000000000000000000000000011
000000111100000000000000111110001100000000000000000000000000000000000011
000000111100000000000000011110011000000000000000000000000000000000000011
000000111100000000000000011111011000000000000011100000000000000000000001
000000111100000000000000001111110000000000011111000000000000000000000001
000000111110000000000000001111110000000000011111000000000000000000000000
000000111110000000000000000111110000000000011110000000000000000000000000
000111111111110000000000000111100000000000011110000000000000000000000000
001111111111111000000000000111100000000000111100000000000000000000000000
000000000000000000000000000011000000000000111100000000000000000000000000
000000000000000000000000000011000000000001111000000000000000000000000000
000000000000000000000000000110000000000001110000000000000000000000000000
000000000000000000000000000110000000000001110000000000000000000000000000
000000000000000000000000000100000000000011100000000000000000000000000000
000000000000000000000000001100000000000011000000000000000000000000000000
000000000000000000000000001100000000000110000000000000000000000000000000
000000000000000000000000011000000000000000000000000000000000000000000000
000000000000000000000000111000000000000000000000000000000000000000000000
000000000000000000000000110000000000000000000000000000000000000000000000
000000000000000000111011110000000000000000000000000000000000000000000000
000000000000000000111111100000000000000000000000000000000000000000000000
000000000000000001111111000000000000000000000000000000000000000000000000
000000000000000000111100000000000000000000000000000000000000000000000000
000000000000000000000000000000000000000000000000000000000000000000000000
000000000000000000000000000000000000000000000000000000000000000000000000
000000000000000000000000000000000000000000000000000000000000000000000000
000000000000000000000000000000000000000000000000000000000000000000000000
000000000000000000000000000000000000000000000000000000000000000000000000
000000000000000000000000000000000000000000000000000000000000000000000000
000000000000000000000000000000000000000000000000000000000000000000000000
000000000000000000000000000000000000000000000000000000000000000000000000
000000000000000000000000000000000000000000000000000000000000000000000000
000000000000000000000000000000000000000000000000000000000000000000000000
000000000000000000000000000000000000000000000000000000000000000000000000
000000000000000000000000000000000000000000000000000000000000000000000000
000000000000000000000000000000000000000000000000000000000000000000000000
000000000000000000000000000000000000000000000000000000000000000000001100
000000000000000000000000000000000000000000000000000000000000000111111100
000000000000000000000000000000000000000000000000000000000000011111111100
000000000000000000000000000000000000000000000000000000000000000001111100
000000000000000000000000000000000000000000000000000000000000000001111100
000000000000000000000000000000000000000000000000000000000000000000111100
000000000000000000000000000000000000000000000000000000000000000000111100
000000000000000000000000000000000000000000000000000000000000000000111100
000000000000000000000000000000000000000000000000000000000000000000111100
000000000000000000000000000000000000000000000000000000000000000000111100
000000000000000000000000000000000000000000000000000000000000000000111100
000000000000000000000000000000000000000000000000000000000000000000111100
000000000000000000000000000000000000000000000000000000000000000000111100
011111111000000000000000111111110000000000000001110000111110000000111100
111000111110000000000011111111111100000000001111110001111110000000111100
100000011111000000001111000111111100000000111111110011111110000000111100
000000001111100000011100000000111110000000000111110111111110000000111100
000000000111100000011100000000011110000000000011111110001110000000111100
000000000111110000011000000000011111000000000011111000000110000000111100
000000000111110000000000000000001111000000000011111000000000000000111100
000000000011110000000000000000001111000000000011110000000000000000111100
000000000011110000000000000000001111000000000011110000000000000000111100
000000000011110000000000000011111111000000000011110000000000000000111100
111111111111110000000000111111101111000000000011110000000000000000111100
111111111000000000000111110000001111000000000011110000000000000000111100
000000000000000000001111000000001111000000000011110000000000000000111100
000000000000000000011110000000001111000000000011110000000000000000111100
000000000000000000111100000000001111000000000011110000000000000000111100
000000000000000000111100000000001111000000000011110000000000000000111100
000000000000000001111100000000001111000000000011110000000000000000111100
000000000000000001111100000000011111000000000011110000000000000000111100
000000000000000001111100000000111111000000000011110000000000000000111100
100000000000100000111110000001101111000000000011110000000000000001111100
111000000011100000111111000111001111000000000011110000000000000001111100
111111111111000000011111111100001111100000000111111100000000000011111110
111111111110000000001111111000001111111000111111111111100000011111111111
011111110000000000000011100000000000000000000000000000000000000000000000
000000000000000000000000000000000000000000000000000000000000000000000000
000000000000000000000000000000000000000000000000000000000000000000000000
000000000000000000000000000000000000000000000000000000000000000000000000
000000000000000000000000000000000000000000000000000000000000000000000000
000000000000000000000000000000000000000000000000000000000000000000000000
000000000000000000000000000000000000000000000000000000000000000000000000
000000000000000000000000000000000000000000000000000000000000000000000000
000000000000000000000000000000000000000000000000000000000000000000000000
000000000000000000000000000000000000000000000000000000000000000000000000
000000000000000000000000000000000000000000000000000000000000000000000000
000000000000000000000000000000000000000000000000000000000000000000000000
000000000000000000000000000000000000000000000000000000000000000000000000
000000000000000000000000000000000000000000000000000000000000000000000000
000000000000000000000000000000000000000000000000000000000000000000000000
000000000000000000000000000000000000000000000000000000000000000000000000
000000000000000000000000000000000000000000000000000000000000000000000000
000000000000000000000000000000000000000000000000000000000000000000000000
000000000000000000000000000000000000000000000000000000000000000000000000
000000000000000000000000000000000000000000000000000000000000000000000000
000000000000000000000000000000000000000000000000000000000000000000000000
000000000000000000000000000000000000000000000000000000000000000000000000
000000000000000000000000000000000000000000000000000000000000000000000000
000000000000000000000000000000000000000000000000000000000000000000000000
000000000000000000000000000000000000000000000000000000000000000000000000
000000000000000000000000000000000000000000000000000000000000000000000000
000000000000000000000000000000000000000000000000000000000000000000000000
000000000000000000000000000000000000000000000000000000000000000000000000
000000000000000000000000000000000000000000000000000000000000000000000000
000000000000000000000000000000000000000000000000000000000000000000001000
000000000000000000000000000000000000000000000000000000000000000001111100
000000000000000000000000000000000000000000000000000000000000011111111100
000000000000000000000000000000000000000000000000000000000000000011111100
000000000000000000000000000000000000000000000000000000000000000001111100
000000000000000000000000000000000000000000000000000000000000000001111100
000000000000000000000000000000000000000000000000000000000000000001111100
000000000000000000000000000000000000000000000000000000000000000001111100
000000000000000000000000000000000000000000000000000000000000000001111100
000000000000000000000000000000000000000000000000000000000000000001111100
000000000000000000000000000000000000000000000000000000000000000001111100
000000000000000000000000000000000000000000000000000000000000000001111100
000000000000000000000000000000000000000000000000000000000000000001111100
111111000000000000000001000000111110000000000000000000000111110001111100
111111110000000000011111000011111111100000000000000000011111111111111100
111111111000000011111111000111111111110000000000000001111001111111111100
000011111100000000111111001110000111111000000000000111000000001111111100
000000111100000000001111111000000011111100000000001110000000000011111100
000000111110000000001111100000000001111100000000011100000000000001111100
000000011110000000001111100000000000111100000000111100000000000001111100
000000011110000000001111000000000000111100000000111000000000000001111100
000000011110000000001111000000000000111100000001111000000000000001111100
000001111110000000001111000000000000111100000001111000000000000001111100
