000000000000000000000000000000000000000000000000000000000000000000000000
000000000000000000000000000000000000000000000000000000000000000000000000
000000000000000000000000000000000000000000000000000000000000000000000000
000000000000000000000000000000000000000000000000000000000000000000000000
000000000000000000000000000000000000000000000000000000000000000000000000
000000000000000000000000000000000000000000000000000000000000000000000000
000000000000000000000000000000000000000000000000000000000000000000000000
000000000000000000000000000000000000000000000000000000000000000000000000
000000000000000000000000000000000000000000000000000000000000000000000000
000000000000000000000000000000000000000000000000000000000000000000000000
000000000000000000000000000000000000000000000000000000000000000000000000
000000000000000000000000000000000000000000000000000000000000000000000000
000000000000000000000000000000000000000000000000000000000000000000000000
000000000000000000000000000000000000000000000000000000000000000000000000
000000000000000000000000000000000000000000000000000000000000000000000000
000000000000000000000000000000000000000000000000000000000000000000000000
000000000000000000000000000000000000000000000000000000000000000000000000
000000000000000000000000000000000000000000000000000000000000000000000000
000000000000000000000000000000000000000000000000000000000000000000000000
000000000000000000000000000000011000001111100000000000000000000011111100
110000000000000000000000000011111000111111111100000000000000011111111111
110000000000000000000000011111111001111111111110000000000000111000000111
110000000000000000000000011111111011100001111111000000000011110000000011
110000000000000000000000000011111110000000011111000000000111100000000001
110000000000000000000000000001111100000000011111000000000111000000000000
110000000000000000000000000001111000000000001111100000001111000000000000
000000000000000000000000000001111000000000001111100000001111000000000000
000000000000000000000000000001111000000000000111100000011111000000000000
000000000000000000000000000001111000000000000111100000011110000000000000
000000000000000000000000000001111000000000000111100000011110000000000000
100000000000000000000000000001111000000000000111100000011110000000000000
110000000000000000000000000001111000000000000111100000011110000000000000
111000000000000000000000000001111000000000000111100000011111000000000000
111000000000000000000000000001111000000000000111100000011111000000000000
111100000000000000000000000001111000000000000111100000011111000000000000
111100000000000000000000000001111000000000000111100000011111000000000000
111100000000000000000000000001111000000000000111100000001111100000000000
111000000000000000000000000001111000000000000111100000001111100000000000
111000000000000000000000000001111000000000000111100000000111110000000000
110000000000000000000000000011111000000000000111100000000111110000000000
100000000000000000000000000011111000000000000111100000000011111000000001
000000000000000000000000011111111111100000000111111110000001111110000011
000000000000000000000000011111111111100000000111111100000000011111111110
000000000000000000000000000000000000000000000000000000000000000001000000
000000000000000000000000000000000000000000000000000000000000000000000000
000000000000000000000000000000000000000000000000000000000000000000000000
000000000000000000000000000000000000000000000000000000000000000000000000
000000000000000000000000000000000000000000000000000000000000000000000000
000000000000000000000000000000000000000000000000000000000000000000000000
000000000000000000000000000000000000000000000000000000000000000000000000
000000000000000000000000000000000000000000000000000000000000000000000000
000000000000000000000000000000000000000000000000000000000000000000000000
000000000000000000000000000000000000000000000000000000000000000000000000
000000000000000000000000000000000000000000000000000000000000000000000000
000000000000000000000000000000000000000000000000000000000000000000000000
000000000000000000000000000000000000000000000000000000000000000000000000
000000000000000000000000000000000000000000000000000000000000000000000000
000000000000000000000000000000000000000000000000000000000000000000000000
000000000000000000000000000000000000000000000000000000000000000000000000
000000000000000000000000000000000000000000000000000000000000000000000000
000000000000000000000000000000000000000000000000000000000000000000000000
000000000000000000000000000000000000000000000000000000000000000000000000
000000000000000000000000000000000000000000000000000000000000000000000000
000000000000000000000000000000000000000000000000000000000000000000000000
000000000000000000000000000000000000000000000000000000000000000000000000
000000000000000000000000000000000000000000000000000000000000000000000000
000000000000000000000000000000000000000000000000000000000000000000000000
000000000000000000000000000000000000000000000000000000000000000000000000
000000000000000000000000000000000000000000000000000000000000000000000000
000000000000000000000000000000000000000000000000000000000000000000000000
000000000000000000000000000000000000000000000000000000000000000000000000
000000000000000000000000000000000000000000000000000000000000000000000000
000000000000000000000000000000000000000000000000000000000000000000000000
000000000000000000000000000000000000000000000000000000000000000000000000
000000000000000000000000000000000000000000000000000000000000000000000000
000000000000000000000000000000000000000000000000000000000000000000000000
000000000000000000000000000000000000000000000000000000000000000000000000
000000000000000000000000000000000000000000000000000000000000000000000000
000000000000000000000000000000000000000000000000000000000000000000000000
000000000000000000000000000000000000000000000000000000000000000000000000
000000000000000000000000000000000000000000000000000000000000000000000000
000000000000000000000000000000000000000000000000000000000000000000000000
000000000000111100000000000000000000011110000000000000000000000000000000
000000000111111111100000000000000111111111111000000000000000000000000011
000000011100001111111111111000001110000001111000000000000000000000111111
000001111000000011111111111000011100000000011000000000000000000000111111
000011110000000001111111110000111000000000011000000000000000000000000011
000011110000000001111100000000111000000000001000000000000000000000000011
000111100000000001111100000000111000000000001000000000000000000000000011
000111100000000000111100000000111100000000000000000000000000000000000011
000111100000000000111100000000111110000000000000000000000000000000000011
000111100000000000111100000000111111100000000000000000000000000000000011
000111110000000000111000000000011111111110000000000000000000000000000011
000111110000000001111000000000011111111111110000000000000000000000000011
000011111000000001110000000000000111111111111100000000000000000000000011
000011111000000011100000000000000001111111111110000000000000000000000011
000001111111011111000000000000000000000111111110000000000000000000000011
000000011111111000000000000000000000000000111110000000000000000000000011
000000001100000000000000000000000000000000011110000000000000000000000011
000000011000000000000000000000100000000000001110000000000000000000000011
000000110000000000000000000000100000000000001110000000000000000000000011
000001110000000000000000000000110000000000011110000000000000000000000011
000011111100000000000000000000110000000000011100000000000000000000000011
000011111111111111111110000000111000000000111000000000000000000000000011
000001111111111111111111000000111110000011110000000000000000000000000011
000000111111111111111111100000111111111111000000000000000000000000000011
000000011110000001111111100000000011111000000000000000000000000000000011
000001110000000000001111110000000000000000000000000000000000000000000011
000111100000000000000111110000000000000000000000000000000000000000000011
001111000000000000000011110000000000000000000000000000000000000000000011
001111000000000000000011110000000000000000000000000000000000000000000011
001111000000000000000011110000000000000000000000000000000000000000000011
001111000000000000000011100000000000000000000000000000000000000000000011
001111000000000000000111100000000000000000000000000000000000000000000011
001111000000000000000111000000000000000000000000000000000000000000000011
000111100000000000001110000000000000000000000000000000000000000000000011
000111110000000000011100000000000000000000000000000000000000000000000011
000001111000000001111000000000000000000000000000000000000000000000000011
000000111111111111100000000000000000000000000000000000000000000000111111
000000000011111100000000000000000000000000000000000000000000000000111111
000000000000000000000000000000000000000000000000000000000000000000000000
000000000000000000000000000000000000000000000000000000000000000000000000
000000000000000000000000000000000000000000000000000000000000000000000000
000000000000000000000000000000000000000000000000000000000000000000000000
000000000000000000000000000000000000000000000000000000000000000000000000
000000000000000000000000000000000000000000000000000000000000000000000000
000000000000000000000000000000000000000000000000000000000000000000000000
000000000000000000000000000000000000000000000000000000000000000000000000
000000000000000000000000000000000000000000000000000000000000000000000000
000000000000000000000000000000000000000000000000000000000000000000000000
000000000000000000000000000000000000000000000000000000000000000000000000
000000000000000000000000000000000000000000000000000000000000000000000000
000000000000000000000000000000000000000000000000000000000000000000000000
000000000000001110000000000000000000000000000000000000000000000000000000
110000000111111110000000000000000000000000000000000000000000000000000000
111111000111111110000000000000000000000000000000000000000000000000000000
111111000000111110000000000000000000000000000000000000000000000000000000
001111000000011110000000000000000000000000000000000000000000000000000000
000111000000011110000000000000000000000000000000000000000000000000000000
000010000000011110000000000000000000000000000000000000000000000000000000
000010000000011110000000000000000000000000000000000000000000000000000000
000010000000011110000000000000000000000000000000000000000000000000000000
000010000000011110000000000000000000000000000000000000000000000000000000
000000000000011110000000000000000000000000000000000000000000000000000000
000000000000011110000000000000000000000000000000000000000000000000000000
000000000000011110000000000000000000000000000000000000000000000000000000
000000000000011110000111111110000000000000000011111111100000000000000111
000000000000011110001111111111000000000000001111000111110000000000011111
000000000000011110011111111111100000000000011100000001111000000001111000
000000000000011110110000001111110000000000111000000000111100000001100000
000000000000011111000000000111110000000001110000000000111110000001100000
000000000000011111000000000011111000000011110000000000011110000001000000
000000000000011110000000000011111000000011110000000000011110000000000000
000000000000011110000000000001111000000111100000000000011111000000000000
000000000000011110000000000001111000000111100000000000011111000000000000
000000000000011110000000000001111000000111110000000000011111000000000000
000000000000011110000000000001111000000111111111111111111110000000001111
000000000000011110000000000001111000000111110000000000000000000000111110
000000000000011110000000000001111000000111100000000000000000000001111000
000000000000011110000000000001111000000111100000000000000000000011110000
000000000000011110000000000001111000000111110000000000000000000111110000
000000000000011110000000000001111000000111110000000000000000000111100000
000000000000011110000000000001111000000111110000000000000000000111100000
000000000000011110000000000001111000000011111000000000000000000111100000
000001000000011110000000000001111000000011111000000000000000000111100000
000111000000011110000000000001111000000001111100000000000110000111110000
011110000000111110000000000001111000000001111111000000011100000111111100
111100000111111111110000000001111111000000111111111111111100000011111111
110000000111111111111000000001111111100000001111111111110000000001111111
000000000000000000000000000000000000000000000001111110000000000000000000
000000000000000000000000000000000000000000000000000000000000000000000000
000000000000000000000000000000000000000000000000000000000000000000000000
000000000000000000000000000000000000000000000000000000000000000000000000
000000000000000000000000000000000000000000000000000000000000000000000000
000000000000000000000000000000000000000000000000000000000000000000000000
000000000000000000000000000000000000000000000000000000000000000000000000
000000000000000000000000000000000000000000000000000000000000000000000000
000000000000000000000000000000000000000000000000000000000000000000000000
000000000000000000000000000000000000000000000000000000000000000000000000
