000000000000000000000000000000000000000000000000000000000000000000000000
000000000000000000000000000000000000000000000000000000000000000000000000
000000000000000000000000000000000000000000000000000000000000000000000000
000000000000000000000000000000000000000000000000000000000000000000000000
000000000000000000000000000000000000000000000000000000000000000000000000
000000000000000000000000000000000000000000000000000000000000000000000000
000000000000000000000000000000000000000000000000000000000000000000000000
000000000000000000000000000000000000000000000000000000000000000000000000
000000000000000000000000000000000000000000000000000000000000000000000000
000000000000000000000000000000000000000000000000000000000000000000000000
000000000000000000000000000000000000000000000000000000000000000000000000
000000000000000000000000000000000000000000000000000000000000000000000000
000000000000000000000000000000000000000000000000000000000000000000000000
000000000000000000000000000000000000000000000000000000000000000000000000
000000000000000000000000000000000000000000000000000000000000000000000000
000000000000000000000000000000000000000000000000000000000000000000000000
000000000000000000000000000000000000000000000000000000000000000000000000
000000000000000000000000000000000000000000000000000000000000000000000000
000000000000000000000000000000000000000000000000000000000000000000000000
000000000000000000000000000000000000000000000000000000000000000000000000
000000000000000000000000000000000000000000000000000000000000000000000000
000000000000000000000000000000000000000000000000000000000000000000000000
000000000000000000000000000000000000000000000000000000000000000000000000
000000000000000000000000000000000000000000000000000000000000000000000000
000000000000000000000000000000000000000000001110000000000000000000000000
000000000000000000000000000000000000000000111110000000000000000000000000
000000000000000000000000000000000000000000111110000000000000000000000000
000000000000000000000000000000000000000000111110000000000000000000000000
000000000000000000000000000000000000000000111100000000000000000000000000
000000000000000000000000000000000000000000111100000000000000000000000000
000000000000000000000000000000000000000000111100000000000000000000000000
001111110000000000000111111100000000000000111100000000000000000001111111
111111111110000000011111111111000000000000111110000000000000001111111111
111111111110000001111111111111100000000011111111111110000000011111111111
000000011110000011100000001111110000000111111111111110000001110000000011
000000001100000011000000000111110000000000111110000000000011100000000001
000000000100000011000000000011110000000000111100000000000111000000000000
000000000100000010000000000011110000000000111100000000000111000000000000
000000000100000000000000000011110000000000111100000000001111000000000000
000000000000000000000000000001111000000000111100000000001110000000000000
000000000000000000000000011111111000000000111100000000011110000000000000
000000000000000000000111111111111000000000111100000000011110000000000000
000000000000000000111111000001111000000000111100000000011110000000000000
000000000000000001111000000001111000000000111100000000011110000000000000
000000000000000111110000000001111000000000111100000000011110000000000000
000000000000000111100000000001111000000000111100000000011111000000000000
000000000000001111100000000001111000000000111100000000011111000000000000
000000000000001111000000000001111000000000111100000000011111000000000000
000000000000001111000000000011111000000000111100000000001111100000000000
000000000000001111100000000111111000000000111110000000001111110000000000
000000000000001111100000001111111000000000111110000000000111111000000000
100000000000000111110000111011111000000000111111001110000011111100000000
111100011110000111111111100011111000000000011111111100000001111111100011
111111111100000011111111000011111111000000001111111000000000111111111111
111111110000000000111100000000000000000000000111110000000000001111111110
000000000000000000000000000000000000000000000000000000000000000000000000
000000000000000000000000000000000000000000000000000000000000000000000000
000000000000000000000000000000000000000000000000000000000000000000000000
000000000000000000000000000000000000000000000000000000000000000000000000
000000000000000000000000000000000000000000000000000000000000000000000000
000000000000000000000000000000000000000000000000000000000000000000000000
000000000000000000000000000000000000000000000000000000000000000000000000
000000000000000000000000000000000000000000000000000000000000000000000000
000000000000000000000000000000000000000000000000000000000000000000000000
000000000000000000000000000000000000000000000000000000000000000000000000
000000000000000000000000000000000000000000000000000000000000000000000000
000000000000000000000000000000000000000000000000000000000000000000000000
000000000000000000000000000000000000000000000000000000000000000000000000
000000000000000000000000000000000000000000000000000000000000000000000000
000000000000000000000000000000000000000000000000000000000000000000000000
000000000000000000000000000000000000000000000000000000000000000000000000
000000000000000000000000000000000000000000000000000000000000000000000000
000000000000000000000000000000000000000000000000000000000000000000000000
000000000000000000000000000000000000000000000000000000000000000000000000
000000000000000000000000000000000000000000000000000000000000000000000000
000000000000000000000000000000000000000000000000000000000000000000000000
000000000000000000000000000000000000000000000000000000000000000000000000
000000000000000000000000000000000000000000000000000000000000000000000000
000000000000000000000000000000000000000000000000000000000000000000000000
000000000000000000000000000000000000000000000000000000000000000000000000
000000000000000000000000000000000000000000000000000000000000000000000000
000000000000000000000000000000000000000000000000000000000000000000000000
000000000000000000000000000000000000000000000000000000000000000000000000
111111111111111111111100000000000000000000000000000000000000000000000000
111111111111111111111111100000000000000000000000000000000000000000000000
001111110000000000111111111000000000000000000000000000000000000000000000
001111100000000000000011111110000000000000000000000000000000000000000000
000111100000000000000000111111000000000000000000000000000000000000000000
000111100000000000000000011111100000000000000000000000000000000000000000
000111100000000000000000001111110000000000000000000000000000000000000000
000111100000000000000000000111110000000000000000000000000000000000000000
000111100000000000000000000111111000000000000000000000000000000000000000
000111100000000000000000000011111000000000000000000000000000000000000000
000111100000000000000000000011111100000000000000000000000000000000000000
000111100000000000000000000001111100000000000011111110000000000000000010
000111100000000000000000000001111100000000011111111111100000000000111110
000111100000000000000000000001111100000000111100000111111000000111111110
000111100000000000000000000001111100000001110000000001111100000111111110
000111100000000000000000000001111100000011100000000000111110000000011111
000111100000000000000000000001111100000111100000000000111110000000011111
000111100000000000000000000001111100001111000000000000011111000000011111
000111100000000000000000000001111100001111000000000000011111000000011110
000111100000000000000000000001111100001111000000000000001111100000011110
000111100000000000000000000001111100011111000000000000001111100000011110
000111100000000000000000000011111000011111000000000000001111100000011110
000111100000000000000000000011111000011111000000000000001111100000011110
000111100000000000000000000011111000011111000000000000001111100000011110
000111100000000000000000000111110000011111000000000000001111100000011110
000111100000000000000000000111110000011111000000000000001111100000011110
000111100000000000000000001111100000011111000000000000001111100000011110
000111100000000000000000001111000000001111100000000000001111000000011110
000111100000000000000000011111000000001111100000000000001111000000011110
000111100000000000000000111110000000001111100000000000001110000000011110
000111100000000000000011111100000000000111110000000000011110000000011110
001111100000000000001111110000000000000011111000000000111100000000011110
001111111111111111111111000000000000000011111100000000111000000000111111
111111111111111111111100000000000000000000111111000011100000000111111111
111100000111111110000000000000000000000000011111111110000000000111100000
000000000000000000000000000000000000000000000000000000000000000000000000
000000000000000000000000000000000000000000000000000000000000000000000000
000000000000000000000000000000000000000000000000000000000000000000000000
000000000000000000000000000000000000000000000000000000000000000000000000
000000000000000000000000000000000000000000000000000000000000000000000000
000000000000000000000000000000000000000000000000000000000000000000000000
000000000000000000000000000000000000000000000000000000000000000000000000
000000000000000000000000000000000000000000000000000000000000000000000000
000000000000000000000000000000000000000000000000000000000000000000000000
000000000000000000000000000000000000000000000000000000000000000000000000
000000000000000000000000000000000000000000000000000000000000000000000000
000000000000000000000000000000000000000000000000000000000000000000000000
000000000000000000000000000000000000000000000000000000000000000000000000
000000000000000000000000000000000000000000000000000000000000000000000000
000000000000000000000000000000000000000000000000000000000000000000000000
000000000000000000000000000000000000000000000000000000000000000000000000
000000000000000000000000000000000000000000000000000000000000000000000000
000000000000000000000000000000000000000000000000000000000000000000000000
000000000000000000000000000000000000000000000000000000000000000000000000
000000000000000000000000000000000000000000000000000000000000000000000000
000000000000000000000000000000000000000000000000000000000000000000000000
000000000000000000000000000000000000000000000000000000000000000000000000
000000000000000000000000000000000000000000000000000000000000000000000000
000000000000000000000000000000000000000000000000000000000000000000000000
000000000000000000000000000000000000000000000000000000000000000000000000
000000000000000000000000000000000000000000000000000000000000000000000000
000000000000000000000000000000000000000000000000000000000000000000000000
000000111100000000000000000000000000000000000000000000000000000000000000
001111111100000000000000000000000000000000000000000000000000000000000000
001111111100000000000000000000000000000000000000000000000000000000000000
000001111100000000000000000000000000000000000000000000000000000000000000
000000111100000000000000000000000000000000000000000000000000000000000000
000000111100000000000000000000000000000000000000000000000000000000000000
000000111100000000000000000000000000000000000000000000000000000000000000
000000111100000000000000000000000000000000000000000000000000000000000000
000000111100000000000000000000000000000000000000000000000000000000000000
000000111100000000000000000000000000000000000000000000000000000000000000
000000111100000000000000000000000000000000000000000000000000000000000000
000000111100000000000000000000000000000000000000000000000000000000000000
000000111100000000000000000111100000000000000000000000000000000100000000
000000111100000000000001111111111100000000111111111111000000001100000000
000000111100000000000011100000111111000000001111111000000000001110000000
000000111100000000001111000000001111100000000111110000000000011110000000
000000111100000000011110000000000111110000000011111000000000011110000000
000000111100000000011100000000000011111000000011111000000000111111000000
000000111100000000111100000000000011111000000001111000000000111111000000
000000111100000000111100000000000001111100000001111000000000111111100000
000000111100000001111000000000000001111100000001111100000001100111100000
000000111100000001111000000000000001111100000000111100000001100111100000
000000111100000001111000000000000000111100000000111100000011000111110000
000000111100000001111000000000000000111110000000111110000011000011110000
000000111100000001111000000000000000111110000000011110000110000011111000
000000111100000001111000000000000000111100000000011110000110000001111000
000000111100000001111000000000000000111100000000011111000110000001111000
000000111100000001111100000000000000111100000000001111001100000001111100
000000111100000001111100000000000000111100000000001111001100000000111100
000000111100000001111100000000000001111000000000001111011000000000111100
000000111100000000111110000000000001111000000000001111111000000000011111
000000111100000000111110000000000001110000000000000111110000000000011111
000000111100000000011111000000000011100000000000000111110000000000011111
000001111100000000001111100000000111000000000000000111110000000000001111
