000000000000000000000000000000000000000000000000000000000000000000000000
000000000000000000000000000000000000000000000000000000000000000000000000
000000000000000000000000000000000000000000000000000000000000000000000000
000000000000000000000000000000000000000000000000000000000000000000000000
000000000000000000000000000000000000000000000000000000000000000000000000
000000000000000000000000000000000000000000000000000000000000000000000000
000000000000000000000000000000000000000000000000000000000000000000000000
000000000000000000000000000000000000000000000000000000000000000000000000
000000000000000000000000000000000000000000000000000000000000000000000000
000000000000000000000000000000000000000000000000000000000000000000000000
000000000000000000000000000000000000000000000000000000000000000000000000
000000000000000000000000000000000000000000000000000000000000000000000000
000000000000000000000000000000000000000000000000000000000000000000000000
000000000000000000000000000000000000000000000000000000000000000000000000
000000000000000000000000000000000000000000000000000000000000000000000000
000000000000000000000000000000000000000000000000000000000000000000000000
000000000000000000000000000000000000000000000000000000000000000000000000
000000000000000000000000000000000000000000000000000000000000000000000000
000000000000000000000000000000000000000000000000000000000000000000000000
000000000000000000000000000000000000000000000000000000000000000000000000
000000000000000000000000000000000000000000000000000000000000000000000000
000000000000000000000000000000000000000000000000000000000000000000000000
000000000000000000000000000000000000000000000000000000000000000000000000
000000000000000000000000000000000000000000000000000000000000000000000000
000000000000000000000000000000000000000000000000000000000000000000000000
000000000000000000000000000000000000000000000000000000000000000000000000
000000000000000000000000000000000000000000000000000000000000000000000000
000000000000000000000000000000000000000000000000000000000000000000000000
000000000000000000000000000000000000000000000000000000000000000000000000
000000000000000000000000000000000000000000000000000000000000000000000000
000000000000000000000000000000000000000000000000000000000000000000000000
000000000000000000000000000000000000000000000000000000000000000000000000
000000000000000000000000000000000000000000000000000000000000000000000000
000000000000000000000000000000000000000000000000000000000000000000000000
000000000000000000000000000000000000000000000000000000000000000000000000
000000000000000000000000000000000000000000000000000000000000000000000000
000000000000000000000000000000000000000000000000000000000000000000000000
000000000000000000000000000000000000000000000000000000000000000000000000
000000000000011111111100000000000000000001111111111110000000000000000000
000000000000001111111110000000000000000001111111111110000000000000000000
000000000000000001111111000000000000000000000111100000000000000000000000
000000000000000000111111100000000000000000000011000000000000000000000000
000000000000000000111111110000000000000000000011000000000000000000000000
000000000000000000111111110000000000000000000011000000000000000000000000
000000000000000000110111111000000000000000000011000000000000000000000000
000000000000000000110011111100000000000000000011000000000000000000000000
000000000000000000110001111110000000000000000011000000000000000000000000
000000000000000000110001111111000000000000000011000000000000000000000000
000000000000000000110000111111000000000000000011000000000000000000000000
000000000000000000110000011111100000000000000011000000000000000001111100
000000000000000000110000001111110000000000000011000000000000001111111111
000000000000000000110000000111111000000000000011000000000000111100000111
000000000000000000110000000011111100000000000011000000000001110000000001
000000000000000000110000000011111100000000000011000000000011110000000000
000000000000000000110000000001111110000000000011000000000111100000000000
000000000000000000110000000000111111000000000011000000000111100000000000
000000000000000000110000000000011111100000000011000000001111000000000000
000000000000000000110000000000001111110000000011000000001111000000000000
000000000000000000110000000000001111110000000011000000001111000000000000
000000000000000000110000000000000111111000000011000000001111000000000000
000000000000000000110000000000000011111100000011000000011111000000000000
000000000000000000110000000000000001111110000011000000011111000000000000
000000000000000000110000000000000000111111000011000000011111000000000000
000000000000000000110000000000000000111111100011000000001111000000000000
000000000000000000110000000000000000011111100011000000001111100000000000
000000000000000000110000000000000000001111110011000000001111100000000000
000000000000000000110000000000000000000111111011000000001111100000000000
000000000000000000110000000000000000000011111111000000000111110000000000
000000000000000000110000000000000000000011111111000000000111110000000000
000000000000000000111000000000000000000001111111000000000011111000000000
000000000000000001111000000000000000000000111111000000000001111100000000
000000000000011111111111100000000000000000011111000000000000111111000011
000000000000011111111111100000000000000000001111000000000000011111111111
000000000000000000000000000000000000000000000000000000000000000001110000
000000000000000000000000000000000000000000000000000000000000000000000000
000000000000000000000000000000000000000000000000000000000000000000000000
000000000000000000000000000000000000000000000000000000000000000000000000
000000000000000000000000000000000000000000000000000000000000000000000000
000000000000000000000000000000000000000000000000000000000000000000000000
000000000000000000000000000000000000000000000000000000000000000000000000
000000000000000000000000000000000000000000000000000000000000000000000000
000000000000000000000000000000000000000000000000000000000000000000000000
000000000000000000000000000000000000000000000000000000000000000000000000
000000000000000000000000000000000000000000000000000000000000000000000000
000000000000000000000000000000000000000000000000000000000000000000000000
000000000000000000000000000000000000000000000000000000000000000000000000
000000000000000000000000000000000000000000000000000000000000000000000000
000000000000000000000000000000000000000000000000000000000000000000000000
000000000000000000000000000000000000000000000000000000000000000000000000
000000000000000000000000000000000000000000000000000000000000000000000000
000000000000000000000000000000000000000000000000000000000000000000000000
000000000000000000000000000000000000000000000000000000000000000000000000
000000000000000000000000000000000000000000000000000000000000000000000000
000000000000000000000000000000000000000000000000000000000000000000000000
000000000000000000000000000000000000000000000000000000000000000000000000
000000000000000000000000000000000000000000000000000000000000000000000000
000000000000000000000000000000000000000000000000000000000000000000000000
000000000000000000000000000000000000000000000000000000000000000000000000
000000000000000000000000000000000000000000000000000000000000000000000000
000000000000000000000000000000000000000000000000000000000000000000000000
000000000000000000000000000000000000000000000000000000000000000000000000
000000000000000000000000000000000000000000000000000000000000000000000000
000000000000000000000000000000000000000000000000000000000000000000000000
000000000000000000000000000000000000000000000000000000000000000000000000
000000000000000000000000000000000000000000000000000000011110000000000000
000000000000000000000000000000000000000000000000000000011111000000000000
000000000000000000000000000000000000000000000000000000011111000000000000
000000000000000000000000000000000000000000100000000000011111000000000000
000000000000000000000000000000000000000011110000000000011110000000000000
000000000000000000000000000000000000000111100000000000000000000000000000
000000000000000000000000000000000000000111100000000000000000000000000000
000000000000000000000000000000000000000111100000000000000000000000000000
000000000000000000000000000000000000000111100000000000000000000000000000
000000000000000000000000000000000000000111100000000000000000000000000000
000000000000000000000000000000000000000111100000000000000000000000000000
111110000000000000011111111111000000000111100000000000001111000000000011
111111000000000001111000011111000000000111111111110011111111000000111111
111111100000000011100000000111000000111111111111110111111111000001111111
001111100000000011100000000011000001111111111111100000011111000000000111
000111110000000111000000000001000000000111100000000000011111000000000111
000111110000000111000000000001000000000111100000000000011111000000000111
000011110000000111100000000000000000000111100000000000011111000000000111
000011110000000111100000000000000000000111100000000000011111000000000111
000011110000000111111000000000000000000111100000000000011111000000000111
111111110000000111111111100000000000000111100000000000011111000000000111
110011110000000011111111111110000000000111100000000000011111000000000111
000011110000000001111111111111100000000111100000000000011111000000000111
000011110000000000001111111111100000000111100000000000011111000000000111
000011110000000000000001111111110000000111100000000000011111000000000111
000011110000000000000000000111110000000111100000000000011111000000000111
000011110000000000000000000011110000000111100000000000011111000000000111
000011110000000100000000000001110000000111100000000000011111000000000111
000111110000000100000000000001110000000111100000000000011111000000000111
001111110000000100000000000001110000000111100000000000011111000000000111
011011110000000110000000000011100000000111110000000000011111000000000111
110011110000000111000000000111000000000111111111100000011111000000000111
000011111100000111100000001110000000000011111111000001111111111000111111
000011111110000111111111111100000000000001111110000111111111111101111111
000000000000000001111111100000000000000000011000000000000000000000000000
000000000000000000000000000000000000000000000000000000000000000000000000
000000000000000000000000000000000000000000000000000000000000000000000000
000000000000000000000000000000000000000000000000000000000000000000000000
000000000000000000000000000000000000000000000000000000000000000000000000
000000000000000000000000000000000000000000000000000000000000000000000000
000000000000000000000000000000000000000000000000000000000000000000000000
000000000000000000000000000000000000000000000000000000000000000000000000
000000000000000000000000000000000000000000000000000000000000000000000000
000000000000000000000000000000000000000000000000000000000000000000000000
000000000000000000000000000000000000000000000000000000000000000000000000
000000000000000000000000000000000000000000000000000000000000000000000000
000000000000000000000000000000000000000000000000000000000000000000000000
000000000000000000000000000000000000000000000000000000000000000000000000
000000000000000000000000000000000000000000000000000000000000000000000000
000000000000000000000000000000000000000000000000000000000000000000000000
000000000000000000000000000000000000000000000000000000000000000000000000
000000000000000000000000000000000000000000000000000000000000000000000000
000000000000000000000000000000000000000000000000000000000000000000000000
000000000000000000000000000000000000000000000000000000000000000000000000
000000000000000000000000000000000000000000000000000000000000000000000000
000000000000000000000000000000000000000000000000000000000000000000000000
000000000000000000000000000000000000000000000000000000000000000000000000
000000000000000000000000000000000000000000000000000000000000000000000000
000000000000000000000000000000000000000000000000000000000000000000000000
000000000000000000000000000000000000000000000000000000000000000000000000
000000000000000000000000000000000000000000000000000000000000000000000000
000000001111100000000000000000000000000000000000000000000000000000000000
000000011111100000000000000000000000000000000000000000000000000000000000
000000111111100000000000000000000000000000000000000000000000000000000000
000001100001100000000000000000000000000000000000000000000000000000000000
000011000000000000000000000000000000000000000000000000000000000000000000
000111000000000000000000000000000000000000000000000000000000000000000000
001110000000000000000000000000000000000000000000000000000000000000000000
001110000000000000000000000000000000000000000000000000000000000000000000
001110000000000000000000000000000000000000000000000000000000000000000000
011110000000000000000000000000000000000000000000000000000000000000000000
011110000000000000000000000000000000000000000000000000000000000000000000
011110000000000000000000000000000000000000000000000000000000000000000000
011110000000000000000000000000000000000000000000000000000000000000000000
011110000000000000000011111111100000000000000011100001111100000000000000
