000000000000000000000000000000000000000000000000000000000000000000000000
000000000000000000000000000000000000000000000000000000000000000000000000
000000000000000000000000000000000000000000000000000000000000000000000000
000000000000000000000000000000000000000000000000000000000000000000000000
000000000000000000000000000000000000000000000000000000000000000000000000
000000000000000000000000000000000000000000000000000000000000000000000000
000000000000000000000000000000000000000000000000000000000000000000000000
111110000000000000000000000000000000000000000000000000000000000000000000
111110000000000000000000000000000000000000000000000000000000000000000000
111110000000000000000000000000000000000000000000000000000000000000000000
111110000000000000000000000000000000000000000000000000000000000000000000
011110000000000000000000000000000000000000000000000000000000000000000000
011110000000000000000000000000000000000000000000000000000111000000000000
011110000000000000000000000000000000000000000000000000011111000000000000
011110000000000000000000000000000000000000000000000000011110000000000000
011110000000000000000000000000000000000000000000000000011110000000000000
011110000000000000000000000000000000000000000000000000011110000000000000
011110000000000000000000000000000000000000000000000000011110000000000000
011110000000000000000000000000000000000000000000000000011110000000000000
011110000011111000000000000000000001111100000000000000011110000000000000
011110001111111111000000000000001111111111100000000000011110000000000000
011110011111111111100000000000111111111111110000000000111111111111000000
011110111000011111110000000001110000001111110000000011111111111111000000
011111100000000111110000000001100000000011111000000111111111000000000000
011111000000000111110000000001100000000011111000000000011110000000000000
011110000000000011111000000001000000000001111000000000011110000000000000
011110000000000011111000000000000000000001111000000000011110000000000000
011110000000000001111000000000000000000001111000000000011110000000000000
011110000000000001111000000000000000000111111000000000011110000000000000
011110000000000001111000000000000011111111111000000000011110000000000000
011110000000000001111000000000011111100001111000000000011110000000000000
011110000000000001111000000000111100000001111000000000011110000000000000
011110000000000001111000000011111000000001111000000000011110000000000000
011110000000000001111000000011110000000001111000000000011110000000000000
011110000000000001111000000111100000000001111000000000011110000000000000
011110000000000001111000000111100000000001111000000000011110000000000000
011110000000000001111000000111100000000001111000000000011110000000000000
011110000000000001111000000111100000000011111000000000011110000000000000
011110000000000001111000000111110000000111111000000000011110000000000000
111110000000000001111000000111111000011101111000000000011111000010000000
111110000000000001111000000011111111110001111100000000011111111110000000
111111111000000001111111100001111111100001111111100000001111111100000000
111111111000000001111111000000111110000001111111000000000111111000000000
000000000000000000000000000000000000000000000000000000000000000000000000
000000000000000000000000000000000000000000000000000000000000000000000000
000000000000000000000000000000000000000000000000000000000000000000000000
000000000000000000000000000000000000000000000000000000000000000000000000
000000000000000000000000000000000000000000000000000000000000000000000000
000000000000000000000000000000000000000000000000000000000000000000000000
000000000000000000000000000000000000000000000000000000000000000000000000
000000000000000000000000000000000000000000000000000000000000000000000000
000000000000000000000000000000000000000000000000000000000000000000000000
000000000000000000000000000000000000000000000000000000000000000000000000
000000000000000000000000000000000000000000000000000000000000000000000000
000000000000000000000000000000000000000000000000000000000000000000000000
000000000000000000000000000000000000000000000000000000000000000000000000
000000000000000000000000000000000000000000000000000000000000000000000000
000000000000000000000000000000000000000000000000000000000000000000000000
000000000000000000000000000000000000000000000000000000000000000000000000
000000000000000000000000000000000000000000000000000000000000000000000000
000000000000000000000000000000000000000000000000000000000000000000000000
000000000000000000000000000000000000000000000000000000000000000000000000
000000000000000000000000000000000000000000000000000000000000000000000000
000000000000000000000000000000000000000000000000000000000000000000000000
000000000000000000000000000000000000000000000000000000000000000000000000
000000000000000000000000000000000000000000000000000000000000000000000000
000000000000000000000000000000000000000000000000000000000000000000000000
000000000000000000000000000000000000000000000000000000000000000000000000
000000000000000000000000000000000000000000000000000000000000000000000000
000000000000000000000000000000000000000000000000000000000000000000000000
000000000000000000000000000000000000000000000000000000000000000000000000
000000000000000000000000000000000000000000000000000000000000000000001111
000000000000000000000000000000000000000000000000000000000000000000001111
000000000000000000000000000000000000000000000000000000000000000000000000
000000000000000000000000000000000000000000000000000000000000000000000000
000000000000000000000000000000000000000000000000000000000000000000000000
000000000000000000000000000000000000000000000000000000000000000000000000
000000000000000000000000000000000000000000000000000000000000000000000000
000000000000000000000000000000000000000000000000000000000000000000000000
000000000000000000000000000000000000000000000000000000000000000000000000
000000000000000000000000000000000000000000000000000000000000000000000000
000000000000000000000000000000000000000000000000000000000000000000000000
000001000000000000010000001110000000000000000000000000000000000000000000
001111000000000011110000111111000000000000000000000000000000000000000000
111111000000111111110001111111000000000000000000000000000000000000000000
111111000000111111110011111110000000000000000000000000000000000000000000
011111000000000011110111111110000000000000000000000000000000000000000000
001111000000000011111100000110000000000000000000000000000000000000000000
001111000000000011111100000010000000000000000000000000000000000000000000
001111000000000011111000000000000000000000000000000000000000000000000000
001111000000000011111000000000000000000000000000000000000000000000000000
001111000000000011110000000000000000000000000000000000000000000000000000
001111000000000011110000000000000000000000000000000000000000000000000000
001111000000000011110000000000000000000000000000000000000000000000000000
001111000000000011110000000000000000000000000000000000000000000000000000
001111000000000011110000000000000000000000000000000000000000000000000000
001111000000000011110000000000000000000000000000000000000000000000000000
001111000000000011110000000000000000000000000000000000000000000000000000
001111000000000011110000000000000000000000000000000000000000000000000000
011111000000000011110000000000000000000000000000000000000000000000000000
011111000000000011110000000000001100000000000000000000000000000000000000
111111000000000011110000000000011111000000000000000000000000000000000000
101111000000000011110000000000111111000000000000000000000000000000000000
001111000000000011111000000000111111000000000000000000000000000000000000
001111111100111111111111100000011111000000000000000000000000000000000001
001111111100111111111111100000001110000000000000000000000000000000000001
000000000000000000000000000000000000000000000000000000000000000000000000
000000000000000000000000000000000000000000000000000000000000000000000000
000000000000000000000000000000000000000000000000000000000000000000000000
000000000000000000000000000000000000000000000000000000000000000000000000
000000000000000000000000000000000000000000000000000000000000000000000000
000000000000000000000000000000000000000000000000000000000000000000000000
000000000000000000000000000000000000000000000000000000000000000000000000
000000000000000000000000000000000000000000000000000000000000000000000000
000000000000000000000000000000000000000000000000000000000000000000000000
000000000000000000000000000000000000000000000000000000000000000000000000
000000000000000000000000000000000000000000000000000000000000000000000000
000000000000000000000000000000000000000000000000000000000000000000000000
000000000000000000000000000000000000000000000000000000000000000000000000
000000000000000000000000000000000000000000000000000000000000000000000000
000000000000000000000000000000000000000000000000000000000000000000000000
000000000000000000000000000000000000000000000000000000000000000000000000
000000000000000000000000000000000000000000000000000000000000000000000000
000000000000000000000000000000000000000000000000000000000000000000000000
000000000000000000000000000000000000000000000000000000000000000000000000
000000000000000000000000000000000000000000000000000000000000000000000000
000000000000000000000000000000000000000000000000000000000000000000000000
000000000000000000000000000000000000000000000000000000000000000000000000
000000000000000000000000000000000000000000000000000000000000000000000000
000000000000000000000000000000000000000000000000000000000000000000000000
000000000000000000000000000000000000000000000000000000000000000000000000
000000000000000000000000000000000000000000000000000000000000000000000000
000000000000000000000000000000000000000000000000000000000000000000000000
000000000000000000000000000000000000000000000000000000000000000000000000
000000000000000000000000000000000000000000000000000000000000000000000000
000000000000000000000000000000000000000000000000000000000000000000000000
000000000000000000000000000000000000000000000000000000000000000000000000
000000000000000000000000000000000000000000000000000000000000000000000000
000000000000000000000000000000000000000000000000000000000000000000000000
000000000000000000000000000000000000000000000000000000000000000000000000
000000000000000000000000000000000000000000000000000000000000000000000000
000000000000000000000000000000000000000000000000000000000000000000000000
000000000000000000000000000000000000000000000000000000000000000000000000
000000000000000000000000000000000000000000000000000000000000000000000000
000000000000000000000000000000000000000000000000000000000000000000000000
000000000000000000000000000000000000000000000000000000000000000000000000
000001111111110000000000111111111100000000000000111000000000000011100000
000000111111100000000011110000111111000000001111111000000001111111100000
000000001110000000001111000000001111100000011111111000000001111111100000
000000001110000000011110000000000111110000000011111000000000001111100000
000000001100000000011100000000000111111000000001111000000000000111100000
000000011100000000111100000000000011111000000001111000000000000111100000
000000011000000000111100000000000001111100000001111000000000000111100000
000000111000000001111000000000000001111100000001111000000000000111100000
000000110000000001111000000000000001111100000001111000000000000111100000
000000110000000001111000000000000001111100000001111000000000000111100000
000001100000000001111000000000000000111100000001111000000000000111100000
000001100000000011111000000000000000111100000001111000000000000111100000
000011100000000011111000000000000000111100000001111000000000000111100000
000011000000000001111000000000000000111100000001111000000000000111100000
000011000000000001111100000000000000111100000001111000000000000111100000
000110000000000001111100000000000000111100000001111000000000000111100000
100110000000000001111100000000000001111000000001111000000000001111100000
101100000000000001111100000000000001111000000001111100000000001111100000
111100000000000000111110000000000001110000000001111100000000011111100000
111100000000000000011111000000000011100000000001111110000000110111100000
111000000000000000011111100000000111000000000000111111111111100111100000
111000000000000000001111110000001110000000000000111111111111000111111100
110000000000000000000011111111111100000000000000001111111100000111111110
110000000000000000000000111111100000000000000000000000000000000000000000
100000000000000000000000000000000000000000000000000000000000000000000000
100000000000000000000000000000000000000000000000000000000000000000000000
000000000000000000000000000000000000000000000000000000000000000000000000
000000000000000000000000000000000000000000000000000000000000000000000000
000000000000000000000000000000000000000000000000000000000000000000000000
000000000000000000000000000000000000000000000000000000000000000000000000
000000000000000000000000000000000000000000000000000000000000000000000000
000000000000000000000000000000000000000000000000000000000000000000000000
000000000000000000000000000000000000000000000000000000000000000000000000
