000000000000000000000000000000000000000000000000000000000000000000000000
000000000000000000000000000000000000000000000000000000000000000000000000
000000000000000000000000000000000000000000000000000000000000000000000000
000000000000000000000000000000000000000000000000000000000000000000000000
000000000000000000000000000000000000000000000000000000000000000000000000
000000000000000000000000000000000000000000000000000000000000000000000000
000000000000000000000000000000000000000000000000000000000000000000000000
000000000000000000000000000000000000000000000000000000000000000000000000
000000000000000000000000000000000000000000000000000000000000000000000000
000000000000000000000000000000000000000000000000000000000000000000000000
000000000000000000000000000000000000000000000000000000000000000000000000
000000000000000000000000000000000000000000000000000000000000000000000000
000000000000000000000000000000000000000000000000000000000000000000000000
000000000000000000000000000000000000000000000000000000000000000000000000
000000000000000000000000000000000000000000000000000000000000000000000000
000000000000000000000000000000000000000000000000000000000000000000000000
000000000000000000000000000000000000000000000000000000000000000000000000
000000000000000000000000000000000000000000000000000000000000000000000000
000000000000000000000000000000000000000000000000000000000000000000000000
000000000000000000000000000000000000000000000000000000000000000000000000
000111110000000000111110000000000000000000111111000000000000000011000001
011111111100000011111111100000000000000111111111110000000000011111000111
111111111110000111111111110000000000011111111111111000000011111111001111
110001111111001110001111110000000000111000000011111000000011111111011100
000000011111111000000011111000000000110000000001111100000000011111110000
000000011111110000000011111000000000110000000000111100000000001111100000
000000001111100000000001111000000000100000000000111100000000001111000000
000000001111100000000001111000000000000000000000111100000000001111000000
000000001111100000000001111100000000000000000000111100000000001111000000
000000001111100000000001111100000000000000000011111110000000001111000000
000000001111100000000001111100000000000001111111111110000000001111000000
000000001111100000000001111100000000001111110000011110000000001111000000
000000001111100000000001111100000000011110000000011110000000001111000000
000000001111100000000001111100000000111100000000011110000000001111000000
000000001111100000000001111100000001111000000000011110000000001111000000
000000001111100000000001111100000011111000000000011110000000001111000000
000000001111100000000001111100000011110000000000011110000000001111000000
000000001111100000000001111100000011110000000000111110000000001111000000
000000001111100000000001111100000011111000000001111110000000001111000000
000000001111100000000001111100000011111000000011111110000000001111000000
000000001111100000000001111100000011111100001110111110000000001111000000
000000001111100000000001111100000001111111111000111110000000011111000000
100011111111111110000001111111110000111111110000111111110011111111111100
100001100000001100000000100000100000001111100000010000100011000000011100
000000000000000000000000000000000000000000000000000000000000000000000000
000000000000000000000000000000000000000000000000000000000000000000000000
000000000000000000000000000000000000000000000000000000000000000000000000
000000000000000000000000000000000000000000000000000000000000000000000000
000000000000000000000000000000000000000000000000000000000000000000000000
000000000000000000000000000000000000000000000000000000000000000000000000
000000000000000000000000000000000000000000000000000000000000000000000000
000000000000000000000000000000000000000000000000000000000000000000000000
000000000000000000000000000000000000000000000000000000000000000000000000
000000000000000000000000000000000000000000000000000000000000000000000000
000000000000000000000000000000000000000000000000000000000000000000000000
000000000000000000000000000000000000000000000000000000000000000000000000
000000000000000000000000000000000000000000000000000000000000000000000000
000000000000000000000000000000000000000000000000000000000000000000000000
000000000000000000000000000000000000000000000000000000000000000000000000
000000000000000000000000000000000000000000000000000000000000000000000000
000000000000000000000000000000000000000000000000000000000000000000000000
000000000000000000000000000000000000000000000000000000000000000000000000
000000000000000000000000000000000000000000000000000000000000000000000000
000000000000000000000000000000000000000000000000000000000000000000000000
000000000000000000000000000000000000000000000000000000000000000000000000
000000000000000000000000000000000000000000000000000000000000000000000000
000000000000000000000000000000000000000000000000000000000000000000000000
000000000000000000000000000000000000000000000000000000000000000000000000
000000000000000000000000000000000000000000000000000000000000000000000000
000000000000000000000000000000000000000000000000000000000000000000000000
000000000000000000000000000000000000000000000000000000000000000000000000
000100000000000000000000000000000000000000000000000000000000000000000000
111100000000000000000000000000000000000000000000000000000000000000000000
111100000000000000000000000000000000000000000000000000000000000000000000
111100000000000000000000000000000000000000000000000000000000000000000000
111000000000000000000000000000000000000000000000000000000000000000000000
110000000000001100000000000000000000000000000000000000000000000000000110
110000000000111100000000000000000000000000000000000000000000000000011110
100000000000111100000000000000000000000000000000000000000000000000011110
100000000000111100000000000000000000000000000000000000000000000000011110
000000000000111100000000000000000000000000000000000000000000000000011110
000000000000111100000000000000000000000000000000000000000000000000011110
000000000000111100000000000000000000000000000000000000000000000000011110
000000000000111100000000000000000000000000000000011111000000000000011110
000000000000111100000000000000000000000000000011111111111100000000011110
000000000001111111111110000000000000000000000111000000111100000000111111
000000000111111111111100000000000000000000001110000000011100000111111111
000000001111111111111100000000000000000000011100000000001100000111111111
000000000000111100000000000000000000000000011100000000000100000000011110
000000000000111100000000000000000000000000011100000000000100000000011110
000000000000111100000000000000000000000000011100000000000000000000011110
000000000000111100000000000000000000000000011110000000000000000000011110
000000000000111100000000000000000000000000011111110000000000000000011110
000000000000111100000000000000000000000000011111111111000000000000011110
000000000000111100000000000000000000000000001111111111111000000000011110
000000000000111100000000000000000000000000000011111111111110000000011110
000000000000111100000000000000000000000000000000111111111110000000011110
000000000000111100000000000000000000000000000000000011111111000000011110
000000000000111100000000000000000000000000000000000000011111000000011110
000000000000111100000000000000000000000000000000000000001111000000011110
000000000000111100000000000000000000000000010000000000001111000000011110
000000000000111100000000000000000000000000010000000000001111000000011110
000000000000111100000000000000000000000000010000000000001110000000011110
000000000000111110000100000000000000000000011000000000001110000000011111
000000000000111111111100000000000000000000011100000000011100000000011111
000000000000011111111000000000000000000000111111000001111000000000001111
000000000000001111110000000000000000000000011111111111100000000000000111
000000000000000000000000000000000000000000000001111000000000000000000000
000000000000000000000000000000000000000000000000000000000000000000000000
000000000000000000000000000000000000000000000000000000000000000000000000
000000000000000000000000000000000000000000000000000000000000000000000000
000000000000000000000000000000000000000000000000000000000000000000000000
000000000000000000000000000000000000000000000000000000000000000000000000
000000000000000000000000000000000000000000000000000000000000000000000000
000000000000000000000000000000000000000000000000000000000000000000000000
000000000000000000000000000000000000000000000000000000000000000000000000
000000000000000000000000000000000000000000000000000000000000000000000000
000000000000000000000000000000000000000000000000000000000000000000000000
000000000000000000000000000000000000000000000000000000000000000000000000
000000000000000000000000000000000000000000000000000000000000000000000000
000000000000000000000000000000000000000000000000000000000000000000000000
000000000000000000000000000000000000000000000000000000000000000000000000
000000000000000000000000000000000000000000000000000000000000000000000000
000000000000000000000000000000000000000000000000000000000000000000000000
000000000000000000000000000000000000000000000000000000000000000000000000
000000000000000000000000000000000000000000000000000000000000000000000000
000000000000000000000000000000000000000000000000000000000000000000000000
000000000000000000000000000000000000000000000000000000000000000000000000
000000000000000000000000000000000000000000000000000000000000000000000000
000000000000000000000000000000000000000000000000000000000000000000000000
000000000000000000000000000000000000000000000000000000000000000000000000
000000000000000000000000000000000000000000000000000000000000000000000000
000000000000000000000000000000000000000000000000000000000000000000000000
000000000000000000000000000000000000000000000000000000000000000000000000
000000000000001110000000000000000000000000000000000000000000000000000000
000000000111111110000000000000000000000000000000000000000000000000000000
000000000111111110000000000000000000000000000000000000000000000000000000
000000000000111110000000000000000000000000000000000000000000000000000000
000000000000011110000000000000000000000000000000000000000000000000000000
110000000000011110000000000000000000000000000000000000000000000000000000
110000000000011110000000000000000000000000000000000000000000000000000000
100000000000011110000000000000000000000000000000000000000000000000000000
100000000000011110000000000000000000000000000000000000000000000000000000
100000000000011110000000000000000000000000000000000000000000000000000000
100000000000011110000000000000000000000000000000000000000000000000000000
100000000000011110000000000000000000000000000000000000000000000000000000
100000000000011110000000100000000000000000000000000000000000000000000000
100000000000011110000111111110000000000000000011111111100000000000000000
111111110000011110001111111111100000000000001111000111110000000000000000
111111110000011110011111111111100000000000011100000001111000000000000000
111111100000011111110000001111110000000000111000000000111100000000000000
100000000000011111000000000111110000000001110000000000111110000000000000
100000000000011111000000000011111000000011110000000000011110000000000000
100000000000011110000000000011111000000111110000000000011110000000000000
100000000000011110000000000001111000000111100000000000011111000000000000
100000000000011110000000000001111000000111100000000000011111000000000000
100000000000011110000000000001111000000111110000000000011111000000000000
100000000000011110000000000001111000000111111111111111111110000000000000
100000000000011110000000000001111000000111110000000000000000000000000000
100000000000011110000000000001111000000111100000000000000000000000000000
100000000000011110000000000001111000000111100000000000000000000000000000
100000000000011110000000000001111000000111110000000000000000000000000000
100000000000011110000000000001111000000111110000000000000000000000000000
100000000000011110000000000001111000000111110000000000000000000000000000
100000000000011110000000000001111000000011111000000000000000000000000000
100000000000011110000000000001111000000011111000000000000000000000000000
110000000000011110000000000001111000000001111110000000000110000000000000
111111100000111110000000000001111000000001111111000000011100000000000000
111111000111111111110000000001111111000000011111111111111100000000000000
111110000111111111111000000001111111100000001111111111110000000000000000
000000000000000000000000000000000000000000000001111100000000000000000000
000000000000000000000000000000000000000000000000000000000000000000000000
000000000000000000000000000000000000000000000000000000000000000000000000
000000000000000000000000000000000000000000000000000000000000000000000000
000000000000000000000000000000000000000000000000000000000000000000000000
000000000000000000000000000000000000000000000000000000000000000000000000
000000000000000000000000000000000000000000000000000000000000000000000000
000000000000000000000000000000000000000000000000000000000000000000000000
000000000000000000000000000000000000000000000000000000000000000000000000
