000000000000000000000000000000000000000000000000000000001111100000000000
000000000000000000000000000000000000000000000000000000001111100000000000
000000000000000000000000000000000000000000000000000000001111100000000000
000000000000000000000000000000000000000000000000000000001111100000000000
000000000000000000000000000000000000000000000000000000001111100000000000
000000000000000000000000000000000000000000000000000000001111100000000000
000000000000000000000000000000000000000000000000000000001111100000000000
000000000000000000000000000000000000000000000000000000001111100000000000
000000000000000000000000000000000000000000000000000000001111100000000000
000000000000000000000000000000000000000000000000000000001111100000000000
111110000000001111111110000000000000011111111111000000001111100001111111
111100000000111111111111000000000001111000011111100000001111100011111111
110000000011110000111111100000000011100000000111000000001111101111111111
100000000011000000001111100000000011100000000011000000001111111100000011
100000000011000000000111110000000111000000000001000000001111110000000001
000000000010000000000011110000000111000000000001000000001111100000000000
000000000000000000000011110000000111100000000000000000001111100000000000
000000000000000000000011110000000111100000000000000000001111100000000000
000000000000000000000011110000000111111000000000000000001111100000000000
000000000000000001111111110000000011111111110000000000001111100000000000
000000000000011111110011110000000011111111111110000000001111100000000000
000000000001111100000011110000000000111111111111100000001111100000000000
000000000011110000000011110000000000001111111111110000001111100000000000
000000000111100000000011110000000000000001111111110000001111100000000000
000000001111100000000011110000000000000000000111110000001111100000000000
000000001111000000000011110000000000000000000011110000001111100000000000
000000001111000000000011110000000110000000000001110000001111100000000000
000000001111000000000011110000000110000000000001110000001111100000000000
000000001111000000001111110000000110000000000001110000001111100000000000
000000001111100000011011110000000110000000000011100000001111100000000000
000000001111111001110011110000000111000000000111000000001111100000000000
000000000111111111000011111110000111110000001110000001111111111100000000
000000000011111110000011111111000111111111111100000011111111111110000000
000000000000000000000000000000000000111111100000000000000000000000000000
000000000000000000000000000000000000000000000000000000000000000000000000
000000000000000000000000000000000000000000000000000000000000000000000000
000000000000000000000000000000000000000000000000000000000000000000000000
000000000000000000000000000000000000000000000000000000000000000000000000
000000000000000000000000000000000000000000000000000000000000000000000000
000000000000000000000000000000000000000000000000000000000000000000000000
000000000000000000000000000000000000000000000000000000000000000000000000
000000000000000000000000000000000000000000000000000000000000000000000000
000000000000000000000000000000000000000000000000000000000000000000000000
000000000000000000000000000000000000000000000000000000000000000000000000
000000000000000000000000000000000000000000000000000000000000000000000000
000000000000000000000000000000000000000000000000000000000000000000000000
000000000000000000000000000000000000000000000000000000000000000000000000
000000000000000000000000000000000000000000000000000000000000000000000000
000000000000000000000000000000000000000000000000000000000000000000000000
000000000000000000000000000000000000000000000000000000000000000000000000
000000000000000000000000000000000000000000000000000000000000000000000000
000000000000000000000000000000000000000000000000000000000000000000000000
000000000000000000000000000000000000000000000000000000000000000000000000
000000000000000000000000000000000000000000000000000000000000000000000000
000000000000000000000000000000000000000000000000000000000000000000000000
000000000000000000000000000000000000000000000000000000000000000000000000
000000000000000000000000000000000000000000000000000000000000000000000000
000000000000000000000000000000000000000000000000000000000000000000000000
000000000000000000000000000000000000000000000000000000000000000000000000
000000000000000000000000000000000000000000000000000000000000000000000000
000000000000000000000000000000000000000000000000000000000000000000000000
000000000000000000000000000000000000000000000000000000000000000000000000
000000000000000000000000000000000000000000000000000000000000001111111111
000000000000000000000000000000000000000000000000000000000000001111111111
000000000000000000000000000000000000000000000000000000000000001110000000
000000000000000000000000000000000000000000000000000000000000000100000000
000000000000000000000000000000000000000000000000000000000000000100000000
000000000000000000000000000000000000000000000000000000000000000100000000
000000000000000000000000000000000000000000000000000000000000000100000000
000000000000000000000000000000000000000000000000000000000000000100000000
000000000000000000000000000000000000000000000000000000000000000000000000
000000000000000000000000000000000000000000000000000000000000000000000000
000000000000000000000000000000000000000000000000000000000000000000000000
000000000000011100001111100000000000000000000000000000000000000000000000
000000000111111100011111100000000000000000000000000000000000000000000000
000000001111111100111111100000000000000000000000000000000000000000000000
100000000001111101111111100000000000000000000000000000000000000000000000
100000000001111111000011100000000000000000000000000000000000000000000000
100000000000111110000001100000000000000000000000000000000000000000000000
100000000000111100000000000000000000000000000000000000000000000000000000
110000000000111100000000000000000000000000000000000000000000000000000000
110000000000111100000000000000000000000000000000000000000000000000000000
110000000000111100000000000000000000000000000000000000000000000000000000
110000000000111100000000000000000000000000000000000000000000000000000000
110000000000111100000000000000000000000000000000000000000000000000000000
110000000000111100000000000000000000000000000000000000000000000000000000
110000000000111100000000000000000000000000000000000000000000000000000000
110000000000111100000000000000000000000000000000000000000000000000000000
110000000000111100000000000000000000000000000000000000000000000000000000
110000000000111100000000000000000000000000000000000000000000000000000000
110000000000111100000000000000000000000000000000000000000000000000000000
110000000000111100000000000111100000000000000000000000000000000000000000
110000000000111100000000001111100000000000000000000000000000000000000000
110000000001111100000000001111110000000000000000000000000000000000000000
110000000011111110000000001111100000000000000000000000000000000000000000
111110011111111111111000000111100000000000000000000000000000000000000111
000000000000000000000000000000000000000000000000000000000000000000000000
000000000000000000000000000000000000000000000000000000000000000000000000
000000000000000000000000000000000000000000000000000000000000000000000000
000000000000000000000000000000000000000000000000000000000000000000000000
000000000000000000000000000000000000000000000000000000000000000000000000
000000000000000000000000000000000000000000000000000000000000000000000000
000000000000000000000000000000000000000000000000000000000000000000000000
000000000000000000000000000000000000000000000000000000000000000000000000
000000000000000000000000000000000000000000000000000000000000000000000000
000000000000000000000000000000000000000000000000000000000000000000000000
000000000000000000000000000000000000000000000000000000000000000000000000
000000000000000000000000000000000000000000000000000000000000000000000000
000000000000000000000000000000000000000000000000000000000000000000000000
000000000000000000000000000000000000000000000000000000000000000000000000
000000000000000000000000000000000000000000000000000000000000000000000000
000000000000000000000000000000000000000000000000000000000000000000000000
000000000000000000000000000000000000000000000000000000000000000000000000
000000000000000000000000000000000000000000000000000000000000000000000000
000000000000000000000000000000000000000000000000000000000000000000000000
000000000000000000000000000000000000000000000000000000000000000000000000
000000000000000000000000000000000000000000000000000000000000000000000000
000000000000000000000000000000000000000000000000000000000000000000000000
000000000000000000000000000000000000000000000000000000000000000000000000
000000000000000000000000000000000000000000000000000000000000000000000000
000000000000000000000000000000000000000000000000000000000000000000000000
000000000000000000000000000000000000000000000000000000000000000000000000
000000000000000000000000000000000000000000000000000000000000000000000000
000000000000000000000000000000000000000000000000000000000000000000000000
000000000000000000000000000000000000000000000000000000000000000000000000
000000000000000000000000001110000000000000000000000000000000000000000000
000000000000000000000000011111000000000000000000000000000000000000000000
000000000000000000000000011111000000000000000000000000000000000000000000
000000000000000000000000011111000000000000000000000000000000000000000000
000000000000000000000000001111000000000000111000000000000000000000000000
000000000000000000000000000100000000000011111000000000000000000000000000
000000000000000000000000000000000000000011111000000000000000000000000000
000000000000000000000000000000000000000011110000000000000000000000000000
000000000000000000000000000000000000000011110000000000000000000000000000
000000000000000000000000000000000000000011110000000000000000000000000000
000000000000000000000000000000000000000011110000000000000000000000000000
000001000000000000000000000011000000000011110000000000000001111111100000
111111000000000000000000011111000000000011110000000000001111111111111000
111100000000000000000011111111000000001111111111111000011100000001111000
111000000000000000000000011111000000011111111111111000111000000000011000
111000000000000000000000001111000000000011110000000000111000000000011000
110000000000000000000000001111000000000011110000000001111000000000011000
110000000000000000000000001111000000000011110000000001111000000000001000
100000000000000000000000001111000000000011110000000001111000000000000000
100000000000000000000000001111000000000011110000000001111110000000000000
000000000000000000000000001111000000000011110000000000111111110000000000
000000000000000000000000001111000000000011110000000000111111111111000000
000000000000000000000000001111000000000011110000000000011111111111111000
000000000000000000000000001111000000000011110000000000000111111111111100
000000000000000000000000001111000000000011110000000000000000111111111100
000000000000000000000000001111000000000011110000000000000000000011111110
000000000000000000000000001111000000000011110000000000000000000000111110
000000000000000000000000001111000000000011110000000000100000000000011110
000000000000000000000000001111000000000011110000000001100000000000011110
000000000000000000000000001111000000000011110000000001100000000000011100
000000000000000000000000001111000000000011111000000001100000000000011100
000000000000000000000000001111000000000011111100110001110000000000111000
000000000000000000000000011111100000000001111111110001111000000001110000
000000000000000000000011111111111100000001111111100001111111111111100000
000000000000000000000000000000000000000000011111000000111111111110000000
000000000000000000000000000000000000000000000000000000000000000000000000
000000000000000000000000000000000000000000000000000000000000000000000000
000000000000000000000000000000000000000000000000000000000000000000000000
000000000000000000000000000000000000000000000000000000000000000000000000
000000000000000000000000000000000000000000000000000000000000000000000000
000000000000000000000000000000000000000000000000000000000000000000000000
000000000000000000000000000000000000000000000000000000000000000000000000
000000000000000000000000000000000000000000000000000000000000000000000000
000000000000000000000000000000000000000000000000000000000000000000000000
000000000000000000000000000000000000000000000000000000000000000000000000
000000000000000000000000000000000000000000000000000000000000000000000000
000000000000000000000000000000000000000000000000000000000000000000000000
000000000000000000000000000000000000000000000000000000000000000000000000
000000000000000000000000000000000000000000000000000000000000000000000000
000000000000000000000000000000000000000000000000000000000000000000000000
000000000000000000000000000000000000000000000000000000000000000000000000
000000000000000000000000000000000000000000000000000000000000000000000000
000000000000000000000000000000000000000000000000000000000000000000000000
000000000000000000000000000000000000000000000000000000000000000000000000
