000000000000000000000000000000000000000000000000000000000000000000000000
000000000000000000000000000000000000000000000000000000000000000000000000
000000000000000000000000000000000000000000000000000000000000000000000000
000000000000000000000000000000000000000000000000000000000000000000000000
000000000000000000000000000000000000000000000000000000000000000000000000
000000000000000000000000000000000000000000000000000000000000000000000000
000000000000000000000000000000000000000000000000000000000000000000000000
000000000000000000000000000000000000000000000000000000000000000000000000
000000000000000000000000000000000000000000000000000000000000000000000000
000000000000000000000000000000000000000000001111111111111111111111111111
000000000000000000000000000000000000000000001111111111111111111111111111
000000000000000000000000000000000000000000001110000000011111100000000111
000000000000000000000000000000000000000000001100000000001111100000000011
000000000000000000000000000000000000000000001100000000001111100000000011
000000000000000000000000000000000000000000001100000000001111100000000001
000000000000000000000000000000000000000000001100000000001111100000000001
000000000000000000000000000000000000000000001100000000001111100000000001
000000000000000000000000000000000000000000000000000000001111100000000000
000000000000000000000000000000000000000000000000000000001111100000000000
000000000000000000000000000000000000000000000000000000001111100000000000
000000000000000000000000000000000000000000000000000000001111100000000000
000000000000000000000000000000000000000000000000000000001111100000000000
000000000000000000000000000000000000000000000000000000001111100000000000
000000000000000000000000000000000000000000000000000000001111100000000000
100000000000000000000000000000000000000000000000000000001111100000000000
110000000000000000000000000000000000000000000000000000001111100000000000
110000000000000000000000000000000000000000000000000000001111100000000000
110000000000000000000000000000000000000000000000000000001111100000000000
111000000000000000000000000000000000000000000000000000001111100000000000
111000000000000000000000000000000000000000000000000000001111100000000000
111000000000000000000000000000000000000000000000000000001111100000000000
111000000000000000000000000000000000000000000000000000001111100000000000
110000000000000000000000000000000000000000000000000000001111100000000000
110000000000000000000000000000000000000000000000000000001111100000000000
110000000000000000000000000000000000000000000000000000001111100000000000
100000000000000000000000000000000000000000000000000000001111100000000000
100000000000000000000000000000000000000000000000000000001111100000000000
000000000000000000000000000000000000000000000000000000001111100000000000
000000000011100000000000000000000000000000000000000000001111100000000000
000000000111110000000000000000000000000000000000000000001111100000000000
000000001111110000000000000000000000000000000000000000001111100000000000
000000000111110000000000000000000000000000000000000000011111100000000000
000000000111110000000000000000000000000000000000000111111111111110000000
000000000011000000000000000000000000000000000000000110000000000110000000
000000000000000000000000000000000000000000000000000000000000000000000000
000000000000000000000000000000000000000000000000000000000000000000000000
000000000000000000000000000000000000000000000000000000000000000000000000
000000000000000000000000000000000000000000000000000000000000000000000000
000000000000000000000000000000000000000000000000000000000000000000000000
000000000000000000000000000000000000000000000000000000000000000000000000
000000000000000000000000000000000000000000000000000000000000000000000000
000000000000000000000000000000000000000000000000000000000000000000000000
000000000000000000000000000000000000000000000000000000000000000000000000
000000000000000000000000000000000000000000000000000000000000000000000000
000000000000000000000000000000000000000000000000000000000000000000000000
000000000000000000000000000000000000000000000000000000000000000000000000
000000000000000000000000000000000000000000000000000000000000000000000000
000000000000000000000000000000000000000000000000000000000000000000000000
000000000000000000000000000000000000000000000000000000000000000000000000
000000000000000000000000000000000000000000000000000000000000000000000000
000000000000000000000000000000000000000000000000000000000000000000000000
000000000000000000000000000000000000000000000000000000000000000000000000
000000000000000000000000000000000000000000000000000000000000000000000000
000000000000000000000000000000000000000000000000000000000000000000000000
000000000000000000000000000000000000000000000000000000000000000000000000
000000000000000000000000000000000000000000000000000000000000000000000000
000000000000000000000000000000000000000000000000000000000000000000000000
000000000000000000000000000000000000000000000000000000000000000000000000
000000000000000000000000000000000000000000000000000000000000000000000000
000000000000000000000000000000000000000000000000000000000000000000000000
000000000000000000000000000000000000000000000000000000000000000000000000
000000000000000000000000000000000000000000000000000000000000111100000000
000000000000000000000000000000000000000000000000000000001111111100000000
000000000000000000000000000000000000000000000000000000001111111100000000
000000000000000000000000000000000000000000000000000000000000111100000000
000000000000000000000000000000000000000000000000000000000000111100000000
000000000000000000000000000000000000000000000000000000000000111100000000
000000000000000000000000000000000000000000000000000000000000111100000000
000000000000000000000000000000000000000000000000000000000000111100000000
000000000000000000000000000000000000000000000000000000000000111100000000
000000000000000000000000000000000000000000000000000000000000111100000000
000000000000000000000000000000000000000000000000000000000000111100000000
000000000000000000000000000000000000000000000000000000000000111100000000
111000000000000000000000011110000000000000000000000000000000111100000000
111111000000000000000011111111100000000000000000000000000000111100000000
111111100000000000001110000011111000000000000000000000000000111100000000
011111110000000000111100000001111100000000000000000000000000111100000000
000111110000000001111000000000111100000000000000000000000000111100000000
000011111000000001110000000000111110000000000000000000000000111100000011
000011111000000011110000000000011110000000000000000000000000111100000111
000001111000000011110000000000011111000000000000000000000000111100001110
000001111000000111100000000000011111000000000000000000000000111100011100
000001111000000111100000000000011111000000000000000000000000111100111000
000001111000000111111111111111111111000000000000000000000000111111111000
000001111000000111111111111111111110000000000000000000000000111111111100
000001111000000111100000000000000000000000000000000000000000111101111110
000001111000000111100000000000000000000000000000000000000000111100111111
000001111000000111110000000000000000000000000000000000000000111100011111
000001111000000111110000000000000000000000000000000000000000111100001111
000001111000000111110000000000000000000000000000000000000000111100000111
000001111000000111110000000000000000000000000000000000000000111100000011
000001111000000011111000000000000000000000000000000000000000111100000001
000001111000000011111100000000000000000000000000000000000000111100000000
000001111000000001111110000000000110000000000000000000000000111100000000
000001111000000000111111100000011100000000000000000000000000111110000000
000001111111100000011111111111111000000000000000000000001111111111110000
000001111111100000000111111111100000000000000000000000001111111111110000
000000000000000000000000111100000000000000000000000000000000000000000000
000000000000000000000000000000000000000000000000000000000000000000000000
000000000000000000000000000000000000000000000000000000000000000000000000
000000000000000000000000000000000000000000000000000000000000000000000000
000000000000000000000000000000000000000000000000000000000000000000000000
000000000000000000000000000000000000000000000000000000000000000000000000
000000000000000000000000000000000000000000000000000000000000000000000000
000000000000000000000000000000000000000000000000000000000000000000000000
000000000000000000000000000000000000000000000000000000000000000000000000
000000000000000000000000000000000000000000000000000000000000000000000000
000000000000000000000000000000000000000000000000000000000000000000000000
000000000000000000000000000000000000000000000000000000000000000000000000
000000000000000000000000000000000000000000000000000000000000000000000000
000000000000000000000000000000000000000000000000000000000000000000000000
000000000000000000000000000000000000000000000000000000000000000000000000
000000000000000000000000000000000000000000000000000000000000000000000000
000000000000000000000000000000000000000000000000000000000000000000000000
000000000000000000000000000000000000000000000000000000000000000000000000
000000000000000000000000000000000000000000000000000000000000000000000000
000000000000000000000000000000000000000000000000000000000000000000000000
000000000000000000000000000000000000000000000000000000000000000000000000
000000000000000000000000000000000000000000000000000000000000000000000000
000000000000000000000000000000000000000000000000000000000000000000000000
000000000000000000000000000000000000000000000000000000000000000000000000
000000000000000000000000000000000000000000000000000000000000000000000000
000000000000000000000000000000000000000000000000000000000000000000000000
000000000000000000000000000000000000000000000000000000000000000000000000
000000000000000000000000000000000000000000000000000000000000000000000000
000000000000000000000000000000000000000000000000000000000000000000000000
000000000000000000000000000000000000000000000000000000000011110000000000
000000000000000000000000000000000000000000000000000000000111111000000000
000000000000000000000000000000000000000000000000000000000111111000000000
000000000000000000000000000000000000000000000000000000000011111000000000
000000000000000000000000000000000000000000000000000000000011110000000000
000000000000000000000000000000000000000000000000000000000000000000000000
000000000000000000000000000000000000000000000000000000000000000000000000
000000000000000000000000000000000000000000000000000000000000000000000000
000000000000000000000000000000000000000000000000000000000000000000000000
000000000000000000000000000000000000000000000000000000000000000000000000
000000000000000000000000000000001000000000000000000000000000000000000000
000000000000111111111111000000001000000000111111111100000001110000000000
000000000000011111111100000000011100000000001111110000011111110000001111
000000000000000111110000000000011100000000000111100000111111110000001111
000000000000000111110000000000111110000000000011000000000011110000000001
000000000000000011110000000000111110000000000111000000000011110000000000
000000000000000011110000000001111110000000000110000000000011110000000000
000000000000000011111000000001111111000000000110000000000011110000000000
000000000000000001111000000001101111000000001100000000000011110000000000
000000000000000001111000000011001111100000001100000000000011110000000000
000000000000000001111100000011000111100000001100000000000011110000000000
000000000000000000111100000110000111100000011000000000000011110000000000
000000000000000000111100000110000111110000011000000000000011110000000000
000000000000000000111110001100000011110000110000000000000011110000000000
000000000000000000011110001100000011111000110000000000000011110000000000
000000000000000000011110001100000001111000100000000000000011110000000000
000000000000000000011110011000000001111001100000000000000011110000000000
000000000000000000011111011000000001111101100000000000000011110000000000
000000000000000000001111110000000000111111000000000000000011110000000000
000000000000000000001111110000000000111111000000000000000011110000000000
000000000000000000001111100000000000011111000000000000000011110000000000
000000000000000000000111100000000000011110000000000000000011111000000000
000000000000000000000111100000000000011110000000000000111111111111001111
000000000000000000000111000000000000001110000000000000111111111111001111
000000000000000000000000000000000000000000000000000000000000000000000000
000000000000000000000000000000000000000000000000000000000000000000000000
000000000000000000000000000000000000000000000000000000000000000000000000
000000000000000000000000000000000000000000000000000000000000000000000000
000000000000000000000000000000000000000000000000000000000000000000000000
000000000000000000000000000000000000000000000000000000000000000000000000
000000000000000000000000000000000000000000000000000000000000000000000000
000000000000000000000000000000000000000000000000000000000000000000000000
000000000000000000000000000000000000000000000000000000000000000000000000
