111111110000001111111100111111111111000000000011100000000111000000000000
000111110000000001111101110000011111100000000111000000000011000000000000
000011110000000000111111000000001111100000000111000000000011000000000000
000011110000000000111110000000000111110000001111000000000001000000000000
000011110000000000111100000000000111110000001111000000000001000000000000
000011110000000000111100000000000011110000001111100000000000000000000000
000011110000000000111100000000000011110000000111110000000000000000000000
000011110000000000111100000000000011110000000111111111000000000000000000
000011110000000000111100000000000011110000000011111111111100000000000000
000011110000000000111100000000000011110000000001111111111111000000000000
000011110000000000111100000000000011110000000000011111111111100000000000
000011110000000000111100000000000011110000000000000011111111110000000000
000011110000000000111100000000000011110000000000000000001111110000000000
000011110000000000111100000000000011110000000000000000000011110000000000
000011110000000000111100000000000011110000000100000000000011110000000000
000011110000000000111100000000000011110000000100000000000011110000000000
000011110000000000111100000000000011110000000100000000000011100000001111
000011110000000000111100000000000011110000001100000000000011100000011111
000011111000000000111100000000000011110000001110000000000111000000011111
000111111100000001111110000000000011111000001111100000001110000000011111
111111111111101111111111110000000011111111001111111111111100000000001111
000000000000000000000000000000000000000000000011111111100000000000000000
000000000000000000000000000000000000000000000000000000000000000000000000
000000000000000000000000000000000000000000000000000000000000000000000000
000000000000000000000000000000000000000000000000000000000000000000000000
000000000000000000000000000000000000000000000000000000000000000000000000
000000000000000000000000000000000000000000000000000000000000000000000000
000000000000000000000000000000000000000000000000000000000000000000000000
000000000000000000000000000000000000000000000000000000000000000000000000
000000000000000000000000000000000000000000000000000000000000000000000000
000000000000000000000000000000000000000000000000000000000000000000000000
000000000000000000000000000000000000000000000000000000000000000000000000
000000000000000000000000000000000000000000000000000000000000000000000000
000000000000000000000000000000000000000000000000000000000000000000000000
000000000000000000000000000000000000000000000000000000000000000000000000
000000000000000000000000000000000000000000000000000000000000000000000000
000000000000000000000000000000000000000000000000000000000000000000000000
000000000000000000000000000000000000000000000000000000000000000000000000
000000000000000000000000000000000000000000000000000000000000000000000000
000000000000000000000000000000000000000000000000000000000000000000000000
000000000000000000000000000000000000000000000000000000000000000000000000
000000000000000000000000000000000000000000000000000000000000000000000000
000000000000000000000000000000000000000000000000000000000000000000000000
000000000000000000000000000000000000000000000000000000000000000000000000
000000000000000000000000000000000000000000000000000000000000000000000000
000000000000000000000000000000000000000000000000000000000000000000000000
000000000000000000000000000000000000000000000000000000000000000000000000
000000000000000000000000000000000000000000000000000000000000000000000000
000000000000000000000000000000000000000000000000000000000000000000000000
000000000000000000000000000000000000000000000000000000000000000000000000
000000000000000000000000000000000000000000000000000000000000000000000000
000000000000000000000000000000000000000000000000000000000000000000000000
000000000000000000000000000000000000000000000000000000000000000000000000
000000000000000000000000000000000000000000000000000000000000000000000000
000000000000000000000000000000000000000000000000000000000000000000000000
000000000000000000000000000000000000000000000000000000000000000000000000
000000000000000000000000000000000000000000000000000000000000000000000000
000000000000000000000000000000000000000000000000000000000000000000000000
000000000000000000000000000000000000000000000000000000000000000000000000
000000000000000000000000000000000000000000000000000000000000000000000000
000000000000000000000000000000000000000000000000000000000000000000000000
011000011111110000000000000000000000000000000000001111110000000000000001
111000111111111100000000000000000000000000000001111111111100000000011111
111001111111111110000000000000000000000000000011100000011110000011111111
111011100001111111000000000000000000000000001111000000001111000000011111
111110000000011111000000000000000000000000011110000000000111100000001111
111100000000011111000000000000000000000000011100000000000111100000001111
111000000000001111100000000000000000000000111100000000000111110000001111
111000000000001111100000000000000000000000111100000000000111110000001111
111000000000001111100000000000000000000001111100000000000111110000001111
111000000000001111100000000000000000000001111100000000000011110000001111
111000000000001111100000000000000000000001111111111111111111110000001111
111000000000001111100000000000000000000001111111111111111111000000001111
111000000000001111100000000000000000000001111100000000000000000000001111
111000000000001111100000000000000000000001111100000000000000000000001111
111000000000001111100000000000000000000001111100000000000000000000001111
111000000000001111100000000000000000000001111100000000000000000000001111
111000000000001111100000000000000000000000111100000000000000000000001111
111000000000001111100000000000000000000000111110000000000000000000001111
111000000000001111100000000000000000000000111110000000000000000000001111
111000000000001111100000000000000000000000011111000000000000000000001111
111000000000001111100000000000000000000000011111110000000001100000001111
111000000000001111100000000000000000000000001111111110001111000000001111
111111100000001111111110000000000000000000000011111111111110000011111111
000000000000000000000000000000000000000000000000111111111000000000000000
000000000000000000000000000000000000000000000000000000000000000000000000
000000000000000000000000000000000000000000000000000000000000000000000000
000000000000000000000000000000000000000000000000000000000000000000000000
000000000000000000000000000000000000000000000000000000000000000000000000
000000000000000000000000000000000000000000000000000000000000000000000000
000000000000000000000000000000000000000000000000000000000000000000000000
000000000000000000000000000000000000000000000000000000000000000000000000
000000000000000000000000000000000000000000000000000000000000000000000000
000000000000000000000000000000000000000000000000000000000000000000000000
000000000000000000000000000000000000000000000000000000000000000000000000
000000000000000000000000000000000000000000000000000000000000000000000000
000000000000000000000000000000000000000000000000000000000000000000000000
000000000000000000000000000000000000000000000000000000000000000000000000
000000000000000000000000000000000000000000000000000000000000000000000000
000000000000000000000000000000000000000000000000000000000000000000000000
000000000000000000000000000000000000000000000000000000000000000000000000
000000000000000000000000000000000000000000000000000000000000000000000000
000000000000000000000000000000000000000000000000000000000000000000000000
000000000000000000000000000000000000000000000000000000000000000000000000
000000000000000000000000000000000000000000000000000000000000000000000000
000000000000000000000000000000000000000000000000000000000000000000000000
000000000000000000000000000000000000000000000000000000000000000000000000
000000000000000000000000000000000000000000000000000000000000000000000000
000000000000000000000000000000000000000000000000000000000000000000000000
000000000000000000000000000000000000000000000000000000000000000000000000
000000000000000000000000000000000000000000000000000000000000000000000000
000000000000000000000000000000000000000000000000000000000000000000000000
000000000000000000000000000000000000000000000000000000000000000000000000
000000000000000000000000000000000000000000000000000000000000000000000000
000000000000000000000000000000000000000000000000000000000000000000000000
000000000000000000000000000000000000000000000000000000000000000000000000
000000000000000000000000000000000000000000000000000000000000000000000000
000000000000000000000000000000000000000000000000000000000000000000000000
000000000000000000000000000000000000000000000000000000000000000000000000
000000000000000000000000000000000000000000000000000000000000000000000000
000000000000000000000000000000000000000000000000000000000000000000000000
000000000000000000000000000000000000000000000000000000000000000000000000
000000000000000000000000000000000000000000000000000000000000000000000000
000000000000000000000000000000000000000000000000000000000000000000000000
111100000000000000000000000000000111110000000000000000000000000000000000
111111100000000000000000000000111111111100000000000000000000000000001111
000111100000000000000000000011111111111110000000000000000000000000011100
000011100000000000000000000111000000111111000000000000000000000000111000
000001100000000000000000000110000000001111000000000000000000000001110000
000001100000000000000000000110000000001111100000000000000000000011110000
000001100000000000000000000100000000000111100000000000000000000011100000
000000000000000000000000000000000000000111100000000000000000000111100000
000000000000000000000000000000000000000111100000000000000000000111100000
000000000000000000000000000000000000011111100000000000000000000111100000
111000000000000000000000000000001111111111100000000000000000000111110000
111111000000000000000000000001111110000111100000000000000000000011110000
111111110000000000000000000011110000000111100000000000000000000011111000
111111110000000000000000001111100000000111100000000000000000000001111100
011111111000000000000000001111000000000111100000000000000000000000111111
000011111000000000000000011110000000000111100000000000000000000000001111
000001111000000000000000011110000000000111100000000000000000000000001100
000001111000000000000000011110000000000111100000000000000000000000011000
000001111000000000000000011110000000001111100000000000000000000000111000
000001110000000000000000011111000000011111100000000000000000000001111000
000011100000000000000000011111100001110111100000000000000000000011111100
000111100000000000000000001111111111000111110000000000000000000001111111
011110000000000000000000001111111110000111111100000000000000000001111111
111000000000000000000000000011111000000111111100000000000000000000011111
000000000000000000000000000000000000000000000000000000000000000000111100
000000000000000000000000000000000000000000000000000000000000000001110000
000000000000000000000000000000000000000000000000000000000000000111100000
000000000000000000000000000000000000000000000000000000000000000111000000
000000000000000000000000000000000000000000000000000000000000001111000000
000000000000000000000000000000000000000000000000000000000000001111000000
000000000000000000000000000000000000000000000000000000000000001111000000
000000000000000000000000000000000000000000000000000000000000001111000000
000000000000000000000000000000000000000000000000000000000000000111000000
000000000000000000000000000000000000000000000000000000000000000111100000
000000000000000000000000000000000000000000000000000000000000000011110000
000000000000000000000000000000000000000000000000000000000000000001111100
000000000000000000000000000000000000000000000000000000000000000000011111
000000000000000000000000000000000000000000000000000000000000000000000011
000000000000000000000000000000000000000000000000000000000000000000000000
000000000000000000000000000000000000000000000000000000000000000000000000
000000000000000000000000000000000000000000000000000000000000000000000000
000000000000000000000000000000000000000000000000000000000000000000000000
000000000000000000000000000000000000000000000000000000000000000000000000
000000000000000000000000000000000000000000000000000000000000000000000000
000000000000000000000000000000000000000000000000000000000000000000000000
000000000000000000000000000000000000000000000000000000000000000000000000
000000000000000000000000000000000000000000000000000000000000000000000000
000000000000000000000000000000000000000000000000000000000000000000000000
000000000000000000000000000000000000000000000000000000000000000000000000
000000000000000000000000000000000000000000000000000000000000000000000000
000000000000000000000000000000000000000000000000000000000000000000000000
000000000000000000000000000000000000000000000000000000000000000000000000
000000000000000000000000000000000000000000000000000000000000000000000000
000000000000000000000110000000000000000000000000000000000000000000000000
000000000000000011111110000000000000000000000000000000000000000000000000
