000000000000000000000000000000000000000000000000000000000000000000000000
000000000000000000000000000000000000000000000000000000000000000000000000
000000000000000000000000000000000000000000000000000000000000000000000000
000000000000000000000000000000000000000000000000000000000000000000000000
000000000000000000000000000000000000000000000000000000000000000000000000
000000000000000000000000000000000000000000000000000000000000000000000000
000000000000000000000000000000000000000000000000000000000000000000000000
000000000000000000000000000000000000000000000000000000000000000000000000
000000000000000000000000000000000000000000000000000000000000000010000000
000000000000000000000000000000000000000000000000000000000000001111100000
000000000000000000000000000000000000000000000000000000000000001111100000
000000000000000000000000000000000000000000000000000000000000001111100000
000000000000000000000000000000000000000000000000011000000000001111100000
000000000000000000000000000000000000000000000011111000000000000111000000
000000000000000000000000000000000000000000000011111000000000000000000000
000000000000000000000000000000000000000000000011110000000000000000000000
000000000000000000000000000000000000000000000011110000000000000000000000
000000000000000000000000000000000000000000000011110000000000000000000000
000000000000000000000000000000000000000000000011110000000000000000000000
000000010000011110000000000011111000000000000011110000000000000001100000
000111110001111110000000011111111111000000000011110000000000001111100000
111111110011111110000000111000001111100000000111111111111001111111100000
111111110011111110000011110000000111110000011111111111111001111111100000
000111110110011110000111100000000011110000011111111000000000001111100000
000011111100000110001111000000000011111000000011110000000000000111100000
000011111000000000001111000000000001111000000011110000000000000111100000
000011110000000000011111000000000001111000000011110000000000000111100000
000011110000000000011110000000000001111100000011110000000000000111100000
000011110000000000011110000000000001111100000011110000000000000111100000
000011110000000000011111111111111111111100000011110000000000000111100000
000011110000000000011111111111111111111000000011110000000000000111100000
000011110000000000011110000000000000000000000011110000000000000111100000
000011110000000000011110000000000000000000000011110000000000000111100000
000011110000000000011110000000000000000000000011110000000000000111100000
000011110000000000011111000000000000000000000011110000000000000111100000
000011110000000000011111000000000000000000000011110000000000000111100000
000011110000000000011111000000000000000000000011110000000000000111100000
000011110000000000001111100000000000000000000011110000000000000111100000
000011110000000000001111110000000000000000000011111000000000000111100000
000011110000000000000111111000000000011000000011111000010000000111100000
000111110000000000000011111110000011110000000001111111110000001111100000
111111111111100000000001111111111111100000000001111111100001111111111110
111111111111100000000000011111111110000000000000111111000001111111111110
000000000000000000000000000001000000000000000000000000000000000000000000
000000000000000000000000000000000000000000000000000000000000000000000000
000000000000000000000000000000000000000000000000000000000000000000000000
000000000000000000000000000000000000000000000000000000000000000000000000
000000000000000000000000000000000000000000000000000000000000000000000000
000000000000000000000000000000000000000000000000000000000000000000000000
000000000000000000000000000000000000000000000000000000000000000000000000
000000000000000000000000000000000000000000000000000000000000000000000000
000000000000000000000000000000000000000000000000000000000000000000000000
000000000000000000000000000000000000000000000000000000000000000000000000
000000000000000000000000000000000000000000000000000000000000000000000000
000000000000000000000000000000000000000000000000000000000000000000000000
000000000000000000000000000000000000000000000000000000000000000000000000
000000000000000000000000000000000000000000000000000000000000000000000000
000000000000000000000000000000000000000000000000000000000000000000000000
000000000000000000000000000000000000000000000000000000000000000000000000
000000000000000000000000000000000000000000000000000000000000000000000000
000000000000000000000000000000000000000000000000000000000000000000000000
000000000000000000000000000000000000000000000000000000000000000000000000
000000000000000000000000000000000000000000000000000000000000000000000000
000000000000000000000000000000000000000000000000000000000000000000000000
000000000000000000000000000000000000000000000000000000000000000000000000
000000000000000000000000000000000000000000000000000000000000000000000000
000000000000000000000000000000000000000000000000000000000000000000000000
000000000000000000000000000000000000000000000000000000000000000000000000
000000000000000000000000000000000000000000000000000000000000000000000000
000000000000000000000000000000000000000000000000000000000000000000000000
000000000000000000000000000000000000000000000000000000000000000000000000
000000000000000000000000000100000000000000000000000000000000000000000000
000000000000000000000000001111000000000000000000000000000000000000000000
000000000000000000000000011111000000000000000000000000000000000000000000
000000000000000000000000011111000000000000000000000000000000000000000000
000000000000000000000000011111000000000000000000000000000000000000000000
000000000000000000000000001110000000000000000000000000000000000000000000
000000000000000000000000000000000000000000000000000000000000000000000000
000000000000000000000000000000000000000000000000000000000000000000000000
000000000000000000000000000000000000000000000000000000000000000000000000
000000000000000000000000000000000000000000000000000000000000000000000000
000000000000000000000000000000000000000000000000000000000000000000000000
000000011100000000000000000001000000000000000000001111000000000000000000
000011111111000000000000001111000000000011110000111111110000000000000000
000111111111110000000011111111000000111111110011111111111000000000000000
001111001111110000000011111111000000111111110111100111111100000000000001
011000000011111000000000011111000000000111111100000001111110000000000111
110000000011111000000000001111000000000111111000000000111110000000001111
100000000001111100000000001111000000000111110000000000011110000000011110
100000000001111100000000001111000000000111110000000000011111000000011110
100000000001111100000000001111000000000111110000000000011111000000011100
100000000001111100000000001111000000000111110000000000011111000000111100
100000000001111100000000001111000000000111110000000000011111000000111100
100000000001111100000000001111000000000111110000000000011111000000111100
100000000001111100000000001111000000000111110000000000011111000000111100
100000000001111100000000001111000000000111110000000000011111000000111100
100000000001111100000000001111000000000111110000000000011111000000111110
100000000001111100000000001111000000000111110000000000011111000000111110
100000000001111100000000001111000000000111110000000000011111000000111110
100000000001111100000000001111000000000111110000000000011111000000111111
100000000001111100000000001111000000000111110000000000011111000000011111
100000000001111100000000001111000000000111110000000000011111000000011111
100000000001111100000000001111000000000111110000000000011111000000001111
100000000001111100000000011111000000000111110000000000011111000000000111
111110000001111111110011111111111100111111111110000000011111111000000011
111110000000111111110011111111111101111111111111000000001111111000000000
000000000000000000000000000000000000000000000000000000000000000000000000
000000000000000000000000000000000000000000000000000000000000000000000000
000000000000000000000000000000000000000000000000000000000000000000000000
000000000000000000000000000000000000000000000000000000000000000000000000
000000000000000000000000000000000000000000000000000000000000000000000000
000000000000000000000000000000000000000000000000000000000000000000000000
000000000000000000000000000000000000000000000000000000000000000000000000
000000000000000000000000000000000000000000000000000000000000000000000000
000000000000000000000000000000000000000000000000000000000000000000000000
000000000000000000000000000000000000000000000000000000000000000000000000
000000000000000000000000000000000000000000000000000000000000000000000000
000000000000000000000000000000000000000000000000000000000000000000000000
000000000000000000000000000000000000000000000000000000000000000000000000
000000000000000000000000000000000000000000000000000000000000000000000000
000000000000000000000000000000000000000000000000000000000000000000000000
000000000000000000000000000000000000000000000000000000000000000000000000
000000000000000000000000000000000000000000000000000000000000000000000000
000000000000000000000000000000000000000000000000000000000000000000000000
000000000000000000000000000000000000000000000000000000000000000000000000
000000000000000000000000000000000000000000000000000000000000000000000000
000000000000000000000000000000000000000000000000000000000000000000000000
000000000000000000000000000000000000000000000000000000000000000000000000
000000000000000000000000000000000000000000000000000000000000000000000000
000000000000000000000000000000000000000000000000000000000000000000000000
000000000000000000000000000000000000000000000000000000000000000000000000
000000000000000000000000000000000000000000000000000000000000000000000000
000000000000000000000000000000000000000000000000000000000000000000000000
000000000000000000000000000000000000000000000000000000000000000000000000
000000000000000000000000000000000000000000000000000000000000000000000000
000000000000000000000000000000000000000000000000000000000000000000000000
000000000000000000000000000000000000000000000000000000000000000000000000
000000000000000000000000000000000000000000000000000000000000000000000000
000000000000000000000000000000000000000000000000000000000000000000000000
000000000000000000000000000000000000000000000000000000000000000000000000
000000000000000000000000000000000000000000000000000000000000000000000000
000000000000000000000000000000000000000000000000000000000000000000000000
000000000000000000000000000000000000000000000000000000000000000000000000
000000000000000000000000000000000000000000000000000000000000000000000000
000000000000000000000000000000000000000000000000000000000000000000000000
000000000000000000000000000000000000000000000000000000000000000000000000
111110000000000111100001111111100000000000000000011111111000000000000011
011111000001111111100011111111111000000000000001110000111110000001111111
000111000011111111100111111111111100000000000111000000001111000001111111
000011000000001111101100000001111110000000001110000000001111100000001111
000001000000001111111000000000111111000000011110000000000111100000000111
000001000000001111110000000000011111100000011100000000000111100000000111
000000000000001111100000000000001111100000111100000000000111110000000111
000000000000001111100000000000001111100000111100000000000011110000000111
000000000000001111100000000000000111100001111100000000000011110000000111
100000000000001111100000000000000111100001111100000000000111110000000111
111100000000001111100000000000000111100001111111111111111111110000000111
111111000000001111100000000000000111100001111100000000000000000000000111
111111100000001111100000000000000111100001111100000000000000000000000111
111111110000001111100000000000000111100001111100000000000000000000000111
000111110000001111100000000000000111000001111100000000000000000000000111
000011110000001111100000000000001111000001111100000000000000000000000111
000011110000001111100000000000001110000000111110000000000000000000000111
000001110000001111100000000000011110000000111110000000000000000000000111
000011110000001111100000000000111100000000111111000000000000000000000111
000011100000001111110000000000110000000000011111100000000000100000000111
000111000000001111111100000011100000000000001111111000000011100000000111
011110000000001111111111111110000000000000000111111111111111000000111111
111100000000001111111111111100000000000000000001111111111100000001111111
000000000000001111100000000000000000000000000000011111100000000000000000
000000000000001111100000000000000000000000000000000000000000000000000000
000000000000001111100000000000000000000000000000000000000000000000000000
000000000000001111100000000000000000000000000000000000000000000000000000
000000000000001111100000000000000000000000000000000000000000000000000000
000000000000001111100000000000000000000000000000000000000000000000000000
000000000000001111100000000000000000000000000000000000000000000000000000
000000000000001111100000000000000000000000000000000000000000000000000000
000000000000001111100000000000000000000000000000000000000000000000000000
000000000000001111100000000000000000000000000000000000000000000000000000
