011111111000000000000000000000000000000000000000000000000000000000000000
000011111000000000000000000000000000000000000000000000000000000000000000
000001111000000000000000000000000000000000000000000000000000000000000000
000001111000000000000000000000000000000000000000000000000000000000000000
000001111000000000000000000000000000000000000000000000000000000000000000
000001111000000000000000000000000000000000000000000000000000000000000000
000001111000000000000000000000000000000000000000000000000000000000000000
000001111000000000000000000000000000000000000000000000000000000000000000
000001111000000000000000000000000000000000000000000000000000000000000000
000001111000000000000000000000000000000000000000000000000000000000000000
000001111000000011000000000000000000000000100000000000000000000000000000
000001111000011111111000000000000000001111111110000000111111111110000001
000001111000111111111110000000000000111100011111000000011111111000000000
000001111001111111111110000000000001110000000111100000001111110000000000
000001111111000000111111000000000111100000000011110000000111110000000000
000001111100000000011111000000000111000000000011111000000111110000000000
000001111000000000001111100000001111000000000001111000000011110000000000
000001111000000000001111100000011111000000000001111000000011111000000000
000001111000000000000111100000011110000000000001111000000001111000000000
000001111000000000000111100000011110000000000001111100000001111100000000
000001111000000000000111100000011111100000000001111100000000111100000000
000001111000000000000111100000011111111111111111111000000000111100000001
000001111000000000000111100000011110000000000000000000000000111110000001
000001111000000000000111100000011110000000000000000000000000011110000011
000001111000000000000111100000011110000000000000000000000000011111000011
000001111000000000000111100000011111000000000000000000000000001111000011
000001111000000000000111100000011111000000000000000000000000001111000110
000001111000000000000111100000011111000000000000000000000000001111100110
000001111000000000000111100000001111100000000000000000000000000111101100
000001111000000000000111100000001111100000000000000000000000000111111100
000001111000000000000111100000000111111000000000011000000000000011111000
000011111000000000000111100000000111111100000001110000000000000011111000
011111111111100000000111111100000001111111111111100000000000000011111000
011111111111100000000111111110000000111111111110000000000000000001110000
000000000000000000000000000000000000000111110000000000000000000001110000
000000000000000000000000000000000000000000000000000000000000000001100000
000000000000000000000000000000000000000000000000000000000000000001100000
000000000000000000000000000000000000000000000000000000000000000011000000
000000000000000000000000000000000000000000000000000000000000000011000000
000000000000000000000000000000000000000000000000000000000000000010000000
000000000000000000000000000000000000000000000000000000000000000110000000
000000000000000000000000000000000000000000000000000000000000000110000000
000000000000000000000000000000000000000000000000000000000000001100000000
000000000000000000000000000000000000000000000000000000000000011100000000
000000000000000000000000000000000000000000000000000000011101111000000000
000000000000000000000000000000000000000000000000000000011111110000000000
000000000000000000000000000000000000000000000000000000011111100000000000
000000000000000000000000000000000000000000000000000000011110000000000000
000000000000000000000000000000000000000000000000000000000000000000000000
000000000000000000000000000000000000000000000000000000000000000000000000
000000000000000000000000000000000000000000000000000000000000000000000000
000000000000000000000000000000000000000000000000000000000000000000000000
000000000000000000000000000000000000000000000000000000000000000000000000
000000000000000000000000000000000000000000000000000000000000000000000000
000000000000000000000000000000000000000000000000000000000000000000000000
000000000000000000000000000000000000000000000000000000000000000000000000
000000000000000000000000000000000000000000000000000000000000000000000000
000000000000000000000000000000000000000000000000000000000000000000000000
000000000000000000000000000000000000000000000000000000000000000000000000
000000000000000000000000000000000000000000000000000000000000000000000000
000000000000000000000000000000000000000000000000000000000000000000000000
000000000000000000000000000000000000000000000000000000000000000000000000
000000000000000000000000000000000000000000000000000000000000000000000000
000000000000000000000000000000000000000000000000000000000000000000000000
000000000000000000000000000000000000000000000000000000000000000000000000
000000000000000000000000000000000000000000000000000000000000000000000000
000000000000000000000000000000000000000000000000000000000000000000000000
000000000000000000000000000000000000000000000000000000000000000000000000
000000000000000000000000000000000000000000000000000000000000000000000000
000000000000000000000000000000000000000000000000000000000000000000000000
000000000000000000000000000000000000000000000000000000000000000000000000
000000000000000000000000000000000000000000000000000000000000000000000000
000000000000000000000000000000000000000000000000000000000000000000000000
000000000000000000000000000000000000000000000000000000000000000000000000
000000000000000000000000111000001111111100000000000000001111111110000000
000000000000000000001111111000011111111111000000000000111111111111000000
000000000000000000011111111001111111111111100000000001110000111111100000
000000000000000000000011111011100000011111110000000011100000001111110000
000000000000000000000001111110000000000111111000000011000000000111110000
000000000000000000000001111100000000000011111000000011000000000011110000
000000000000000000000001111100000000000001111100000000000000000011110000
000000000000000000000001111000000000000001111100000000000000000011110000
000000000000000000000001111000000000000001111100000000000000000011110000
100000000000000000000001111000000000000000111100000000000000111111110000
100000000000000000000001111000000000000000111100000000001111111011110000
100000000000000000000001111000000000000000111100000001111110000011110000
100000000000000000000001111000000000000000111000000011110000000011110000
000000000000000000000001111000000000000000111000000111100000000011110000
000000000000000000000001111000000000000001111000000111100000000011110000
000000000000000000000001111000000000000001110000001111000000000011110000
000000000000000000000001111000000000000001110000001111000000000011110000
000000000000000000000001111000000000000011100000001111000000000011110000
000000000000000000000001111100000000000111000000001111100000000111110000
000000000000000000000001111110000000001110000000001111100000011111111000
000000000000000000000001111111100000011100000000000111111001110011111000
000000000000000000000001111111111111110000000000000111111111100011111100
000000000000000000000001111111111111000000000000000011111110000011111111
000000000000000000000001111000011100000000000000000000011000000000000000
000000000000000000000001111000000000000000000000000000000000000000000000
000000000000000000000001111000000000000000000000000000000000000000000000
000000000000000000000001111000000000000000000000000000000000000000000000
000000000000000000000001111000000000000000000000000000000000000000000000
000000000000000000000001111000000000000000000000000000000000000000000000
000000000000000000000001111000000000000000000000000000000000000000000000
000000000000000000000001111000000000000000000000000000000000000000000000
000000000000000000000001111000000000000000000000000000000000000000000000
000000000000000000000001111000000000000000000000000000000000000000000000
000000000000000000000001111000000000000000000000000000000000000000000000
000000000000000000000001111000000000000000000000000000000000000000000000
000000000000000000011111111111100000000000000000000000000000000000000000
000000000000000000011111111111100000000000000000000000000000000000000000
000000000000000000000000000000000000000000000000000000000000000000000000
000000000000000000000000000000000000000000000000000000000000000000000000
000000000000000000000000000000000000000000000000000000000000000000000000
000000000000000000000000000000000000000000000000000000000000000000000000
000000000000000000000000000000000000000000000000000000000000000000000000
000000000000000000000000000000000000000000000000000000000000000000000000
000000000000000000000000000000000000000000000000000000000000000000000000
000000000000000000000000000000000000000000000000000000000000000000000000
000000000000000000000000000000000000000000000000000000000000000000000000
000000000000000000000000000000000000000000000000000000000000000000000000
000000000000000000000000000000000000000000000000000000000000000000000000
000000000000000000000000000000000000000000000000000000000000000000000000
000000000000000000000000000000000000000000000000000000000000000000000000
000000000000000000000000000000000000000000000000000000000000000000000000
000000000000000000000000000000000000000000000000000000000000000000000000
000000000000000000000011111111110000000000000000001111111111110000000000
000000000000000000000000011111110000000000000000000001111110000000000000
000000000000000000000000000111111000000000000000000000011100000000000000
000000000000000000000000000111111100000000000000000000011000000000000000
000000000000000000000000000111111110000000000000000000011000000000000000
000000000000000000000000000111111111000000000000000000011000000000000000
000000000000000000000000000110111111000000000000000000011000000000000000
000000000000000000000000000110011111100000000000000000011000000000000000
000000000000000000000000000110001111110000000000000000011000000000000000
000000000000000000000000000110000111111000000000000000011000000000000000
000000000000000000000000000110000011111100000000000000011000000000000000
000000000000000000000000000110000011111110000000000000011000000000000000
000000000000000000000000000110000001111110000000000000011000000000000011
000000000000000000000000000110000000111111000000000000011000000000000111
000000000000000000000000000110000000011111100000000000011000000000011110
000000000000000000000000000110000000001111110000000000011000000000111100
000000000000000000000000000110000000001111111000000000011000000000111100
000000000000000000000000000110000000000111111000000000011000000001111000
000000000000000000000000000110000000000011111100000000011000000001111000
000000000000000000000000000110000000000001111110000000011000000001111000
000000000000000000000000000110000000000000111111000000011000000011111000
000000000000000000000000000110000000000000111111100000011000000011111111
000000000000000000000000000110000000000000011111100000011000000011111111
000000000000000000000000000110000000000000001111110000011000000011111000
000000000000000000000000000110000000000000000111111000011000000011111000
000000000000000000000000000110000000000000000011111100011000000011111000
000000000000000000000000000110000000000000000001111110011000000011111000
000000000000000000000000000110000000000000000001111110011000000001111100
000000000000000000000000000110000000000000000000111111011000000001111100
000000000000000000000000000110000000000000000000011111111000000001111110
000000000000000000000000000110000000000000000000001111111000000000111111
000000000000000000000000000111000000000000000000000111111000000000011111
000000000000000000000000001111100000000000000000000111111000000000001111
000000000000000000000011111111111100000000000000000011111000000000000111
000000000000000000000000000000000000000000000000000001111000000000000001
000000000000000000000000000000000000000000000000000000000000000000000000
000000000000000000000000000000000000000000000000000000000000000000000000
000000000000000000000000000000000000000000000000000000000000000000000000
000000000000000000000000000000000000000000000000000000000000000000000000
000000000000000000000000000000000000000000000000000000000000000000000000
000000000000000000000000000000000000000000000000000000000000000000000000
000000000000000000000000000000000000000000000000000000000000000000000000
000000000000000000000000000000000000000000000000000000000000000000000000
000000000000000000000000000000000000000000000000000000000000000000000000
000000000000000000000000000000000000000000000000000000000000000000000000
000000000000000000000000000000000000000000000000000000000000000000000000
000000000000000000000000000000000000000000000000000000000000000000000000
000000000000000000000000000000000000000000000000000000000000000000000000
000000000000000000000000000000000000000000000000000000000000000000000000
000000000000000000000000000000000000000000000000000000000000000000000000
000000000000000000000000000000000000000000000000000000000000000000000000
000000000000000000000000000000000000000000000000000000000000000000000000
000000000000000000000000000000000000000000000000000000000000000000000000
