111111111100011111111111100000001111111110000000011111111110000000111111
000000000000000000000000000000000000000000000000000011110000000000000000
000000000000000000000000000000000000000000000000000000000000000000000000
000000000000000000000000000000000000000000000000000000000000000000000000
000000000000000000000000000000000000000000000000000000000000000000000000
000000000000000000000000000000000000000000000000000000000000000000000000
000000000000000000000000000000000000000000000000000000000000000000000000
000000000000000000000000000000000000000000000000000000000000000000000000
000000000000000000000000000000000000000000000000000000000000000000000000
000000000000000000000000000000000000000000000000000000000000000000000000
000000000000000000000000000000000000000000000000000000000000000000000000
000000000000000000000000000000000000000000000000000000000000000000000000
000000000000000000000000000000000000000000000000000000000000000000000000
000000000000000000000000000000000000000000000000000000000000000000000000
000000000000000000000000000000000000000000000000000000000000000000000000
000000000000000000000000000000000000000000000000000000000000000000000000
000000000000000000000000000000000000000000000000000000000000000000000000
000000000000000000000000000000000000000000000000000000000000000000000000
000000000000000000000000000000000000000000000000000000000000000000000000
000000000000000000000000000000000000000000000000000000000000000000000000
000000000000000000000000000000000000000000000000000000000000000000000000
000000000000000000000000000000000000000000000000000000000000000000000000
000000000000000000000000000000000000000000000000000000000000000000000000
000000000000000000000000000000000000000000000000000000000000000000000000
000000000000000000000000000000000000000000000000000000000000000000000000
000000000000000000000000000000000000000000000000000000000000000000000000
000000000000000000000000000000000000000000000000000000000000000000000000
000000000000000000000000000000000000000000000000000000000000000000000000
000000000000000000000000000000000000000000000000000000000000000000000000
000000000000000000000000000000000000000000000000000000000000000000000000
000000000000000000000000000000000000000000000000000000000000000000000000
000000000000000000000000000000000000000000000000000000000000000000000000
000000000000000000000000000000000000000000000000000000000000000000000000
000000000000000000000000000000000000000000000000000000000000000000000000
000000000000000000000000000000000000000000000000000000000000000000000000
000000000000000000000000000000000000000000000000000000000000000000000000
000000000000000000000000000000000000000000000000000000000000000000000000
000000000000000000000000000000000000000000000000000000000000000000000000
000000000000000000000000000000000000000000000000000000000000000000000000
000000000000000000000000000000000000000000000000000000000000000000000000
000000000000000000000000000000000000000000000000000000000000000000000000
000000011111100000000000111111110000000111111111111000001111111111000000
000000111111000000000011100001111100000011111111110000000111111110000000
000001111000000000001111000000011110000000111110000000000000111000000000
000011110000000000011110000000011111000000011110000000000000110000000000
000111000000000000111100000000001111000000011111000000000001110000000000
001110000000000000111000000000001111100000011111000000000001100000000000
011100000000000001111000000000001111100000001111000000000011100000000000
111000000000000001111000000000000111100000001111100000000011000000000000
100000000000000001111000000000000111100000000111100000000011000000000000
100000000000000011111100000000001111100000000111110000000110000000000000
110000000000000011111111111111111111100000000011110000000110000000000000
111000000000000011111000000000000000000000000011110000001110000000000000
111100000000000011111000000000000000000000000011111000001100000000000000
111110000000000011111000000000000000000000000001111000001100000000000000
111111000000000011111000000000000000000000000001111100011000000000000000
011111100000000001111000000000000000000000000000111100011000000000000000
001111110000000001111100000000000000000000000000111100110000000000000000
000111111000000001111100000000000000000000000000111110110000000000110000
000001111100000000111110000000000000000000000000011111110000000001111000
000000111110000000111111000000000001000000000000011111100000000011111100
000000011111100000011111110000000111000000000000001111100000000011111100
000000001111111000001111111111111110000000000000001111000000000001111100
100000000111100000000011111111111000000000000000001111000000000001111000
000000000000000000000000111111000000000000000000000110000000000000000000
000000000000000000000000000000000000000000000000000110000000000000000000
000000000000000000000000000000000000000000000000000100000000000000000000
000000000000000000000000000000000000000000000000001100000000000000000000
000000000000000000000000000000000000000000000000001100000000000000000000
000000000000000000000000000000000000000000000000011000000000000000000000
000000000000000000000000000000000000000000000000011000000000000000000000
000000000000000000000000000000000000000000000000110000000000000000000000
000000000000000000000000000000000000000000000000110000000000000000000000
000000000000000000000000000000000000000000000001100000000000000000000000
000000000000000000000000000000000000000001110111100000000000000000000000
000000000000000000000000000000000000000001111111000000000000000000000000
000000000000000000000000000000000000000011111110000000000000000000000000
000000000000000000000000000000000000000001111000000000000000000000000000
000000000000000000000000000000000000000000000000000000000000000000000000
000000000000000000000000000000000000000000000000000000000000000000000000
000000000000000000000000000000000000000000000000000000000000000000000000
000000000000000000000000000000000000000000000000000000000000000000000000
000000000000000000000000000000000000000000000000000000000000000000000000
000000000000000000000000000000000000000000000000000000000000000000000000
000000000000000000000000000000000000000000000000000000000000000000000000
000000000000000000000000000000000000000000000000000000000000000000000000
000000000000000000000000000000000000000000000000000000000000000000000000
000000000000000000000000000000000000000000000000000000000000000000000000
000000000000000000000000000000000000000000000000000000000000000000000000
000000000000000000000000000000000000000000000000000000000000000000000000
000000000000000000000000000000000000000000000000000000000000000000000000
000000000000000000000000000000000000000000000000000000000000000000000000
000000000000000000000000000000000000000000000000000000000000000000000000
000000000000000000000000000000000000000000001110000000000000000000000000
000000000000000000000000000000000000000000011111000000000000000000000000
000000000000000000000000000000000000000000011111000000000000000000000000
000000000000000000000000000000000000000000011111000000000000000000000000
000000000000000000000000000000000000000000001110000000000000000000000000
000000000000000000000000000000000000000000000000000000000000000000000000
000000000000000000000000000000000000000000000000000000000000000000000000
000000000000000000000000000000000000000000000000000000000000000000000000
000000000000000000000000000000000000000000000000000000000000000000000000
000000000000000000000000000000000000000000000000000000000000000000000000
000000000000000000000000000000000000000000000000000000000000000000000000
000000000001111111111000000000000000000000000111000000000001111111111000
100000000011100011111100000000000000000001111111000000000011110001111100
100000001110000000011100000000000000000011111111000000001110000000011100
100000001110000000001100000000000000000000011111000000001110000000001100
100000011100000000000100000000000000000000011111000000011100000000000100
100000011100000000000100000000000000000000001111000000011100000000000100
100000011100000000000100000000000000000000001111000000011100000000000100
000000011110000000000000000000000000000000001111000000011110000000000000
000000011111100000000000000000000000000000001111000000011111100000000000
000000011111111110000000000000000000000000001111000000011111111110000000
000000001111111111110000000000000000000000001111000000001111111111110000
100000000111111111111100000000000000000000001111000000000111111111111100
110000000001111111111110000000000000000000001111000000000001111111111110
111000000000000111111111000000000000000000001111000000000000000111111111
111000000000000000111111000000000000000000001111000000000000000000111111
111000000000000000001111000000000000000000001111000000000000000000001111
111000010000000000001111000000000000000000001111000000010000000000001111
111000010000000000000111000000000000000000001111000000010000000000000111
111000010000000000000111000000000000000000001111000000010000000000000111
110000011000000000001110000000000000000000001111000000011000000000001110
100000011100000000011100000000000000000000011111000000011100000000011110
000000011110000000111000000000000000000000111111100000011110000000111000
000000111111111111110000000000000000000111111111111100111111111111110000
000000000111111110000000000000000000000000000000000000000111111110000000
000000000000000000000000000000000000000000000000000000000000000000000000
000000000000000000000000000000000000000000000000000000000000000000000000
000000000000000000000000000000000000000000000000000000000000000000000000
000000000000000000000000000000000000000000000000000000000000000000000000
000000000000000000000000000000000000000000000000000000000000000000000000
000000000000000000000000000000000000000000000000000000000000000000000000
000000000000000000000000000000000000000000000000000000000000000000000000
000000000000000000000000000000000000000000000000000000000000000000000000
000000000000000000000000000000000000000000000000000000000000000000000000
000000000000000000000000000000000000000000000000000000000000000000000000
000000000000000000000000000000000000000000000000000000000000000000000000
000000000000000000000000000000000000000000000000000000000000000000000000
000000000000000000000000000000000000000000000000000000000000000000000000
000000000000000000000000000000000000000000000000000000000000000000000000
000000000000000000000000000000000000000000000000000000000000000000000000
000000000000000000000000000000000000000000000000000000000000000000000000
000000000000000000000000000000000000000000000000000000000000000000000000
000000000000000000000000000000000000000000000000000000000000000000000000
000000000000000000000000000000000000000000000000000000000000000000000000
000000000000000000000000000000000000000000000000000000000000000000000000
000000000000000000000000000000000000000000000000000000000000000000000000
000000000000000000000000000000000000000000000000000000000000000000000000
000000000000000000000000000000000000000000000000000000000000000000000000
000000000000000000000000000000000000000000000000000000000000000000000000
000000000000000000000000000000000000000000000000000000000000000000000000
000000000000000000000000000000000000000000000000000000000000000000000000
000000000000000000000000000000000000000000000000000000000000000000000000
000000000000000000000000000000000000000000000000000000000000000000000000
000000000000000000000000000000000000000000000000000000000000000000000000
000000000000000000000000000000000000000000000000000000011000000000000000
000000000000000000000000000000000000000000000000000011111000000000000000
000000000000000000000000000000000000000000000000000111110000000000000000
000000000000000000000000000000000000000000000000000111110000000000000000
000000000000000000000000000000000000000000000000000111100000000000000000
000000000000000000000000000000000000000000000000000111100000000000000000
000000000000000000000000000000000000000000000000000111000000000000000000
000000000000000000000000000000000000000000000000001111000000000000000000
000000000000000000000000000000000000000000000000001110000000000000000000
000000000000000000000000000000000000000000000000011100000000000000000000
000000000000000000000000000000000000000000000000011100000000000000000000
000000000000000000000000000000000000000000000000111000000000000000000000
000000000011000001111000000000001111110000000000110000000000000000011111
000000011111000111111000000001111111111100000000000000000000000011111111
000011111111000111111000000011100000011110000000000000000000000111000000
000000111111001111111000001111000000001111000000000000000000001110000000
000000001111011000111000011110000000001111100000000000000000001110000000
000000001111110000011000011100000000000111100000000000000000011110000000
100000001111100000001000111100000000000111100000000000000000011110000000
100000001111100000000000111100000000000111110000000000000000011110000000
100000001111000000000001111100000000000111110000000000000000011111000000
100000001111000000000001111100000000000111110000000000000000001111111000
