111111100000000000000011110011111000000000000000000000111111000000000011
111111110000000000001110000000111100000000000000000011111111000000000111
000111111000000000011100000000011110000000000000000000011111000000001110
000011111000000000111100000000001111000000000000000000001111000000001110
000001111000000001111000000000001111000000000000000000001111000000011110
000001111100000001111000000000001111100000000000000000001111000000011110
000001111100000011111000000000001111100000000000000000001111000000011111
000001111100000011111000000000001111100000000000000000001111000000011111
000001111100000011111000000000001111100000000000000000001111000000001111
000001111100000011111111111111111111100000000000000000001111000000001111
000001111100000011111111111111100000000000000000000000001111000000000011
000001111100000011111000000000000000000000000000000000001111000000000000
000001111100000011111000000000000000000000000000000000001111000000000000
000001111100000011111000000000000000000000000000000000001111000000000000
000001111100000011111000000000000000000000000000000000001111000000000000
000001111100000001111000000000000000000000000000000000001111000000011000
000001111100000001111100000000000000000000000000000000001111000000011000
000001111100000001111110000000000000000000000000000000001111000000011000
000001111100000000111111000000000001000000000000000000001111000000011000
000001111100000000111111100000000111000000000000000000001111000000011100
000001111110000000001111111111111110000000000000000000011111110000011111
000001111111110000000111111111111000000000000000000011111111111100011111
000000000000000000000001111111100000000000000000000000000000000000000111
000000000000000000000000000000000000000000000000000000000000000000000000
000000000000000000000000000000000000000000000000000000000000000000000000
000000000000000000000000000000000000000000000000000000000000000000000000
000000000000000000000000000000000000000000000000000000000000000000000000
000000000000000000000000000000000000000000000000000000000000000000000000
000000000000000000000000000000000000000000000000000000000000000000000000
000000000000000000000000000000000000000000000000000000000000000000000000
000000000000000000000000000000000000000000000000000000000000000000000000
000000000000000000000000000000000000000000000000000000000000000000000000
000000000000000000000000000000000000000000000000000000000000000000000000
000000000000000000000000000000000000000000000000000000000000000000000000
000000000000000000000000000000000000000000000000000000000000000000000000
000000000000000000000000000000000000000000000000000000000000000000000000
000000000000000000000000000000000000000000000000000000000000000000000000
000000000000000000000000000000000000000000000000000000000000000000000000
000000000000000000000000000000000000000000000000000000000000000000000000
000000000000000000000000000000000000000000000000000000000000000000000000
000000000000000000000000000000000000000000000000000000000000000000000000
000000000000000000000000000000000000000000000000000000000000000000000000
000000000000000000000000000000000000000000000000000000000000000000000000
000000000000000000000000000000000000000000000000000000000000000000000000
000000000000000000000000000000000000000000000000000000000000000000000000
000000000000000000000000000000000000000000000000000000000000000000000000
000000000000000000000000000000000000000000000000000000000000000000000000
000000000000000000000000000000000000000000000000000000000000000000000000
000000000000000000000000000000000000000000000000000000000000000000000000
000000000000000000000000000000000000000000000000000000000000000000000000
000000000000000000000000000000000000000000000000000000000000000000000000
000000000000000000000000000000000000000000000000000000000000000000000000
000000000000000000000000000000000000000000000000000000000000000000000000
000000000000000000000000000000000000000000000000000000000000000000000000
000000000000000000000000000000000000000000000000000000000000000000000000
000000000000000000000000000000000000000000000000000000000000000000000000
000000000000000000000000000000000000000000000000000000000000000000000000
000000000000000000000000000000000000000000000000000000000000000000000000
000000000000000000000000000000000000000000000000000000000000000000000000
000000000000000000000000000000000000000000000000000000000000000000000000
000000000000000000000000000000000000000000000000000000000000000000000000
000000000000000000000000000000000000000000000000000000000000000000000000
000000000000000000000000000000000000000000000000000000000000000000000000
000000000000000000000000000000000000000000000000000000000000000000000000
000000000000000000011111000000000000001111110000000000000000011111111000
000000000000000011111111111000000001111111111100000000000001111111111110
000000000000001111111111111000000011111111111110000000000011100000011110
000000000000111100000001111000000111000000111111000000000111000000000110
000000000001111000000000011000001110000000001111000000001110000000000110
000000000011110000000000011000001100000000001111100000001110000000000010
000000000011100000000000011000000100000000000111100000001110000000000010
000000000111100000000000011000000000000000000111100000001111000000000000
000000000111100000000000000000000000000000000111100000001111100000000000
000000000111000000000000000000000000000000111111100000001111111100000000
000000001111000000000000000000000000001111111111100000000111111111110000
000000001111000000000000000000000001111110000111100000000011111111111110
000000001111000000000000000000000111110000000111100000000001111111111111
000000001111100000000000000000001111000000000111100000000000001111111111
000000001111100000000000000000011111000000000111100000000000000000111111
000000001111100000000000000000011110000000000111100000000000000000001111
000000000111100000000000000000011110000000000111100000001000000000000111
000000000111110000000000000000111110000000000111100000001000000000000011
000000000111111000000000000000111110000000001111100000001000000000000111
000000000011111100000000000000011111000000011111100000001100000000000111
000000000001111110000000000000011111100001100111100000001100000000000111
000000000000111111100000111000011111111111000111100000001110000000011110
000000000000011111111111110000001111111100000111111100011111111011111000
000000000000000111111111100000000011111000000100000100001111111111100000
000000000000000000000000000000000000000000000000000000000000000000000000
000000000000000000000000000000000000000000000000000000000000000000000000
000000000000000000000000000000000000000000000000000000000000000000000000
000000000000000000000000000000000000000000000000000000000000000000000000
000000000000000000000000000000000000000000000000000000000000000000000000
000000000000000000000000000000000000000000000000000000000000000000000000
000000000000000000000000000000000000000000000000000000000000000000000000
000000000000000000000000000000000000000000000000000000000000000000000000
000000000000000000000000000000000000000000000000000000000000000000000000
000000000000000000000000000000000000000000000000000000000000000000000000
000000000000000000000000000000000000000000000000000000000000000000000000
000000000000000000000000000000000000000000000000000000000000000000000000
000000000000000000000000000000000000000000000000000000000000000000000000
000000000000000000000000000000000000000000000000000000000000000000000000
000000000000000000000000000000000000000000000000000000000000000000000000
000000000000000000000000000000000000000000000000000000000000000000000000
000000000000000000000000000000000000000000000000000000000000000000000000
000000000000000000000000000000000000000000000000000000000000000000000000
000000000000000000000000000000000000000000000000000000000000000000000000
000000000000000000000000000000000000000000000000000000000000000000000000
000000000000000000000000000000000000000000000000000000000000000000000000
000000000000000000000000000000000000000000000000000000000000000000000000
000000000000000000000000000000000000000000000000000000000000000000000000
000000000000000000000000000000000000000000000000000000000000000000000000
000000000000000000000000000000000000000000000000000000000000000000000000
000000000000000000000000000000000000000000000000000000000000000000000000
000000000000000000000000000000000000000000000000000000000000000000000000
000000000000000000000000000000000000000011110000000000000000000000000000
000000000000000000000000000000000000111111110000000000000000000000000000
000000000000000000000000000000000000111111110000000000000000000000000000
000000000000000000000000000000000000000011110000000000000000000000000000
000000000000000000000000000000000000000011110000000000000000000000000000
000000000000000000000000000110000000000011110000000000000000000000000000
000000000000000000000000111110000000000011110000000000000000000000000000
000000000000000000000000111110000000000011110000000000000000000000000000
000000000000000000000000111100000000000011110000000000000000000000000000
000000000000000000000000111100000000000011110000000000000000000000000000
000000000000000000000000111100000000000011110000000000000000000000000000
000000000000000000000000111100000000000011110000000000000000000000000000
000000000000000000000000111100000000000011110000001111000000000000000000
000000000000000000000000111100000000000011110000111111111000000000000000
000000000000000000000001111111111110000011110001111111111100000000000001
000000000000000000000111111111111110000011110111100011111110000000000111
000000000000000000001111111111111100000011111100000000111110000000001111
000000000000000000000000111100000000000011111000000000011111000000001110
000000000000000000000000111100000000000011111000000000011111000000011110
000000000000000000000000111100000000000011110000000000001111000000011110
000000000000000000000000111100000000000011110000000000001111000000111100
000000000000000000000000111100000000000011110000000000001111000000111100
000000000000000000000000111100000000000011110000000000001111000000111111
000000000000000000000000111100000000000011110000000000001111000000111111
000000000000000000000000111100000000000011110000000000001111000000111100
000000000000000000000000111100000000000011110000000000001111000000111100
000000000000000000000000111100000000000011110000000000001111000000111110
000000000000000000000000111100000000000011110000000000001111000000111110
000000000000000000000000111100000000000011110000000000001111000000111110
000000000000000000000000111100000000000011110000000000001111000000111110
000000000000000000000000111100000000000011110000000000001111000000011111
000000000000000000000000111110000000000011110000000000001111000000011111
000000000000000000000000111110000100000011110000000000001111000000001111
000000000000000000000000011111111100000111110000000000001111000000000111
000000000000000000000000011111111000111111111111000000001111111100000011
000000000000000000000000001111110000111111111111000000001111111100000000
000000000000000000000000000000000000000000000000000000000000000000000000
000000000000000000000000000000000000000000000000000000000000000000000000
000000000000000000000000000000000000000000000000000000000000000000000000
000000000000000000000000000000000000000000000000000000000000000000000000
000000000000000000000000000000000000000000000000000000000000000000000000
000000000000000000000000000000000000000000000000000000000000000000000000
000000000000000000000000000000000000000000000000000000000000000000000000
000000000000000000000000000000000000000000000000000000000000000000000000
000000000000000000000000000000000000000000000000000000000000000000000000
000000000000000000000000000000000000000000000000000000000000000000000000
000000000000000000000000000000000000000000000000000000000000000000000000
000000000000000000000000000000000000000000000000000000000000000000000000
000000000000000000000000000000000000000000000000000000000000000000000000
000000000000000000000000000000000000000000000000000000000000000000000000
000000000000000000000000000000000000000000000000000000000000000000000000
000000000000000000000000000000000000000000000000000000000000000000000000
000000000000000000000000000000000000000000000000000000000000000000000000
000000000000000000000000000000000000000000000000000000000000000000000000
000000000000000000000000000000000000000000000000000000000000000000000000
000000000000000000000000000000000000000000000000000000000000000000000000
000000000000000000000000000000000000000000000000000000000000000000000000
000000000000000000000000000000000000000000000000000000000000000000000000
000000000000000000000000000000000000000000000000000000000000000000000000
000000000000000000000000000000000000000000000000000000000000000000000000
000000000000000000000000000000000000000000000000000000000000000000000000
000000000000000000000000000000000000000000000000000000000000000000000000
000000000000000000000000000000000000000000000000000000000000000000000000
000000000000000000000000000000000000000000111000000000000000000000000000
