000000000000000000000000000000000000000000000000000000000000000000000000
000000000000000000000000000000000000000000000000000000000000000000000000
000000000000000000000000000000000000000000000000000000000000000000000000
000000000000000000000000000000000000000000000000000000000000000000000000
000000000000000000000000000000000000000000000000000000000000000000000000
000000000000000000000000000000000000000000000000000000000000000000000000
000000000000000000000000000000000000000000000000000000000000000000000000
000000000000000000000000000000000000000000000000000000000000000000000000
000000000000000000000000000000000000000000000000000000000000000000000000
000000000000000000000000000000000000000000000000000000000000000000000000
000000000000000000000000000000000000000000000000000000000000000000000000
000000000000000000000000000000000000000000000000000000000000000000000000
000000000000000000000000000000000000000000000000000000000000000000000000
000000000000000000000000000000000000000000000000000000000000000000000000
000000000000000000000000000000000000000000000000000000000000000000000000
000000000000000000000000000000000000000000000000000000000000000000000000
000000000000000000000000000000000000000000000000000000000000000000000000
000000000000000000000000000000000000000000000000000000000000000000000000
000000000000000000000000000000000000000000000000000000000000000000000000
000000000000000000000000000000000000000000000000000000000000000000000000
000000000000000000000000000000000000000000000000000000000000000000001111
000000000000000000000000000000000000000000000000000000000000000000000001
000000000000000000000000000000000000000000000000000000000000000000000000
000000000000000000000000000000000000000000000000000000000000000000000000
000000000000000000000000000000000000000000000000000000000000000000000000
000000000000000000000000000000000000000000000000000000000000000000000000
000000000000000000000000000000000000000000000000000000000000000000000000
000000000000000000000000000000000000000000000000000000000000000000000000
000000000000000000000000000000000000000000000000000000000000000000000000
000000000000000000000000000000000000000000000000000000000000000000000000
000000000000000000000000000000000000000000000000000000000000000000000000
100000000011111100000000000000000000000000000000000000000000000000000000
111000001111111111000000000000000000000000000000000000000000000000000000
111100011111111111100000000000000000000000000000000000000000000000000000
111100111000011111100000000000000000000000000000000000000000000000000000
111111100000000111110000000000000000000000000000000000000000000000000000
111111000000000111110000000000000000000000000000000000000000000000000000
011111000000000011110000000000000000000000000000000000000000000000000000
011110000000000011110000000000000000000000000000000000000000000000000000
011110000000000011110000000000000000000000000000000000000000000000000000
011110000000000011110000000000000000000000000000000000000000000000000000
011110000000000011110000000000000000000000000000000000000000000000000000
011110000000000011110000000000000000000000000000000000000000000000000000
011110000000000011110000000000000000000000000000000000000000000000000000
011110000000000011110000000000000000000000000000000000000000000000000000
011110000000000011110000000000000000000000000000000000000000000000000000
011110000000000011110000000000000000000000000000000000000000000000000000
011110000000000011110000000000000000000000000000000000000000000000000000
011110000000000011110000000000000000000000000000000000000000000000000000
011110000000000011110000000000111000000000000000000000000000000000000000
011110000000000011110000000001111100000000000000000000000000000000000000
011110000000000011110000000001111100000000000000000000000000000000000000
111111000000000011111000000001111100000000000000000000000000000000000000
111111111000000011111111000001111000000000000000000000000000000000001111
000000000000000000000000000000000000000000000000000000000000000000000000
000000000000000000000000000000000000000000000000000000000000000000000000
000000000000000000000000000000000000000000000000000000000000000000000000
000000000000000000000000000000000000000000000000000000000000000000000000
000000000000000000000000000000000000000000000000000000000000000000000000
000000000000000000000000000000000000000000000000000000000000000000000000
000000000000000000000000000000000000000000000000000000000000000000000000
000000000000000000000000000000000000000000000000000000000000000000000000
000000000000000000000000000000000000000000000000000000000000000000000000
000000000000000000000000000000000000000000000000000000000000000000000000
000000000000000000000000000000000000000000000000000000000000000000000000
000000000000000000000000000000000000000000000000000000000000000000000000
000000000000000000000000000000000000000000000000000000000000000000000000
000000000000000000000000000000000000000000000000000000000000000000000000
000000000000000000000000000000000000000000000000000000000000000000000000
000000000000000000000000000000000000000000000000000000000000000000000000
000000000000000000000000000000000000000000000000000000000000000000000000
000000000000000000000000000000000000000000000000000000000000000000000000
000000000000000000000000000000000000000000000000000000000000000000000000
000000000000000000000000000000000000000000000000000000000000000000000000
000000000000000000000000000000000000000000000000000000000000000000000000
000000000000000000000000000000000000000000000000000000000000000000000000
000000000000000000000000000000000000000000000000000000000000000000000000
000000000000000000000000000000000000000000000000000000000000000000000000
000000000000000000000000000000000000000000000000000000000000000000000000
000000000000000000000000000000000000000000000000000000000000000000000000
000000000000000000000000000000000000000000000000000000000000000000000000
000000000000000000000000000000000000000000000000000000000001000000000000
000000000000000000000000000000000000000000000000000000001111000000000000
000000000000000000000000000000000000000000000000000011111111000000000000
000000000000000000000000000000000000000000000000000001111111000000000000
000000000000000000000000000000000000000000000000000000001111000000000000
000000000000000000000000000000000000000000000000000000001111000000000000
000000000000000000000000000000000000000000000000000000001111000000000000
000000000000000000000000000000000000000000000000000000001111000000000000
000000000000000000000000000000000000000000000000000000001111000000000000
000000000000000000000000000000000000000000000000000000001111000000000000
000000000000000000000000000000000000000000000000000000001111000000000000
000000000000000000000000000000000000000000000000000000001111000000000000
000000000000000000000000000000000000000000000000000000001111000000000000
000001000000111000000000000000000000000000111110000000001111000000111110
001111000011111100000000000000000000000111111111110000001111000011111111
111111000111111100000000000000000000011111111111110000001111000111111111
111111001111111100000000000000000000111000000011110000001111001110000111
001111011100111000000000000000000011110000000001110000001111111000000011
001111110000011000000000000000000011100000000000110000001111110000000001
001111100000001000000000000000000111000000000000110000001111100000000000
001111100000000000000000000000001111000000000000110000001111000000000000
001111100000000000000000000000001111000000000000000000001111000000000000
001111100000000000000000000000001110000000000000000000001111000000000000
001111000000000000000000000000011110000000000000000000001111000000000000
001111000000000000000000000000011110000000000000000000001111000000000000
001111000000000000000000000000011110000000000000000000001111000000000000
001111000000000000000000000000011111000000000000000000001111000000000000
001111000000000000000000000000011111000000000000000000001111000000000000
001111000000000000000000000000011111000000000000000000001111000000000000
001111000000000000000000000000001111000000000000000000001111000000000000
001111000000000000000000000000001111100000000000000000001111000000000000
001111000000000000000000000000001111110000000000000000001111000000000000
001111000000000000000000000000000111111000000000000000001111000000000000
001111100000000000000000000000000011111100000000000000001111100000000000
001111100000000000000000000000000001111111000001110000001111100000000000
111111111110000000000000000000000000111111111111100011111111111100000000
110000011110000000000000000000000000001111111111000011110000011100000000
000000000000000000000000000000000000000000000000000000000000000000000000
000000000000000000000000000000000000000000000000000000000000000000000000
000000000000000000000000000000000000000000000000000000000000000000000000
000000000000000000000000000000000000000000000000000000000000000000000000
000000000000000000000000000000000000000000000000000000000000000000000000
000000000000000000000000000000000000000000000000000000000000000000000000
000000000000000000000000000000000000000000000000000000000000000000000000
000000000000000000000000000000000000000000000000000000000000000000000000
000000000000000000000000000000000000000000000000000000000000000000000000
000000000000000000000000000000000000000000000000000000000000000000000000
000000000000000000000000000000000000000000000000000000000000000000000000
000000000000000000000000000000000000000000000000000000000000000000000000
000000000000000000000000000000000000000000000000000000000000000000000000
000000000000000000000000000000000000000000000000000000000000000000000000
000000000000000000000000000000000000000000000000000000000000000000000000
000000000000000000000000000000000000000000000000000000000000000000000000
000000000000000000000000000000000000000000000000000000000000000000000000
000000000000000000000000000000000000000000000000000000000000000000000000
000000000000000000000000000000000000000000000000000000000000000000000000
000000000000000000000000000000000000000000000000000000000000000000000000
000000000000000000000000000000000000000000000000000000000000000000000000
000000000000000000000000000000000000000000000000000000000000000000000000
000000000000000000000000000000000000000000000000000000000000000000000000
000000000000000000000000000000000000000000000000000000000000000000000000
000000000000000000000000000000000000000000000000000000000000000000000000
000000000000000000000000000000000000000000000000000000000000000000000000
000000000000000000000000000000000000000000000000000000000000000000000000
000000000000000000111000000000000000000000000000000000000000000000000000
000000000000011111111000000000000000000000000000000000000000000000000000
000000000000011111111000000000000000000000000000000000000000000000000000
000000000000000001111000000000000000000000000000000000000000000000000000
000000000000000001111000000000000000000000000000000000000000000000000000
000000000000000001111000000000000000000000000000000000000000000000000000
000000000000000001111000000000000000000000000000000000000000000000000000
000000000000000001111000000000000000000000000000000000000000000000000000
000000000000000001111000000000000000000000000000000000000000000000000000
000000000000000001111000000000000000000000000000000000000000000000000000
000000000000000001111000000000000000000000000000000000000000000000000000
000000000000000001111000000000000000000000000000000000000000000000000000
110000000000000001111000000000000000000000000000000111100000000000000000
111100000000000001111000000000001111110000000000111111111100000000000000
111110000000000001111000000000011111000000000011110000111110000000000000
111111000000000001111000000000111100000000000111000000001111000000000000
001111100000000001111000000001110000000000001110000000001111100000000000
001111100000000001111000000011100000000000011110000000000111100000000000
000111100000000001111000000111000000000000111100000000000111110000000000
000111100000000001111000011100000000000000111100000000000111110000000000
000111100000000001111000111000000000000000111100000000000011110000000000
001111100000000001111001110000000000000001111100000000000011110000000000
111111100000000001111111110000000000000001111111100000111111110000000000
000111100000000001111111111000000000000001111111111111111111110000000000
000111100000000001111011111100000000000001111100000000000000000000000000
000111100000000001111001111110000000000001111100000000000000000000000000
000111100000000001111000111111000000000001111100000000000000000000000000
000111100000000001111000011111100000000001111100000000000000000000000000
000111100000000001111000001111110000000000111100000000000000000000000000
000111100000000001111000000111111000000000111110000000000000000000000000
001111100000000001111000000001111100000000111110000000000000000000000000
011111100000000001111000000000111110000000011111000000000000000000000000
110111100000000001111000000000011111100000011111100000000001100000000000
100111110000000001111100000000001111110000001111111000000111100000000000
