000000000000000000000000000000000000000000000000000000000000000000000000
000000000000000000000000000000000000000000000000000000000000000000000000
000000000000000000000000000000000000000000000000000000000000000000000000
000000000000000000000000000000000000000000000000000000000000000000000000
000000000000000000000000000000000000000000000000000000000000000000000000
000000000000000000000000000000000000000000000000000000000000000000000000
000000000000000000000000000000000000000000000000000000000000000000000000
000000000000000000000000000000000000000000000000000000000000000000000000
000000000000000000000000000000000000000000000000000000000000000000000000
000000000000000000000000000000000000000000000000000000000000000000000000
000000000000000000000000000000000000000000000000000000000000000000000000
000000000000000000000000000000000000000000000000000000000000000000000000
000001100000000000000111000000000000000000000000000000000000000000000000
000111100000000000011110000000000000000000000000000000000000000000000000
000111100000000000011110000000000000000000000000000000000000000000000000
000111100000000000011110000000000000000000000000000000000000000000000000
000111100000000000011110000000000000000000000000000000000000000000000000
000111100000000000011110000000000000000000000000000000000000000000000000
000111100000000000011110000000000000000000000000000000000000000000000000
000111100000000000011110000000000000000001111100000000000000001000000111
000111100000000000011110000000000000001111111111000000000001111000011111
011111111111110000111111111111000000111100000111110000011111111000111111
111111111111100011111111111111000001111000000011111000001111111001111111
111111100000000111111111000000000011110000000001111000000001111111100111
000111100000000000011110000000000111100000000001111100000001111110000011
000111100000000000011110000000000111100000000000111100000001111100000001
000111100000000000011110000000001111100000000000111100000001111100000000
000111100000000000011110000000001111000000000000111110000001111100000000
000111100000000000011110000000001111000000000000111110000001111100000000
000111100000000000011110000000001111111111111111111110000001111000000000
000111100000000000011110000000001111111111111111111100000001111000000000
000111100000000000011110000000001111000000000000000000000001111000000000
000111100000000000011110000000001111000000000000000000000001111000000000
000111100000000000011110000000001111000000000000000000000001111000000000
000111100000000000011110000000001111100000000000000000000001111000000000
000111100000000000011110000000001111100000000000000000000001111000000000
000111100000000000011110000000001111100000000000000000000001111000000000
000111100000000000011110000000000111110000000000000000000001111000000000
000111100000000000011110000000000111111000000000000000000001111100000000
000111110000100000011111000010000011111100000000001100000001111100000000
000111111111100000011111111110000001111111000001111000000001111100000000
000011111111000000001111111100000000111111111111110000011111111111110000
000001111110000000000111111000000000001111111111000000011111111111110000
000000000000000000000000000000000000000000100000000000000000000000000000
000000000000000000000000000000000000000000000000000000000000000000000000
000000000000000000000000000000000000000000000000000000000000000000000000
000000000000000000000000000000000000000000000000000000000000000000000000
000000000000000000000000000000000000000000000000000000000000000000000000
000000000000000000000000000000000000000000000000000000000000000000000000
000000000000000000000000000000000000000000000000000000000000000000000000
000000000000000000000000000000000000000000000000000000000000000000000000
000000000000000000000000000000000000000000000000000000000000000000000000
000000000000000000000000000000000000000000000000000000000000000000000000
000000000000000000000000000000000000000000000000000000000000000000000000
000000000000000000000000000000000000000000000000000000000000000000000000
000000000000000000000000000000000000000000000000000000000000000000000000
000000000000000000000000000000000000000000000000000000000000000000000000
000000000000000000000000000000000000000000000000000000000000000000000000
000000000000000000000000000000000000000000000000000000000000000000000000
000000000000000000000000000000000000000000000000000000000000000000000000
000000000000000000000000000000000000000000000000000000000000000000000000
000000000000000000000000000000000000000000000000000000000000000000000000
000000000000000000000000000000000000000000000000000000000000000000000000
000000000000000000000000000000000000000000000000000000000000000000000000
000000000000000000000000000000000000000000000000000000000000000000000000
000000000000000000000000000000000000000000000000000000000000000000000000
000000000000000000000000000000000000000000000000000000000000000000000000
000000000000000000000000000000000000000000000000000000000000000000000000
000000000000000000000000000000000000000000000000000000000000000000000000
000000000000000000000000000000000000000000000000000000000000000000000000
000000111100000000000000000000000000000000000000000000000000000000000000
001111111100000000000000000000000000000000000000000000000000000000000000
001111111100000000000000000000000000000000000000000000000000000000000000
000000111100000000000000000000000000000000000000000000000000000000000000
000000111100000000000000000000000000000000000000000000000000000000000000
000000111100000000000000000000000000000000000000000000000000000110000000
000000111100000000000000000000000000000000000000000000000000011110000000
000000111100000000000000000000000000000000000000000000000000111110000000
000000111100000000000000000000000000000000000000000000000000111110000000
000000111100000000000000000000000000000000000000000000000000111110000000
000000111100000000000000000000000000000000000000000000000000111110000000
000000111100000000000000000000000000000000000000000000000000111110000000
000000111100000000000000001111000000000000000000000000000000111110000000
000000111100000000000001111111111000000000000000000000000000111110000000
000000111100000000000011100000111100000000000000000000000001111111111110
000000111100000000001111000000011110000000000000000000000111111111111110
000000111100000000011110000000001111000000000000000000000111111111111110
000000111100000000111100000000001111000000000000000000000000111110000000
000000111100000000111100000000001111100000000000000000000000111110000000
000000111100000001111000000000000111100000000000000000000000111110000000
000000111100000001111000000000000111100000000000000000000000111110000000
000000111100000001111000000000000111100000000000000000000000111110000000
000000111100000001111111000000111111100000000000000000000000111110000000
000000111100000011111111111111111111100000000000000000000000111110000000
000000111100000011111000000000000000000000000000000000000000111110000000
000000111100000011111000000000000000000000000000000000000000111110000000
000000111100000011111000000000000000000000000000000000000000111110000000
000000111100000001111000000000000000000000000000000000000000111110000000
000000111100000001111100000000000000000000000000000000000000111110000000
000000111100000001111100000000000000000000000000000000000000111110000000
000000111100000001111110000000000000000000000000000000000000111110000000
000000111100000000111110000000000000000000000000000000000000111110000000
000000111100000000111111100000000001100000000000000000000000111110000000
000001111100000000011111110000000111000000000000000000000000011111111100
001111111111110000000111111111111110000000000000000000000000011111111100
001111111111110000000011111111111000000000000000000000000000001111111000
000000000000000000000000011111000000000000000000000000000000000000000000
000000000000000000000000000000000000000000000000000000000000000000000000
000000000000000000000000000000000000000000000000000000000000000000000000
000000000000000000000000000000000000000000000000000000000000000000000000
000000000000000000000000000000000000000000000000000000000000000000000000
000000000000000000000000000000000000000000000000000000000000000000000000
000000000000000000000000000000000000000000000000000000000000000000000000
000000000000000000000000000000000000000000000000000000000000000000000000
000000000000000000000000000000000000000000000000000000000000000000000000
000000000000000000000000000000000000000000000000000000000000000000000000
000000000000000000000000000000000000000000000000000000000000000000000000
000000000000000000000000000000000000000000000000000000000000000000000000
000000000000000000000000000000000000000000000000000000000000000000000000
000000000000000000000000000000000000000000000000000000000000000000000000
000000000000000000000000000000000000000000000000000000000000000000000000
000000000000000000000000000000000000000000000000000000000000000000000000
000000000000000000000000000000000000000000000000000000000000000000000000
000000000000000000000000000000000000000000000000000000000000000000000000
000000000000000000000000000000000000000000000000000000000000000000000000
000000000000000000000000000000000000000000000000000000000000000000000000
000000000000000000000000000000000000000000000000000000000000000000000000
000000000000000000000000000000000000000000000000000000000000000000000000
000000000000000000000000000000000000000000000000000000000000000000000000
000000000000000000000000000000000000000000000000000000000000000000000000
000000000000000000000000000000000000000000000000000000000000000000000000
000000000000000000000000000000000000000000000000000000000000000000000000
000000000000000000000000000000000000000000000000000000000000000000000000
000000000000000000000000000000000000000000000000000000000000000000111000
000000000000000000000000000000000000000000000000000000000000011111111000
000000000000000000000000000000000000000000000000000000000000011111111000
000000000000000000000000000000000000000000000000000000000000000011111000
000000000000000000000000000000000000000000000000000000000000000001111000
000000000000000000000000000000000000000000000000000000000000000001111000
000000000000000000000000000000000000000000000000000000000000000001111000
000000000000000000000000000000000000000000000000000000000000000001111000
000000000000000000000000000000000000000000000000000000000000000001111000
000000000000000000000000000000000000000000000000000000000000000001111000
000000000000000000000000000000000000000000000000000000000000000001111000
000000000000000000000000000000000000000000000000000000000000000001111000
000000000000000000000000000000000000000000000000000000000000000001111000
111111100000000000000111111111000000000000000000011111111000000001111000
000111110000000000011111111111100000000000000011111111111100000001111000
000001111000000001111000011111110000000000001111000001111100000001111001
000000111100000001100000000111110000000000011100000000011100000001111111
000000111110000001100000000011111000000000111000000000001100000001111100
000000011110000001000000000001111000000001111000000000001100000001111000
000000011110000000000000000001111000000001110000000000001100000001111000
000000011111000000000000000001111000000011110000000000000000000001111000
000000011111000000000000000001111000000011110000000000000000000001111000
000000011111000000000000111111111000000011110000000000000000000001111000
111111111110000000001111111001111000000111110000000000000000000001111000
000000000000000000111110000001111000000111110000000000000000000001111000
000000000000000001111000000001111000000111110000000000000000000001111000
000000000000000011110000000001111000000111110000000000000000000001111000
000000000000000111110000000001111000000011110000000000000000000001111000
000000000000000111100000000001111000000011111000000000000000000001111000
000000000000000111100000000001111000000011111000000000000000000001111000
000000000000000111100000000001111000000011111100000000000000000001111000
000000000000000111100000000011111000000001111100000000000000000001111000
000000000110000111110000001101111000000000111110000000000000000001111000
000000011100000111111100111001111000000000111111100000000100000011111000
111111111100000011111111100001111110000000011111111111111100011111111111
111111110000000001111111000001111111100000000111111111111000111111111111
111110000000000000000000000000000000000000000000111111000000000000000000
000000000000000000000000000000000000000000000000000000000000000000000000
000000000000000000000000000000000000000000000000000000000000000000000000
000000000000000000000000000000000000000000000000000000000000000000000000
000000000000000000000000000000000000000000000000000000000000000000000000
000000000000000000000000000000000000000000000000000000000000000000000000
000000000000000000000000000000000000000000000000000000000000000000000000
000000000000000000000000000000000000000000000000000000000000000000000000
000000000000000000000000000000000000000000000000000000000000000000000000
000000000000000000000000000000000000000000000000000000000000000000000000
