000000000000000000000000000000000000000000000000000000000000000000000000
000000000000000000000000000000000000000000000000000000000000000000000000
000000000000000000000000000000000000000000000000000000000000000000000000
000000000000000000000000000000000000000000000000000000000000000000000000
000000000000000000000000000000000000000000000000000000000000000000000000
000000000000000000000000000000000000000000000000000000000000000000000000
000000000000000000000000000000000000000000000000000000000000000000000000
000000000000000000000000000000000000000000000000000000000000000000000000
000000000000000000000000000000000000000000000000000000000000000000000000
000000000000000000000000000000000000000000000000000000000000000000000000
000000000000000000000000000000000000000000000000000000000000000000000000
000000000000000000000000000000000000000000000000000000000000000000000000
000000000000000000000000000000000000000000000000000000000000000000000000
000000000000000000000000000000000000000000000000000000000000000000000000
000000000000000000000000000000000000000000000000000000000000000000000000
000000000000000000000000000000000000000000000000000000000000000000000000
000000000000000000000000000000000000000000000000000000000000000000000000
000000000000000000000000000000000000000000000000000000000000000000000000
000000000000000000000000000000000000000000000000000000000000000000000000
000000000000000000000000000000000000000000000000000000000000000000000000
000000000010000000000001100000011111100000000000000000000000000000000001
000000111110000000001111100001111111111000000000000000000000000000000111
000111111110000001111111100011111111111100000000000000000000000000011111
000011111110000001111111100111000011111110000000000000000000000000111000
000000011110000000000111101100000000111111000000000000000000000000110000
000000011110000000000111110000000000011111100000000000000000000000110000
000000011110000000000111110000000000001111100000000000000000000000100000
000000011110000000000111100000000000000111110000000000000000000000000000
000000011110000000000111100000000000000111110000000000000000000000000000
000000011110000000000111100000000000000111110000000000000000000000000000
000000011110000000000111100000000000000011110000000000000000000000000001
000000011110000000000111100000000000000011110000000000000000000000001111
000000011110000000000111100000000000000011110000000000000000000000111110
000000011110000000000111100000000000000011100000000000000000000001111000
000000011110000000000111100000000000000111100000000000000000000001111000
000000011110000000000111100000000000000111000000000000000000000011110000
000000011110000000000111100000000000000111000000000000000000000011110000
000000111110000000000111100000000000001110000000000000000000000011110000
000000111110000000000111100000000000011110000000000000000000000011110000
000001111110000000000111110000000000011100000000000000000000000011111000
000111011110000000000111111100000001110000000000000000000000000011111100
111100011111000000000111111111111111100000000000000000000000000001111111
111000011111111000000111111111111110000000000000000000000000000000111111
100000011000011000000111100111111000000000000000000000000000000000011111
000000000000000000000111100000000000000000000000000000000000000000000000
000000000000000000000111100000000000000000000000000000000000000000000000
000000000000000000000111100000000000000000000000000000000000000000000000
000000000000000000000111100000000000000000000000000000000000000000000000
000000000000000000000111100000000000000000000000000000000000000000000000
000000000000000000000111100000000000000000000000000000000000000000000000
000000000000000000000111100000000000000000000000000000000000000000000000
000000000000000000000111100000000000000000000000000000000000000000000000
000000000000000000000111100000000000000000000000000000000000000000000000
000000000000000000000111100000000000000000000000000000000000000000000000
000000000000000000000111100000000000000000000000000000000000000000000000
000000000000000000001111110000000000000000000000000000000000000000000000
000000000000000001111111111110000000000000000000000000000000000000000000
000000000000000000000000000000000000000000000000000000000000000000000000
000000000000000000000000000000000000000000000000000000000000000000000000
000000000000000000000000000000000000000000000000000000000000000000000000
000000000000000000000000000000000000000000000000000000000000000000000000
000000000000000000000000000000000000000000000000000000000000000000000000
000000000000000000000000000000000000000000000000000000000000000000000000
000000000000000000000000000000000000000000000000000000000000000000000000
000000000000000000000000000000000000000000000000000000000000000000000000
000000000000000000000000000000000000000000000000000000000000000000000000
000000000000000000000000000000000000000000000000000000000000000000000000
000000000000000000000000000000000000000000000000000000000000000000000000
000000000000000000000000000000000000000000000000000000000000000000000000
000000000000000000000000000000000000000000000000000000000000000000000000
000000000000000000000000000000000000000000000000000000000000000000000000
000000000000000000000000000000000000000000000000000000000000000000000000
000000000000000000000000000000000000000000000000000000000000000000000000
000000000000000000000000000000000000000000000000000000000000000000000000
000000000000000000000000000000000000000000000000000000000000000000000000
000000000000000000000000000000000000000000000000000000000000000000000000
000001100000000000000000000000000000000000000000000000000000000000000000
000111100000000000000000000000000000000000000000000000000000000000000000
000111100000000000000000000000000000000000000000000000000000000000000000
000111100000000000000000000000000000000000000000000000000000000000000000
000111100000000000000000000000000000000000000000000000000000000000000000
000111100000000000000000000000000000000000000000000000000000000000000000
000111100000000000000000000000000000000000000000000000000000000000000000
000111100000000000000000000000000000000000011111000000000000000000010000
000111100000000000000000000000000000000011111111111000000000000011110000
001111111111110000000000000000000000001111000001111110000000111111110000
111111111111100000000000000000000000011100000000011111000000111111110000
111111111111100000000000000000000000111100000000001111100000000111110000
000111100000000000000000000000000001111000000000001111110000000011110000
000111100000000000000000000000000001111000000000000111110000000011110000
000111100000000000000000000000000011110000000000000011110000000011110000
000111100000000000000000000000000011110000000000000011111000000011110000
000111100000000000000000000000000011110000000000000011111000000011110000
000111100000000000000000000000000111110000000000000011111000000011110000
000111100000000000000000000000000111110000000000000001111000000011110000
000111100000000000000000000000000111110000000000000001111000000011110000
000111100000000000000000000000000111110000000000000001111000000011110000
000111100000000000000000000000000111110000000000000001111000000011110000
000111100000000000000000000000000011110000000000000001111000000011110000
000111100000000000000000000000000011111000000000000011110000000011110000
000111100000000000000000000000000011111000000000000011110000000011110000
000111100000000000000000000000000011111000000000000011110000000011110000
000111100000000000000000000000000001111100000000000111100000000011111000
000111110000100000000000000000000000111110000000000111000000000011111100
000111111111100000000000000000000000111111000000001110000000000001111111
000011111111000000000000000000000000001111110000111100000000000001111111
000001111110000000000000000000000000000111111111110000000000000000011111
000000000000000000000000000000000000000000111100000000000000000000000000
000000000000000000000000000000000000000000000000000000000000000000000000
000000000000000000000000000000000000000000000000000000000000000000000000
000000000000000000000000000000000000000000000000000000000000000000000000
000000000000000000000000000000000000000000000000000000000000000000000000
000000000000000000000000000000000000000000000000000000000000000000000000
000000000000000000000000000000000000000000000000000000000000000000000000
000000000000000000000000000000000000000000000000000000000000000000000000
000000000000000000000000000000000000000000000000000000000000000000000000
000000000000000000000000000000000000000000000000000000000000000000000000
000000000000000000000000000000000000000000000000000000000000000000000000
000000000000000000000000000000000000000000000000000000000000000000000000
000000000000000000000000000000000000000000000000000000000000000000000000
000000000000000000000000000000000000000000000000000000000000000000000000
000000000000000000000000000000000000000000000000000000000000000000000000
000000000000000000000000000000000000000000000000000000000000000000000000
000000000000000000000000000000000000000000000000000000000000000000000000
000000000000000000000000000000000000000000000000000000000000000000000000
000000000000000000000000000000000000000000000000000000000000000000000000
000000000000000000000000000000000000000000000000000000000000000000000000
000000000000000000000000000000000000000000000000000000000000000000000000
000000000000000000000000000000000000000000000000000000000000000000000000
000000000000000000000000000000000000000000000000000000000000000000000000
000000000000000000000000000000000000000000000000000000000000000000000000
000000000000000000000000000000000000000000000000000000000000000000000000
000000000000000000000000000000000000000000000000000000000000000000000000
000000000000000000000000000000000000000000000000000000000000000000000000
000000000000000000000000000000000000000000000000000000000000000000000000
000000000000000000000000000000000000000000000000000000000000000000000000
000000000000000000000000000000000000000000000000000000000000000000000000
000000000000000000000000000000000000000000000000000000000000000000000000
000000000000000000000000000000000000000000000000000000000000000000000000
000000000000000000000000000000000000000000000000000000000000000000000000
000000000000000000000000000000000000000000000000000000000000000000000000
000000000000000000000000000000000000000000000000000000000000000000000000
000000000000000000000000000000000000000000000000000000000000000000000000
000000000000000000000000000000000000000000000000000000000000000000000000
000000000000000000000000000000000000000000000000000000000000000000000000
000000000000000000000000000000000000000000000000000000000000000000000000
000000000000000000000000000000000000000000000000000000000000000000000000
000000000000000001111111111000000000000000000111111111100000000000000000
000000000000000111100011111100011110000000011110000111111000000000000011
000000000000001110000000111111111110000000111000000001111100000000000111
000000000000011100000000011111111110000001110000000000111110000000001110
000000000000111100000000011111000000000011110000000000011111000000011110
000000000000111100000000001111000000000111100000000000011111000000011100
000000000001111000000000001111000000000111100000000000001111100000111100
000000000001111000000000001111000000001111100000000000001111100000111100
000000000001111000000000001111000000001111000000000000001111100001111100
000000000001111100000000001111000000001111000000000000000111110001111100
000000000000111100000000001110000000001111000000000000000111110001111100
000000000000111110000000011110000000001111000000000000000111110001111100
000000000000111111000000111100000000001111000000000000000111110001111100
000000000000011111110011110000000000001111100000000000000111110001111100
000000000000000111111111000000000000001111100000000000000111100001111100
000000000000000001100000000000000000001111100000000000000111100001111100
000000000000000111000000000000000000001111100000000000000111100000111110
000000000000001110000000000000000000000111110000000000001111000000111110
000000000000011110000000000000000000000111110000000000001111000000011111
000000000000011111000000000000000000000011111000000000011110000000011111
000000000000011111111111111111100000000001111100000000011100000000001111
000000000000011111111111111111110000000000111111000001111000000000000111
000000000000001111111111111111111000000000011111111111100000000000000011
000000000000000111111111111111111100000000000011111100000000000000000000
000000000000011100000000000011111100000000000000000000000000000000000000
000000000000111000000000000000111100000000000000000000000000000000000000
000000000001111000000000000000111100000000000000000000000000000000000000
000000000011110000000000000000111100000000000000000000000000000000000000
000000000011110000000000000000111100000000000000000000000000000000000000
000000000011110000000000000000111100000000000000000000000000000000000000
000000000011110000000000000000111000000000000000000000000000000000000000
000000000011110000000000000001111000000000000000000000000000000000000000
