000000000000000000000000000000000000000000000000000000000000000000000000
000000000000000000000000000000000000000000000000000000000000000000000000
000000000000000000000000000000000000000000000000000000000000000000000000
000000000000000000000000000000000000000000000000000000000000000000000000
000000000000000000000000000000000000000000000000000000000000000000000000
000000000000000000000000000000000000000000000000000000000000000000000000
000000000000000000000000000000000000000000000000000000000000000000000000
000000000000000000000000000000000000000000000000000000000000000000000000
000000000000000000000000000000000000000000000000000000000000000000000000
000000000000000000000000000000000000000000000000000000000000000000000000
000000000000000000000000000000000000000000000000000000000000000000000000
000000000000000000000000000000000000000000000000000000000000000000000000
000000000000000000000000000000000000000000000000000000000000000000000000
000000000000000000000000000000000000000000000000000000000000000000000000
000000000000000000000000000000000000000000000000000000000000000000000000
000000000000000000000000000000000000000000000000000000000000000000000000
000000000000000000000000000000000000000000000000000000000000000000000000
000000000000000000000000000000000000000000000000000000000000000000000000
000000000000000000000000000000000000000000000000000000000000000000000000
000000000000000000000000000000000000000000000000000000000000000000000000
000000000000000000000000000000000000000000000000000000000000000000000000
000000000000000000000000000000000000000000000000000000000000000000000000
000000000000000000000000000000000000000000000000000000000000000000000000
000000000000000000000000000000000000000000000000000000000000000000000000
000000000000000000000000000000000000000000000000000000000000000000000000
000000000000000000000000000000000000000000000000000000000000000000000000
000000000000000000000000000000000000000000000000000000000000000000000000
000000000000000000000000000000000000000000000000000000000000000000000000
000000000000000000000000000000000000000000000000000000000000000000000000
000000000000000000000000000000000000000000000000000000000000000000000000
000000000000000000000000000000000000000000000000000000000000000000000000
000000000000000000000000000000000000000000000000000000000000000000000000
000000000000000000000000000000000000000000000000000000000000000000000000
000000000000000000000000000000000000000000000000000000000000000000000000
000000000000000000000000000000000000000000000000000000000000000000000000
000000000000000000000000000000000000000000000000000000000000000000000000
000000000000000000000000000000000000000000000000000000000000000000000000
000000000000111100000000000000000000000000000000000000000000000000000000
000000001111111100000000000000000000000000000000000000000000000000000000
000000001111111100000000000000000000000000000000000000000000000000000000
000000000000111100000000000000000000000000000000000000000000000000000000
000000000000111100000000000000000000000000000000000000000000000000000000
000000000000111100000000000000000000000000000000000000000000000000000000
000000000000111100000000000000000000000000000000000000000000000000000000
000000000000111100000000000000000000000000000000000000000000000000000000
000000000000111100000000000000000000000000000000000000000000000000000000
000000000000111100000000000000000000000000000000000000000000000000000000
000000000000111100000000000000000000000000000000000000000000000000000000
000000000000111100000000000000000000000000000000000000000000000000000000
000011110000111100000000000000000000000000100000011110000000000000000000
001111111110111100000000000000000000000111100001111111110000000000000001
111111111111111100000000000000000001111111100011111111111000000000000011
100000000111111100000000000000000001111111101111000111111100000000001111
000000000001111100000000000000000000001111111000000001111100000000011110
000000000000111100000000000000000000000111110000000000111110000000011100
000000000000111100000000000000000000000111100000000000111110000000111100
000000000000111100000000000000000000000111100000000000011110000000111100
000000000000111100000000000000000000000111100000000000011110000001111000
000000000000111100000000000000000000000111100000000000011110000001111000
000000000000111100000000000000000000000111100000000000011110000001111111
000000000000111100000000000000000000000111100000000000011110000001111111
000000000000111100000000000000000000000111100000000000011110000001111000
000000000000111100000000000000000000000111100000000000011110000001111000
000000000000111100000000000000000000000111100000000000011110000001111100
000000000000111100000000000000000000000111100000000000011110000001111100
000000000000111100000000000000000000000111100000000000011110000001111100
000000000001111100000000000000000000000111100000000000011110000001111100
000000000001111100000000000000000000000111100000000000011110000000111110
100000000011111100000000000000000000000111100000000000011110000000111111
110000001110111100000000000000000000000111100000000000011110000000011111
111111111000111110000000000000000000001111100000000000011110000000001111
111111110000111111110000000000000001111111111110000000011111111000000111
111111100000111111110000000000000001111111111110000000011111111000000001
000000000000000000000000000000000000000000000000000000000000000000000000
000000000000000000000000000000000000000000000000000000000000000000000000
000000000000000000000000000000000000000000000000000000000000000000000000
000000000000000000000000000000000000000000000000000000000000000000000000
000000000000000000000000000000000000000000000000000000000000000000000000
000000000000000000000000000000000000000000000000000000000000000000000000
000000000000000000000000000000000000000000000000000000000000000000000000
000000000000000000000000000000000000000000000000000000000000000000000000
000000000000000000000000000000000000000000000000000000000000000000000000
000000000000000000000000000000000000000000000000000000000000000000000000
000000000000000000000000000000000000000000000000000000000000000000000000
000000000000000000000000000000000000000000000000000000000000000000000000
000000000000000000000000000000000000000000000000000000000000000000000000
000000000000000000000000000000000000000000000000000000000000000000000000
000000000000000000000000000000000000000000000000000000000000000000000000
000000000000000000000000000000000000000000000000000000000000000000000000
000000000000000000000000000000000000000000000000000000000000000000000000
000000000000000000000000000000000000000000000000000000000000000000000000
000000000000000000000000000000000000000000000000000000000000000000000000
000000000000000000000000000000000000000000000000000000000000000000000000
000000000000000000000000000000000000000000000000000000000000000000000000
000000000000000000000000000000000000000000000000000000000000000000000000
000000000000000000000000000000000000000000000000000000000000000000000000
000000000000000000000000000000000000000000000000000000000000000000000000
000000000000000000000000000000000000000000000000000000000000000000000000
000000000000000000000000000000000000000000000000000000000000000000000000
000000000000000000000000000000000000000000000000000000000000000000000000
000000000000000000000000000000000000000000000000000000000000000000000000
000000000000000000000000000000000000000000000000000000000000000000000000
000000000000000000000000111000000000000000000000000000000000000000000000
000000000000000000011111111000000000000000000000000000000000000000000000
000000000000000000111111111000000000000000000000000011110000000000000000
000000000000000000000011111000000000000000000000000011111000000000000000
000000000000000000000011111000000000000000000000000111111000000000000000
000000000010000000000001111000000000000000000000000011111000000000000000
000000001110000000000001111000000000000000000000000011110000000000000000
000000011110000000000001111000000000000000000000000000000000000000000000
000000011110000000000001111000000000000000000000000000000000000000000000
000000011110000000000001111000000000000000000000000000000000000000000000
000000011110000000000001111000000000000000000000000000000000000000000000
000000011110000000000001111000000000000000000000000000000000000000000000
000000011110000000000001111000000000000000000000000000000000000000000000
000000011110000000000001111000011111111000000000000001110000000000000011
000000111111111111000001111000111111111100000000011111110000000000001111
000011111111111111000001111001111111111110000000111111110000000000011100
000111111111111110000001111111000000111111000000000011110000000000111000
000000011110000000000001111100000000011111000000000011110000000001111000
000000011110000000000001111000000000001111000000000011110000000011110000
000000011110000000000001111000000000001111100000000011110000000011110000
000000011110000000000001111000000000001111100000000011110000000111110000
000000011110000000000001111000000000000111100000000011110000000111110000
000000011110000000000001111000000000000111100000000011110000000111110000
000000011110000000000001111000000000000111100000000011110000000111111111
000000011110000000000001111000000000000111100000000011110000000111110000
000000011110000000000001111000000000000111100000000011110000000111110000
000000011110000000000001111000000000000111100000000011110000000111110000
000000011110000000000001111000000000000111100000000011110000000111110000
000000011110000000000001111000000000000111100000000011110000000111110000
000000011110000000000001111000000000000111100000000011110000000011110000
000000011110000000000001111000000000000111100000000011110000000011111000
000000011110000000000001111000000000000111100000000011110000000011111100
000000011111000000000011111000000000000111100000000011111000000001111110
000000011111111110000011111000000000000111100000000011111000000000111111
000000001111111100001111111111000000000111111100011111111110000000011111
000000001111111000111111111111100000000111111110111111111111100000001111
000000000001100000000000000000000000000000000000000000000000000000000001
000000000000000000000000000000000000000000000000000000000000000000000000
000000000000000000000000000000000000000000000000000000000000000000000000
000000000000000000000000000000000000000000000000000000000000000000000000
000000000000000000000000000000000000000000000000000000000000000000000000
000000000000000000000000000000000000000000000000000000000000000000000000
000000000000000000000000000000000000000000000000000000000000000000000000
000000000000000000000000000000000000000000000000000000000000000000000000
000000000000000000000000000000000000000000000000000000000000000000000000
000000000000000000000000000000000000000000000000000000000000000000000000
000000000000000000000000000000000000000000000000000000000000000000000000
000000000000000000000000000000000000000000000000000000000000000000000000
000000000000000000000000000000000000000000000000000000000000000000000000
000000000000000000000000000000000000000000000000000000000000000000000000
000000000000000000000000000000000000000000000000000000000000000000000000
000000000000000000000000000000000000000000000000000000000000000000000000
000000000000000000000000000000000000000000000000000000000000000000000000
000000000000000000000000000000000000000000000000000000000000000000000000
000000000000000000000000000000000000000000000000000000000000000000000000
000000000000000000000000000000000000000000000000000000000000000000000000
000000000000000000000000000000000000000000000000000000000000000000000000
000000000000000000000000000000000000000000000000000000000000000000000000
000000000000000000000000000000000000000000000000000000000000000000000000
000000000000000000000000000000000000000000000000000000000000000000000000
000000000000000000000000000000000000000000000000000000000000000000000000
000000000000000000000000000000000000000000000000000000000000000000000000
000000000000000000000000000000000000000000000000000000000000000000000000
000000000000000000000000000000000000000000000000000000000000000000000000
000000000000000000000000000000000000000000000000000000000000000000000000
000000000000000000000000000000001111111111000000000000000000111111111111
000000000000000000000000000000000000111111100000000000000000000011111000
000000000000000000000000000000000000011111100000000000000000000001110000
000000000000000000000000000000000000011111110000000000000000000001100000
000000000000000000000000000000000000011111111000000000000000000001100000
000000000000000000000000000000000000011111111100000000000000000001100000
000000000000000000000000000000000000011101111110000000000000000001100000
000000000000000000000000000000000000011101111111000000000000000001100000
000000000000000000000000000000000000011100111111000000000000000001100000
000000000000000000000000000000000000011100011111100000000000000001100000
000000000000000000000000000000000000011100001111110000000000000001100000
000000000000000000000000000000000000011100000111111000000000000001100000
