000000000000000000000000000000000000000000000000000000000000000000000000
000000000000000000000000000000000000000000000000000000000000000000000000
000000000000000000000000000000000000000000000000000000000000000000000000
000000000000000000000000000000000000000000000000000000000000000000000000
000000000000000000000000000000000000000000000000000000000000000000000000
000000000000000000000000000000000000000000000000000000000000000000000000
000000000000000000000000000000000000000000000000000000000000000000000000
000000000000000000000000000000000000000000000000000000000000000000000000
000000000000000000000000000000000000000000000000000000000000000000000000
000000000000000000000000000000000000000000000000000000000000000000000000
110000000000000110000000000000000000000001100000000000000000000000000001
111110000000111111110000000000000000011111111110000000000000011110000111
111111000001111111111000000000000001111000011111100000000111111110001111
111111100011111111111100000000000011100000000111110000000111111110011111
001111110110000001111110000000000111000000000011111000000000111110111111
000111111100000000111110000000001111000000000001111100000000011111100001
000011111000000000011110000000001110000000000000111110000000011111000000
000011111000000000011110000000011110000000000000111110000000011111000000
000011110000000000011110000000011110000000000000111110000000011110000000
000011110000000000011110000000111110000000000000011111000000011110000000
000011110000000000011110000000111110000000000000011111000000011110000000
000011110000000000011110000000111110000000000000011111000000011110000000
000011110000000000011110000000111110000000000000011111000000011110000000
000011110000000000011110000000111110000000000000011111000000011110000000
000011110000000000011110000000111110000000000000011111000000011110000000
000011110000000000011110000000111110000000000000011111000000011110000000
000011110000000000011110000000111110000000000000011110000000011110000000
000011110000000000011110000000011111000000000000011110000000011110000000
000011110000000000011110000000011111000000000000011100000000011110000000
000011110000000000011110000000001111100000000000111100000000011110000000
000011111000000000011110000000001111100000000000111000000000011110000000
000011111000000000011111000000000111110000000001110000000000111110000000
011111111111000000011111111000000011111100000111100000000111111111111000
111111111111100000011111111100000001111111111110000000000111111111111100
000000000000000000000000000000000000001111110000000000000000000000000000
000000000000000000000000000000000000000000000000000000000000000000000000
000000000000000000000000000000000000000000000000000000000000000000000000
000000000000000000000000000000000000000000000000000000000000000000000000
000000000000000000000000000000000000000000000000000000000000000000000000
000000000000000000000000000000000000000000000000000000000000000000000000
000000000000000000000000000000000000000000000000000000000000000000000000
000000000000000000000000000000000000000000000000000000000000000000000000
000000000000000000000000000000000000000000000000000000000000000000000000
000000000000000000000000000000000000000000000000000000000000000000000000
000000000000000000000000000000000000000000000000000000000000000000000000
000000000000000000000000000000000000000000000000000000000000000000000000
000000000000000000000000000000000000000000000000000000000000000000000000
000000000000000000000000000000000000000000000000000000000000000000000000
000000000000000000000000000000000000000000000000000000000000000000000000
000000000000000000000000000000000000000000000000000000000000000000000000
000000000000000000000000000000000000000000000000000000000000000000000000
000000000000000000000000000000000000000000000000000000000000000000000000
000000000000000000000000000000000000000000000000000000000000000000000000
000000000000000000000000000000000000000000000000000000000000000000000000
000000000000000000000000000000000000000000000000000000000000000000000000
000000000000000000000000000000000000000000000000000000000000000000000000
000000000000000000000000000000000000000000000000000000000000000000000000
000000000000000000000000000000000000000000000000000000000000000000000000
000000000000000000000000000000000000000000000000000000000000000000000000
000000000000000000000000000000000000000000000000000000000000000000000000
000000000000000000000000000000000000000000000000000000000000000000000000
000000111000000000000000000000000000000000000000000000000000000000000000
001111111000000000000000000000000000000000000000000000000000000000000000
011111111000000000000000000000000000000000000011111111111111111111111000
000011111000000000000000000000000000000000000000001111111110001111111110
000001111000000000000000000000000000000000000000000111110000000000111111
000001111000000000000000000000000000000000000000000111110000000000011111
000001111000000000000000000000000000000000000000000111110000000000001111
000001111000000000000000000000000000000000000000000111110000000000001111
000001111000000000000000000000000000000000000000000111110000000000000111
000001111000000000000000000000000000000000000000000111110000000000000111
000001111000000000000000000000000000000000000000000111110000000000000111
000001111000000000000000000000000000000000000000000111110000000000000111
000001111000000000000000000000000000000000000000000111110000000000000111
000001111000001111111000000000000000000000000000000111110000000000001111
000001111000111111111110000000000000000000000000000111110000000000001111
000001111001111111111111000000000000000000000000000111110000000000011111
000001111011100000111111100000000000000000000000000111110000000000111110
000001111110000000001111110000000000000000000000000111110000000001111100
000001111100000000000111110000000000000000000000000111110001111111110000
000001111000000000000111110000000000000000000000000111110001111110000000
000001111000000000000011111000000000000000000000000111110000000000000000
000001111000000000000011111000000000000000000000000111110000000000000000
000001111000000000000011111000000000000000000000000111110000000000000000
000001111000000000000011111000000000000000000000000111110000000000000000
000001111000000000000011111000000000000000000000000111110000000000000000
000001111000000000000011110000000000000000000000000111110000000000000000
000001111000000000000011110000000000000000000000000111110000000000000000
000001111000000000000011110000000000000000000000000111110000000000000000
000001111000000000000011100000000000000000000000000111110000000000000000
000001111000000000000111100000000000000000000000000111110000000000000000
000001111000000000000111000000000000000000000000000111110000000000000000
000001111000000000001110000000000000000000000000000111110000000000000000
000001111100000000011100000000000000000000000000000111110000000000000000
000001111111000000111000000000000000000000000000000111110000000000000000
000011111111111111100000000000000000000000000000011111111100000000000000
000011001111111111000000000000000000000000000011111111111111100000000000
000000000000111000000000000000000000000000000000000000000000000000000000
000000000000000000000000000000000000000000000000000000000000000000000000
000000000000000000000000000000000000000000000000000000000000000000000000
000000000000000000000000000000000000000000000000000000000000000000000000
000000000000000000000000000000000000000000000000000000000000000000000000
000000000000000000000000000000000000000000000000000000000000000000000000
000000000000000000000000000000000000000000000000000000000000000000000000
000000000000000000000000000000000000000000000000000000000000000000000000
000000000000000000000000000000000000000000000000000000000000000000000000
000000000000000000000000000000000000000000000000000000000000000000000000
000000000000000000000000000000000000000000000000000000000000000000000000
000000000000000000000000000000000000000000000000000000000000000000000000
000000000000000000000000000000000000000000000000000000000000000000000000
000000000000000000000000000000000000000000000000000000000000000000000000
000000000000000000000000000000000000000000000000000000000000000000000000
000000000000000000000000000000000000000000000000000000000000000000000000
000000000000000000000000000000000000000000000000000000000000000000000000
000000000000000000000000000000000000000000000000000000000000000000000000
000000000000000000000000000000000000000000000000000000000000000000000000
000000000000000000000000000000000000000000000000000000000000000000000000
000000000000000000000000000000000000000000000000000000000000000000000000
000000000000000000000000000000000000000000000000000000000000000000000000
000000000000000000000000000000000000000000000000000000000000000000000000
000000000000000000000000000000000000000000000000000000000000000000000000
000000000000000000000000000000000000000000000000000000000000000000000000
000000000000000000000000000000000000000000000000000000000000000000000000
000000000000000000000000000000000000000000000000000000000000000000000000
000000000000000000000000000000000000000000000000000000000000000000000000
000000000000000000000000000000000000000000000000000000000000000000000000
000000000000000000000000000000000000000000000000000000000000000000000000
000000000000000000000000000000000000000000000000000000000000000000000000
000000000000000000000000000000000000000000000000000000000000000000000000
000000000000000000000000000000000000000000000000000000000000000000000000
000000000000000000000000000000000000000000000000000000000000000000000000
000000000000000000000000000000000000000000000000000000000000000000000000
000000000000000000000000000000000000000000000000000000000000000000000000
000000000000000000000000000000000000000000000000000000000000000000000000
000000000000000000000000000000000000000000000000000000000000000000000000
000000000000000000000000000000000000000000000000000000000000000000000000
000000000000000000000000000000000000000000000000000000000000000000000000
111000000000000000000000000111111110000000000000000000000000000011000000
111000000000000000000000011111111111000000000000000000000000011111000011
111000000000000000000001111111111111100000000000000000000011111111000111
111000000000000000000011100000001111110000000000000000000000011111001110
111000000000000000000011000000000111110000000000000000000000001111111000
011000000000000000000011000000000011110000000000000000000000001111110000
000000000000000000000000000000000011111000000000000000000000001111100000
000000000000000000000000000000000001111000000000000000000000001111100000
000000000000000000000000000000000001111000000000000000000000001111000000
000000000000000000000000000000011111111000000000000000000000001111000000
000000000000000000000000000111111111111000000000000000000000001111000000
000000000000000000000000111111000001111000000000000000000000001111000000
000000000000000000000001111000000001111000000000000000000000001111000000
000000000000000000000011110000000001111000000000000000000000001111000000
000000000000000000000111100000000001111000000000000000000000001111000000
000000000000000000000111100000000001111000000000000000000000001111000000
000000000000000000001111100000000001111000000000000000000000001111000000
000000000000000000001111100000000011111000000000000000000000001111000000
000000000000000000001111100000000111111000000000000000000000001111100000
000000000000000000001111100000001111111000000000000000000000001111110000
000000000000000000000111111000111001111000000000000000000000001111111000
000000000000000000000111111111100001111000000000000000000000001111111111
000000000000000000000011111111000001111111000000000000000000001111111111
000000000000000000000000111100000000000000000000000000000000001111000111
000000000000000000000000000000000000000000000000000000000000001111000000
000000000000000000000000000000000000000000000000000000000000001111000000
000000000000000000000000000000000000000000000000000000000000001111000000
000000000000000000000000000000000000000000000000000000000000001111000000
000000000000000000000000000000000000000000000000000000000000001111000000
000000000000000000000000000000000000000000000000000000000000001111000000
000000000000000000000000000000000000000000000000000000000000001111000000
000000000000000000000000000000000000000000000000000000000000001111000000
000000000000000000000000000000000000000000000000000000000000001111000000
000000000000000000000000000000000000000000000000000000000000001111000000
000000000000000000000000000000000000000000000000000000000000001111100000
000000000000000000000000000000000000000000000000000000000000011111110000
000000000000000000000000000000000000000000000000000000000011111111111110
000000000000000000000000000000000000000000000000000000000000000000000000
000000000000000000000000000000000000000000000000000000000000000000000000
000000000000000000000000000000000000000000000000000000000000000000000000
000000000000000000000000000000000000000000000000000000000000000000000000
000000000000000000000000000000000000000000000000000000000000000000000000
