000000000000000000000000000000000000000000000000000000000000000000000000
000000000000000000000000000000000000000000000000000000000000000000000000
000000000000000000000000000000000000000000000000000000000000000000000000
000000000000000000000000000000000000000000000000000000000000000000000000
000000000000000000000000000000000000000000000000000000000000000000000000
000000000000000000000000000000000000000000000000000000000000000000000000
000000000000000000000000000000000000000000000000000000000000000000000000
000000100000000000000000000000000000000000000000000000000000000000000000
000111100000000000000000000000000000000000000000000000000000000000000000
111111100000000000000000000000000000000000000000000000000000000000000000
111111100000000000000000000000000000000000000000000000000000000000000000
000111100000000000000000000000000000000000000000000000000000000000000000
000111100000000000000000000000000000000000000000000000000000000000000000
000111100000000000000000000000000000000000000000000000000000000000000000
000111100000000000000000000000000000000000000000000000000000000000000000
000111100000000000000000000000000000000000000000000000000000000000000000
000111100000000000000000000000000000000000000000000000000000000000000000
000111100000000000000000000000000000000000000000000000000000000000000000
000111100000000000000000000000000000000000000000000000000000000000000000
000111100000000000000000000000000000000000000000000000000000000000000000
000111100000000000000011111100000000000000000000000000000010000000000000
000111100000000000011111111111000000001111111111110000000111000000001111
000111100000000000111111111111100000000011111100000000000111000000000001
000111100000000011100000001111110000000001111100000000000111000000000000
000111100000000011000000000111110000000000111100000000001111100000000001
000111100000000011000000000011110000000000111100000000001111100000000001
000111100000000011000000000011110000000000111110000000011111110000000001
000111100000000000000000000001111000000000011110000000011011110000000011
000111100000000000000000000001111000000000011110000000110011110000000011
000111100000000000000000001111111000000000011110000000110011111000000011
000111100000000000000111111111111000000000011111000000110001111000000110
000111100000000000011111000001111000000000001111000001100001111100000110
000111100000000001111000000001111000000000001111000001100000111100000110
000111100000000011110000000001111000000000001111100011000000111100001100
000111100000000111100000000001111000000000000111100011000000111110001100
000111100000000111100000000001111000000000000111100110000000011110001000
000111100000001111000000000001111000000000000111110110000000011111011000
000111100000001111000000000011111000000000000011111110000000001111011000
000111100000001111100000000011111000000000000011111100000000001111110000
000111100000001111100000001111111000000000000011111100000000001111110000
000111110000000111110000011001111000000000000011111000000000000111110000
000111110000000111111111110001111000000000000001111000000000000111100000
111111111111000011111111000011111111000000000001110000000000000011100000
110000000110000000111110000001000011000000000000110000000000000011000000
000000000000000000000000000000000000000000000000000000000000000000000000
000000000000000000000000000000000000000000000000000000000000000000000000
000000000000000000000000000000000000000000000000000000000000000000000000
000000000000000000000000000000000000000000000000000000000000000000000000
000000000000000000000000000000000000000000000000000000000000000000000000
000000000000000000000000000000000000000000000000000000000000000000000000
000000000000000000000000000000000000000000000000000000000000000000000000
000000000000000000000000000000000000000000000000000000000000000000000000
000000000000000000000000000000000000000000000000000000000000000000000000
000000000000000000000000000000000000000000000000000000000000000000000000
000000000000000000000000000000000000000000000000000000000000000000000000
000000000000000000000000000000000000000000000000000000000000000000000000
000000000000000000000000000000000000000000000000000000000000000000000000
000000000000000000000000000000000000000000000000000000000000000000000000
000000000000000000000000000000000000000000000000000000000000000000000000
000000000000000000000000000000000000000000000000000000000000000000000000
000000000000000000000000000000000000000000000000000000000000000000000000
000000000000000000000000000000000000000000000000000000000000000000000000
000000000000000000000000000000000000000000000000000000000000000000000000
000000000000000000000000000000000000000000000000000000000000000000000000
000000000000000000000000000000000000000000000000000000000000000000000000
000000000000000000000000000000000000000000000000000000000000000000000000
000000000000000000000000000000000000000000000000000000000000000000000000
000000000000000000000000000000000000000000000000000000000000000000000000
000000000000000000000000000000000000000000000000000000000000000000000000
000000000000000000000000000000000000000000000000000000000000000000000000
000000000000000000000000000000000000000000000000000000000000000000000000
000000000000000000000000000000000000000000000000000000000000000000000000
000000000000000000000000000000000000000000000000000000000000000000000000
000000000000000000000000000000000000000000000000000000000000000000000000
000000000000000000000000000000000000000000000000000000000000000000000000
000000000000000000000000000000000000000000000000000000000000000000000000
000000000000000000000000000000000000000000000000000000000000000000000000
000000000000000000000000000000000000000000000000000000000000000000000000
000000000000000000000000000000000000000000000000000000000000000000000000
000000000000000000000000000000000000000000000000000000000000000000000000
000000000000000000000000000000000000000000000000000000000000000000000000
000000000000000000000000000000000000000000000000000000000000000000000000
000000000000000000000000000000000000000000000000000000000000000000000000
000000111100000000000000000000001111000000000000000010000001111000000000
000011111111100000000000000001111111110000000000011110000111111111000000
000111111111110000000000000111000001111100000111111110011111111111100000
011110001111111000000000011110000000111110000111111110111100011111110000
111000000011111000000000111100000000011110000000111111100000000111110000
100000000001111100000000111000000000011111000000011111000000000111110000
100000000001111100000001111000000000001111000000011110000000000011111000
000000000000111100000001111000000000001111100000011110000000000011111000
000000000000111100000011110000000000001111100000011110000000000001111000
000000000000111100000011110000000000001111100000011110000000000001111000
000000000000111100000011111111111111111111100000011110000000000001111000
000000000000111100000011111111111111111111000000011110000000000001111000
000000000000111100000011110000000000000000000000011110000000000001111000
000000000000111100000011110000000000000000000000011110000000000001111000
000000000000111100000011111000000000000000000000011110000000000001111000
000000000000111100000011111000000000000000000000011110000000000001111000
000000000000111100000011111000000000000000000000011110000000000001111000
000000000000111100000011111000000000000000000000011110000000000001111000
000000000000111100000001111100000000000000000000011110000000000001111000
000000000000111100000001111110000000000000000000011110000000000001111000
000000000000111100000000111111000000000011000000011110000000000001111000
000000000000111100000000011111110000001110000000111110000000000001111000
111100000000111111110000001111111111111100000111111111111000000001111111
111100000000111111110000000011111111110000000111111111111000000001111111
000000000000000000000000000000011110000000000000000000000000000000000000
000000000000000000000000000000000000000000000000000000000000000000000000
000000000000000000000000000000000000000000000000000000000000000000000000
000000000000000000000000000000000000000000000000000000000000000000000000
000000000000000000000000000000000000000000000000000000000000000000000000
000000000000000000000000000000000000000000000000000000000000000000000000
000000000000000000000000000000000000000000000000000000000000000000000000
000000000000000000000000000000000000000000000000000000000000000000000000
000000000000000000000000000000000000000000000000000000000000000000000000
000000000000000000000000000000000000000000000000000000000000000000000000
000000000000000000000000000000000000000000000000000000000000000000000000
000000000000000000000000000000000000000000000000000000000000000000000000
000000000000000000000000000000000000000000000000000000000000000000000000
000000000000000000000000000000000000000000000000000000000000000000000000
000000000000000000000000000000000000000000000000000000000000000000000000
000000000000000000000000000000000000000000000000000000000000000000000000
000000000000000000000000000000000000000000000000000000000000000000000000
000000000000000000000000000000000000000000000000000000000000000000000000
000000000000000000000000000000000000000000000000000000000000000000000000
000000000000000000000000000000000000000000000000000000000000000000000000
000000000000000000000000000000000000000000000000000000000000000000000000
000000000000000000000000000000000000000000000000000000000000000000000000
000000000000000000000000000000000000000000000000000000000000000000000000
000000000000000000000000000000000000000000000000000000000000000000000000
000000000000000000000000000000000000000000000000000000000000000000000000
000000000000000000000000000000000000000000000000000000000000000000000000
000000000000000000000000000000000000000000000000000000000000000000000000
000000000000000000000000000000000000000000000000000000000000000000000000
000000000000000000000000000000000000000000000000000000000000000000000000
000000000000000000000000000000000000000000000000000000000000000000000000
000000000000000000000000000000000000000000000000000000000000000000000000
000000000000000000000000000000000000000000000000000000000000000000000000
100000000000000000000000000000000000000000000000000000000000000000000000
110000000000000000000000000000000000000000000000000000000000000000000000
100000000000000000000000000000000000000000000000000000000000000000000000
100000000000000000000000000000000000000000000000000000000000000000000000
100000000000000000000000000000000000000000000000000000000000000000000000
100000000000000000000000000000000000000000000000000000000000000000000000
100000000000000000000000000000000000000000000000000000000000000000000000
100000000000000000000000000000000000000000000000000000000000000000000000
100000000000000001111111111000000000000000000000000000011111111100000000
111111110000000111100001111110000000000000000000000001111111111110000000
111111110000001110000000011111000000000000000000000111100001111111000000
111111100000011100000000001111100000000000000000000111000000001111100000
100000000000111100000000000111110000000000000000000110000000001111100000
100000000001111000000000000011111000000000000000000110000000000111100000
100000000001111000000000000011111000000000000000000000000000000111100000
100000000001111000000000000011111000000000000000000000000000000111100000
100000000011111000000000000001111100000000000000000000000000000111100000
100000000011111000000000000001111100000000000000000000000011111111100000
100000000011110000000000000001111100000000000000000000011111100111100000
100000000011111000000000000001111100000000000000000011111000000111100000
100000000011111000000000000001111100000000000000000111100000000111100000
100000000011111000000000000001111100000000000000001111000000000111100000
100000000011111000000000000001111000000000000000001111000000000111100000
100000000011111000000000000001111000000000000000011110000000000111100000
100000000001111100000000000001111000000000000000011110000000000111100000
100000000001111100000000000011110000000000000000011110000000000111100000
100000000001111110000000000011110000000000000000011111000000001111100000
110000000000111110000000000111100000000000000000011111000000110111100000
111111100000011111000000000111000000000000000000001111110011100111110000
111111000000001111110000011110000000000000000000001111111111000111111100
111110000000000111111111111000000000000000000000000111111100000111111110
000000000000000000111111000000000000000000000000000000000000000000000000
000000000000000000000000000000000000000000000000000000000000000000000000
000000000000000000000000000000000000000000000000000000000000000000000000
000000000000000000000000000000000000000000000000000000000000000000000000
000000000000000000000000000000000000000000000000000000000000000000000000
000000000000000000000000000000000000000000000000000000000000000000000000
000000000000000000000000000000000000000000000000000000000000000000000000
000000000000000000000000000000000000000000000000000000000000000000000000
000000000000000000000000000000000000000000000000000000000000000000000000
