000000000000000000000000000000000000000000000000000000000000000000000000
000000000000000000000000000000000000000000000000000000000000000000000000
000000000000000000000000000000000000000000000000000000000000000000000000
000000000000000000000000000000000000000000000000000000000000000000000000
000000000000000000000000000000000000000000000000000000000000000000000000
000000000000000000000000000000000000000000000000000000000000000000000000
000000000000000000000000000000000000000000000000000000000000000000000000
000000000000000000000000000000000000000000000000000000000000000000000000
000000000000000000000000000000000000000000000000000000000000000000000000
000000000000000000000000000000000000000000000000000000000000000000000000
100000000000000000111111110000000000000111111111110000000000000000000000
110000000000000011110001111100000000011110000111111000000000000000000000
111000000000001111000000011110000000111000000001110000000000000000000000
111100000000011110000000001111000000111000000000110000000000000000000000
111100000000111100000000001111000001110000000000010000000000000000000000
111100000000111100000000001111100001110000000000010000000000000000000000
111110000001111000000000000111100001111000000000000000000000000000000000
111110000001111000000000000111100001111000000000000000000000000000000000
011110000001111000000000000111100001111110000000000000000000000000000000
011110000001111100000000000111100001111111111100000000000000000000000000
011110000011111111111111111111100000111111111111100000000000000000000000
011110000011111000000000000000000000011111111111111000000000000000000000
011110000011111000000000000000000000000011111111111100000000000000000000
011110000011111000000000000000000000000000011111111100000000000000000000
011110000001111000000000000000000000000000000001111100000000000000000000
011110000001111100000000000000000000000000000000111100000000000000000000
011110000001111100000000000000000001000000000000011100000000000000000000
011110000001111110000000000000000001000000000000011100000000000000000000
011110000000111110000000000000000001100000000000011100000000000000000000
011110000000111111000000000001100001100000000000111000000000000000000000
011110000000011111110000000111000001110000000001110000000000000000000000
011111110000001111111111111110000001111100000011100000000000000000000000
011111111000000011111111111000000001111111111111000000000000000000000000
000000000000000000011111000000000000001111111000000000000000000000000000
000000000000000000000000000000000000000000000000000000000000000000000000
000000000000000000000000000000000000000000000000000000000000000000000000
000000000000000000000000000000000000000000000000000000000000000000000000
000000000000000000000000000000000000000000000000000000000000000000000000
000000000000000000000000000000000000000000000000000000000000000000000000
000000000000000000000000000000000000000000000000000000000000000000000000
000000000000000000000000000000000000000000000000000000000000000000000000
000000000000000000000000000000000000000000000000000000000000000000000000
000000000000000000000000000000000000000000000000000000000000000000000000
000000000000000000000000000000000000000000000000000000000000000000000000
000000000000000000000000000000000000000000000000000000000000000000000000
000000000000000000000000000000000000000000000000000000000000000000000000
000000000000000000000000000000000000000000000000000000000000000000000000
000000000000000000000000000000000000000000000000000000000000000000000000
000000000000000000000000000000000000000000000000000000000000000000000000
000000000000000000000000000000000000000000000000000000000000000000000000
000000000000000000000000000000000000000000000000000000000000000000000000
000000000000000000000000000000000000000000000000000000000000000000000000
000000000000000000000000000000000000000000000000000000000000000000000000
000000000000000000000000000000000000000000000000000000000000000000000000
000000000000000000000000000000000000000000000000000000000000000000000000
000000000000000000000000000000000000000000000000000000000000000000000000
000000000000000000000000000000000000000000000000000000000000000000000000
000000000000000000000000000000000000000000000000000000000000000000000000
000000000000000000000000000000000000000000000000000000000000000000000000
000000000000000000000000000000000000000000000000000000000000000000000000
000000000000000000000000000000000000000000000000000000000000000000000000
000000000000000000000000000000000000000000000000000000000000000000000000
111111111111111111100000000000000000000000000000000000000000000000000000
111111111111111111100000000000000000000000000000000000000000000000000000
001111100000000011100000000000000000000000000000000000000000000000000000
001111100000000001100000000000000000000000000000000000000000000000000000
001111100000000001100000000000000000000000000000000000000000000000000000
001111100000000001100000000000000000000000000000000000000000000000000000
001111100000000001100000000000000000000000000000000000000000000000000000
001111100000000001000000000000000000000000000000000000000000000000000000
001111100000000000000000000000000000000000000000000000000000000000000000
001111100000000000000000000000000000000000000000000000000000000000000000
001111100000000000000000000000000000000000000000000000000000000000000000
001111100000000000000011100000000000001110000000000000011111110000000000
001111100000000000111111100000000011111110000000000001111001111100000000
001111100000000011111111100000001111111110000000000111000000011110000000
001111100000000000001111100000000000111110000000001110000000001111000000
001111100000000000001111100000000000111110000000011110000000001111100000
001111100000000000001111100000000000111110000000111100000000000111100001
001111100000000000001111100000000000111110000000111100000000000111100001
001111100000000000001111100000000000111110000001111100000000000111110001
001111100000000000001111100000000000111110000001111100000000000111110001
001111100000000000001111100000000000111110000001111100000000000111110000
001111100000000000001111100000000000111110000001111111111111111111110000
001111100000000000001111100000000000111110000001111111111111111000000000
001111100000000000001111100000000000111110000001111000000000000000000000
001111100000000000001111100000000000111110000001111100000000000000000000
001111100000000000001111100000000000111110000001111100000000000000000000
001111100000000000001111100000000000111110000001111100000000000000000000
001111100000000000001111100000000000111110000001111100000000000000000001
001111100000000000001111100000000001111110000000111110000000000000000001
001111100000000000000111100000000001111110000000111110000000000000000001
001111100000000000000111110000000110111110000000011111000000000000100001
001111100000000000000111111100011100111110000000011111110000000011100001
011111111000000000000011111111111000111111000000001111111111111111000001
111111111111000000000001111111110000111111110000000011111111111100000001
000000000000000000000000011110000000000000000000000000111111110000000000
000000000000000000000000000000000000000000000000000000000000000000000000
000000000000000000000000000000000000000000000000000000000000000000000000
000000000000000000000000000000000000000000000000000000000000000000000000
000000000000000000000000000000000000000000000000000000000000000000000000
000000000000000000000000000000000000000000000000000000000000000000000000
000000000000000000000000000000000000000000000000000000000000000000000000
000000000000000000000000000000000000000000000000000000000000000000000000
000000000000000000000000000000000000000000000000000000000000000000000000
000000000000000000000000000000000000000000000000000000000000000000000000
000000000000000000000000000000000000000000000000000000000000000000000000
000000000000000000000000000000000000000000000000000000000000000000000000
000000000000000000000000000000000000000000000000000000000000000000000000
000000000000000000000000000000000000000000000000000000000000000000000000
000000000000000000000000000000000000000000000000000000000000000000000000
000000000000000000000000000000000000000000000000000000000000000000000000
000000000000000000000000000000000000000000000000000000000000000000000000
000000000000000000000000000000000000000000000000000000000000000000000000
000000000000000000000000000000000000000000000000000000000000000000000000
000000000000000000000000000000000000000000000000000000000000000000000000
000000000000000000000000000000000000000000000000000000000000000000000000
000000000000000000000000000000000000000000000000000000000000000000000000
000000000000000000000000000000000000000000000000000000000000000000000000
000000000000000000000000000000000000000000000000000000000000000000000000
000000000000000000000000000000000000000000000000000000000000000000000000
000000000000000000000000000000000000000000000000000000000000000000000000
000000000000000000000000000000000000000000000000000000000000000000000000
000000000000000000000000000000000000000000000000000000000000000000000000
000000000000000000000000000000000000000000000000000000000000000000000000
000000000000000000000000000000000000000000000000000000000000000000000000
000000000000000000000000000000000000000000000000000000000000000000000000
000000000000000000000000000000000000000000000000000000000000000000000000
000000000000000000000000000000000000000000000000000000000000000000000000
000000000000000000000000000000000000000000000000000000000000000000000000
000000000000000000000000000000000000000000000000000000000000000000000000
000000000000000000000000000000000000000000000000000000000000000000000000
000000000000000000000000000000000000000000000000000000000000000000000000
000000000000000000000000000000000000000000000000000000000000000000000000
000000000000000000000000000000000000000000000000000000000000000000000000
000000000000000000000000000000000000000000000000000000000000000000000000
000000000000000000000000001111110000000000000011111111000000000011000000
000000000000000000000001111111111100000000001111111111110000000011111111
000000000000000000000111111111111110000000111100000011111100000000111111
000000000000000000001110000000011100000001111000000000111110000000011111
000000000000000000011100000000001100000011110000000000011111000000011111
000000000000000000111000000000001100000011100000000000011111000000001111
000000000000000001111000000000000100000111100000000000001111100000001111
000000000000000001110000000000000100000111100000000000001111100000000111
000000000000000011110000000000000000001111100000000000000111110000000111
000000000000000011110000000000000000001111100000000000000111110000000011
000000000000000011110000000000000000001111100000000000000111110000000011
000000000000000011110000000000000000001111100000000000000111110000000011
000000000000000011110000000000000000001111100000000000000111110000000001
000000000000000011110000000000000000001111100000000000000111110000000001
000000000000000011110000000000000000001111100000000000000111110000000000
000000000000000011111000000000000000001111100000000000000111100000000000
000000000000000011111000000000000000001111110000000000000111100000000000
000000000000000011111100000000000000000111110000000000000111100000000000
000000000000000001111100000000000000000111110000000000001111000000000000
000000000000000001111110000000000000000011111000000000001110000000000000
000000000000000000111111100000000000000001111100000000011100000000000000
000000000000000000011111111000011100000001111110000000111000000000000000
000000000000000000000111111111111100000000011111100011110000000000000000
000000000000000000000001111111110000000000000111111111000000000000000000
000000000000000000000000000000000000000000000000000000000000000000000000
000000000000000000000000000000000000000000000000000000000000000000000000
000000000000000000000000000000000000000000000000000000000000000000000000
000000000000000000000000000000000000000000000000000000000000000000000000
000000000000000000000000000000000000000000000000000000000000000000000000
000000000000000000000000000000000000000000000000000000000000000000000000
000000000000000000000000000000000000000000000000000000000000000000000000
000000000000000000000000000000000000000000000000000000000000000000000000
000000000000000000000000000000000000000000000000000000000000000000000000
000000000000000000000000000000000000000000000000000000000000000000000000
000000000000000000000000000000000000000000000000000000000000000000000000
000000000000000000000000000000000000000000000000000000000000000000000000
000000000000000000000000000000000000000000000000000000000000000000000000
000000000000000000000000000000000000000000000000000000000000000000000000
000000000000000000000000000000000000000000000000000000000000000000000000
000000000000000000000000000000000000000000000000000000000000000000000000
000000000000000000000000000000000000000000000000000000000000000000000000
000000000000000000000000000000000000000000000000000000000000000000000000
000000000000000000000000000000000000000000000000000000000000000000000000
