000000000000000000000000000000000000000000000000000000000000000000000000
000000000000000000000000000000000000000000000000000000000000000000000000
000000000000000000000000000000000000000000000000000000000000000000000000
000000000000000000000000000000000000000000000000000000000000000000000000
000000000000000000000000000000000000000000000000000000000000000000000000
000000000000000000000000000000000000000000000000000000000000000000000000
000000000000000000000000000000000000000000000000000000000000000000000000
000000000000000000000000000000000000000000000000000000000000000000000000
000000000000000000000000000000000000000000000000000000000000000000000000
000000000000000000000000000000000000000000000000000000000000000000000000
000000001100000000000000000000000000000000010000000000000000000000000000
000011111111110000000001111111111110000000011000000001111111111000000000
001111000011111100000000111111110000000000111000000000011111100000000000
011100000000111110000000001111100000000000111000000000001111000000000000
111000000000011111000000001111100000000001111100000000000110000000000000
111000000000001111100000000111100000000001111100000000001110000000000000
110000000000000111110000000111100000000011111100000000001100000000000000
110000000000000111110000000011110000000011111110000000001100000000000000
110000000000000111110000000011110000000011011110000000011100000000000000
110000000000000011111000000011110000000110011111000000011000000000000000
110000000000000011111000000011111000000110001111000000011000000000000000
110000000000000011111000000001111000001100001111000000110000000000000000
110000000000000011111000000001111000001100000111100000110000000000000000
110000000000000011111000000001111100011000000111100000100000000000000000
110000000000000011111000000000111100011000000111110001100000000000000000
110000000000000011110000000000111100011000000011110001100000000000000000
110000000000000011110000000000111110110000000011110011000000000000000000
111000000000000011110000000000011110110000000011111011000000000000000000
111000000000000011100000000000011111100000000001111110000000000000000000
111100000000000111100000000000011111100000000001111110000000000000000000
111100000000001111000000000000011111000000000000111110000000000000000000
111110000000001110000000000000001111000000000000111100000000000000000000
011111100000111100000000000000001111000000000000111100000000000000000000
001111111111110000000000000000001110000000000000011100000000000000000000
000001111110000000000000000000000000000000000000000000000000000000000000
000000000000000000000000000000000000000000000000000000000000000000000000
000000000000000000000000000000000000000000000000000000000000000000000000
000000000000000000000000000000000000000000000000000000000000000000000000
000000000000000000000000000000000000000000000000000000000000000000000000
000000000000000000000000000000000000000000000000000000000000000000000000
000000000000000000000000000000000000000000000000000000000000000000000000
000000000000000000000000000000000000000000000000000000000000000000000000
000000000000000000000000000000000000000000000000000000000000000000000000
000000000000000000000000000000000000000000000000000000000000000000000000
000000000000000000000000000000000000000000000000000000000000000000000000
000000000000000000000000000000000000000000000000000000000000000000000000
000000000000000000000000000000000000000000000000000000000000000000000000
000000000000000000000000000000000000000000000000000000000000000000000000
000000000000000000000000000000000000000000000000000000000000000000000000
000000000000000000000000000000000000000000000000000000000000000000000000
000000000000000000000000000000000000000000000000000000000000000000000000
000000000000000000000000000000000000000000000000000000000000000000000000
000000000000000000000000000000000000000000000000000000000000000000000000
000000000000000000000000000000000000000000000000000000000000000000000000
000000000000000000000000000000000000000000000000000000000000000000000000
000000000000000000000000000000000000000000000000000000000000000000000000
000000000000000000000000000000000000000000000000000000000000000000000000
000000000000000000000000000000000000000000000000000000000000000000000000
000000000000000000000000000000000000000000000000000000000000000000000000
000000000000000000000000000000000000000000000000000000000000000000000000
000000000000000000000000000000000000000000000000000000000000000000000000
000000000000000000000000000000000000000000000000000000000000000000000000
000000000000000000000000000000000000000000000000000000000000000000000000
000000000000000000000000000000000000000001111111111111111111111111100000
000000000000000000000000000000000000000000001111111111111111111111100000
000000000000000000000000000000000000000000000111110000000000000011100000
000000000000000000000000000000000000000000000111110000000000000001100000
000000000000000000000000000000000000000000000111110000000000000001000000
000000000000000000000000000000000000000000000011110000000000000001000000
000000000000000000000000000000000000000000000011110000000000000001000000
000000000000000000000000000000000000000000000011110000000000000000000000
000000000000000000000000000000000000000000000011110000000000000000000000
000000000000000000000000000000000000000000000011110000000000000000000000
000000000000000000000000000000000000000000000011110000000000000000000000
000000000000000000000000000000000000000000000011110000000000001000000011
000000000000000000000000000000000000000000000011110000000000001000000001
000000000000000000000000000000000000000000000011110000000000001000000000
000000000000000000000000000000000000000000000011110000000000011000000000
000000000000000000000000000000000000000000000011111111111111111000000000
000000000000000000000000000000000000000000000011111111111111111000000000
000000000000000000000000000000000000000000000011111111111111111000000000
000000000000000000000000000000000000000000000011110000000000011000000000
000000000000000000000000000000000000000000000011110000000000001000000000
000000000000000000000000000000000000000000000011110000000000001000000000
000000000000000000000000000000000000000000000011110000000000001000000000
000000000000000000000000000000000000000000000011110000000000000000000000
000000000000000000000000000000000000000000000011110000000000000000000000
000000000000000000000000000000000000000000000011110000000000000000000000
000000000000000000000000000000000000000000000011110000000000000000000000
000000000000000000000000000000000000000000000011110000000000000000110000
000000000000000000000000000000000000000000000011110000000000000000110000
000000100000000000000000000000000000000000000011110000000000000000110000
000001111000000000000000000000000000000000000111110000000000000000100000
000011111100000000000000000000000000000000000111110000000000000001100000
000011111100000000000000000000000000000000000111110000000000000011100000
000011111000000000000000000000000000000000011111111111111111111111100000
000001111000000000000000000000000000000001111111111111111111111111100000
000000000000000000000000000000000000000000000000000000000000000000000000
000000000000000000000000000000000000000000000000000000000000000000000000
000000000000000000000000000000000000000000000000000000000000000000000000
000000000000000000000000000000000000000000000000000000000000000000000000
000000000000000000000000000000000000000000000000000000000000000000000000
000000000000000000000000000000000000000000000000000000000000000000000000
000000000000000000000000000000000000000000000000000000000000000000000000
000000000000000000000000000000000000000000000000000000000000000000000000
000000000000000000000000000000000000000000000000000000000000000000000000
000000000000000000000000000000000000000000000000000000000000000000000000
000000000000000000000000000000000000000000000000000000000000000000000000
000000000000000000000000000000000000000000000000000000000000000000000000
000000000000000000000000000000000000000000000000000000000000000000000000
000000000000000000000000000000000000000000000000000000000000000000000000
000000000000000000000000000000000000000000000000000000000000000000000000
000000000000000000000000000000000000000000000000000000000000000000000000
000000000000000000000000000000000000000000000000000000000000000000000000
000000000000000000000000000000000000000000000000000000000000000000000000
000000000000000000000000000000000000000000000000000000000000000000000000
000000000000000000000000000000000000000000000000000000000000000000000000
000000000000000000000000000000000000000000000000000000000000000000000000
000000000000000000000000000000000000000000000000000000000000000000000000
000000000000000000000000000000000000000000000000000000000000000000000000
000000000000000000000000000000000000000000000000000000000000000000000000
000000000000000000000000000000000000000000000000000000000000000000000000
000000000000000000000000000000000000000000000000000000000000000000000000
000000000000000000000000000000000000000000000000000000000000000000000000
000000000000000000000000000000000000000000000000000000000000000000000000
000000000000000000000000000000000000000000000000000000000000000000000000
000000000000000000000000000000000000000000000000000000000000000000000000
000000000000000000000000000000000000000000000000000000000000000000000000
000000000000000000000000000000000000000000000000000000000000000000000000
000000000000000000000000010000000000000000000000000000000000000000000000
000000000000000000000001110000000000000000000000000000000000000000000000
000000000000000000000111110000000000000000000000000000000000000000000000
000000000000000000000111110000000000000000000000000000000000000000000000
000000000000000000000011110000000000000000000000000000000000000000000000
000000000000000000000011110000000000000000000000000000000000000000000000
000000000000000000000011110000000000000000000000000000000000000000000000
000000000000000000000011110000000000000000000000000000000000000000000000
000000000111000000000011110000000000000000000000000000000111111110000000
000000111111000000000111110000000000000000000000000000111111111111100000
000111111111000000001111111111110000000000000000000001111000000111111000
000000011111000000111111111111110000000000000000000011100000000001111100
000000011111000000000111110000000000000000000000000111100000000001111100
000000011111000000000111110000000000000000000000001111000000000000111110
000000011111000000000111110000000000000000000000001111000000000000011111
000000011111000000000111110000000000000000000000011111000000000000011111
000000011111000000000111110000000000000000000000011110000000000000011111
000000011111000000000111110000000000000000000000011110000000000000001111
000000011111000000000111110000000000000000000000011110000000000000001111
000000011111000000000111110000000000000000000000011110000000000000001111
000000011111000000000111110000000000000000000000011110000000000000001111
000000011111000000000111110000000000000000000000011110000000000000001111
000000011111000000000111110000000000000000000000011111000000000000001111
000000011111000000000111110000000000000000000000011111000000000000001111
000000011111000000000111110000000000000000000000011111000000000000001111
000000011111000000000111110000000000000000000000001111000000000000011110
000000111111000000000111110000000000000000000000001111100000000000011110
000001111111000000000011110000000000000000000000000111110000000000111100
001111011111000000000011111001110000000000000000000111111000000000111000
111100011111000000000011111111100000000000000000000011111100000001110000
111000011111111000000001111111000000000000000000000000111111101111000000
100000000000000000000000011110000000000000000000000000011111111100000000
000000000000000000000000000000000000000000000000000000000000000000000000
000000000000000000000000000000000000000000000000000000000000000000000000
000000000000000000000000000000000000000000000000000000000000000000000000
000000000000000000000000000000000000000000000000000000000000000000000000
000000000000000000000000000000000000000000000000000000000000000000000000
000000000000000000000000000000000000000000000000000000000000000000000000
000000000000000000000000000000000000000000000000000000000000000000000000
000000000000000000000000000000000000000000000000000000000000000000000000
000000000000000000000000000000000000000000000000000000000000000000000000
000000000000000000000000000000000000000000000000000000000000000000000000
000000000000000000000000000000000000000000000000000000000000000000000000
000000000000000000000000000000000000000000000000000000000000000000000000
000000000000000000000000000000000000000000000000000000000000000000000000
000000000000000000000000000000000000000000000000000000000000000000000000
000000000000000000000000000000000000000000000000000000000000000000000000
000000000000000000000000000000000000000000000000000000000000000000000000
000000000000000000000000000000000000000000000000000000000000000000000000
000000000000000000000000000000000000000000000000000000000000000000000000
