111100000000000000000000000000000111111000011110000000000000000000000000
111110000000000000000000000000011111000000011110000000000000000000000000
111111000000000000000000000000111100000000011110000000000000000000000000
111111100000000000000000000001111100000000011110000000000000000000000000
001111100000000000000000000001111000000000011110000000000000000000000000
000111100000000000000000000001111000000000011110000000000000000000000000
000111100000000000000000000001111000000000011110000000000000000000000000
000111000000000000000000000001111000000000111110000000000000000000000000
000111000000000000000000000001111100000001111110000000000000000000000000
001110000000000000000000000001111110000110011110000000000000000000000000
011100000000000000000000000000111111111100011111000000000000000000000000
111000000000000000000000000000111111111000011111110000000000000000000000
100000000000000000000000000000001111100000010000010000000000000000000000
000000000000000000000000000000000000000000000000000000000000000000000000
000000000000000000000000000000000000000000000000000000000000000000000000
000000000000000000000000000000000000000000000000000000000000000000000000
000000000000000000000000000000000000000000000000000000000000000000000000
000000000000000000000000000000000000000000000000000000000000000000000000
000000000000000000000000000000000000000000000000000000000000000000000000
000000000000000000000000000000000000000000000000000000000000000000000000
000000000000000000000000000000000000000000000000000000000000000000000000
000000000000000000000000000000000000000000000000000000000000000000000000
000000000000000000000000000000000000000000000000000000000000000000000000
000000000000000000000000000000000000000000000000000000000000000000000000
000000000000000000000000000000000000000000000000000000000000000000000000
000000000000000000000000000000000000000000000000000000000000000000000000
000000000000000000000000000000000000000000000000000000000000000000000000
000000000000000000000000000000000000000000000000000000000000000000000000
000000000000000000000000000000000000000000000000000000000000000000000000
000000000000000000000000000000000000000000000000000000000000000000000000
000000000000000000000000000000000000000000000000000000000000000000000000
000000000000000000000000000000000000000000000000000000000000000000000000
000000000000000000000000000000000000000000000000000000000000000000000000
000000000000000000000000000000000000000000000000000000000000000000000000
000000000000000000000000000000000000000000000000000000000000000000000000
000000000000000000000000000000000000000000000000000000000000000000000000
000000000000000000000000000000000000000000000000000000000000000000000000
000000000000000000000000000000000000000000000000000000000000000000000000
000000000000000000000000000000000000000000000000000000000000000000000000
000000000000000000000000000000000000000000000000000000000000000000000000
000000001111000000000000000000000000000000000000000000000000000000000000
110011111111000000000000000000000000000000000000000000000000000000000000
110011111111000000000000000000000000000000000000000000000000000000000000
110000011111000000000000000000000000000000000000000000000000000000000000
110000001111000000000000000000000000000000000000000000000000000000000000
110000001111000000000000000000000000000000000000000000000000000000000000
110000001111000000000000000000000000000000000000000000000000000000000000
110000001111000000000000000000000000000000000000000000000000000000000000
110000001111000000000000000000000000000000000000000000000000000000000000
000000001111000000000000000000000000000000000000000000000000000000000000
000000001111000000000000000000000000000000000000000000000000000000000000
000000001111000000000000000000000000000000000000000000000000000000000000
000000001111000000111100000000000000000000011111000000000000000000000000
000000001111000011111111100000000000000011111111110000000000000000000000
000000001111001111111111110000000000000111000001111000000000000000000000
000000001111011110001111111000000000011110000000111100000000000000000000
000000001111110000000011111000000000111100000000011110000000000000000000
000000001111100000000011111000000001111000000000011111000000000000000000
000000001111000000000001111100000001111000000000001111000000000000000000
000000001111000000000001111100000011110000000000001111000000000000000000
000000001111000000000000111100000011110000000000001111000000000000000000
000000001111000000000000111100000011110000000000001111000000000000000000
000000001111000000000000111100000011111111111111111111000000000000000000
000000001111000000000000111100000011111111111111111111000000000000000000
000000001111000000000000111100000111110000000000000000000000000000000000
000000001111000000000000111100000011110000000000000000000000000000000000
000000001111000000000000111100000011110000000000000000000000000000000000
000000001111000000000000111100000011111000000000000000000000000000000000
000000001111000000000000111100000011111000000000000000000000000000000000
000000001111000000000000111100000011111000000000000000000000000000000000
000000001111000000000000111100000001111100000000000000000000000000000000
000000001111000000000000111100000001111110000000000000000000000000000000
000000001111000000000000111100000000111111000000000011000000000000000000
000000011111000000000000111100000000011111110000011110000000000000000000
000011111111111100000000111111110000001111111111111100000000000000000000
000011111111111100000000111111110000000011111111110000000000000000000000
000000000000000000000000000000000000000000011100000000000000000000000000
000000000000000000000000000000000000000000000000000000000000000000000000
000000000000000000000000000000000000000000000000000000000000000000000000
000000000000000000000000000000000000000000000000000000000000000000000000
000000000000000000000000000000000000000000000000000000000000000000000000
000000000000000000000000000000000000000000000000000000000000000000000000
000000000000000000000000000000000000000000000000000000000000000000000000
000000000000000000000000000000000000000000000000000000000000000000000000
000000000000000000000000000000000000000000000000000000000000000000000000
000000000000000000000000000000000000000000000000000000000000000000000000
000000000000000000000000000000000000000000000000000000000000000000000000
000000000000000000000000000000000000000000000000000000000000000000000000
000000000000000000000000000000000000000000000000000000000000000000000000
000000000000000000000000000000000000000000000000000000000000000000000000
000000000000000000000000000000000000000000000000000000000000000000000000
000000000000000000000000000000000000000000000000000000000000000000000000
000000000000000000000000000000000000000000000000000000000000000000000000
000000000000000000000000000000000000000000000000000000000000000000000000
000000000000000000000000000000000000000000000000000000000000000000000000
000000000000000000000000000000000000000000000000000000000000000000000000
000000000000000000000000000000000000000000000000000000000000000000000000
000000000000000000000000000000000000000000000000000000000000000000000000
000000000000000000000000000000000000000000000000000000000000000000000000
000000000000000000000000000000000000000000000000000000000000000000000000
000000000000000000000000000000000000000000000000000000000000000000000000
000000000000000000000000000000000000000000000000000000000000000000000000
000000000000000000000000000000000000000000000000000000000000000000000000
000000000000000000000000000000000000000000000000000000000000000000000000
000000000000000000000000000000000000000000000000000000111100000000000000
000000000000000000000000000000000000000000000000000001111000000000000000
000000000000000000000000000000000000000000000000000011111000000000000000
000000000000000000000000000000000000000000000000000011111000000000000000
000000000000000000000000000000000000000000000000000011110000000000000000
000000000000000000000000000000000000000000000000000011100000000000000000
000000000000000000000000000000000000000000000000000111100000000000000000
000000000000000000000000000000000000000000000000000111000000000000000000
000000000000000000000000000000000000000000000000000111000000000000000000
000000000000000000000000000000000000000000000000001110000000000000000000
000000000000000000000000000000000000000000000000001100000000000000000000
000011000000000000000000000000000100000000000000011000000000000000000001
111111111000000000000001110000111111110000000000000000000000000000111111
111111111110000000111111110001111111111100000000000000000000000001110000
000001111110000000111111110011111111111110000000000000000000000011100000
000000011111000000000111110110000001111110000000000000000000000111000000
000000001111000000000011111000000000111110000000000000000000001111000000
000000001111000000000011111000000000011111000000000000000000001111000000
000000001111100000000011110000000000011111000000000000000000001111000000
000000000111100000000011110000000000001111000000000000000000001111100000
000000001111100000000011110000000000001111000000000000000000001111111000
000111111111100000000011110000000000001111000000000000000000000111111111
111111000111100000000011110000000000001111000000000000000000000011111111
110000000111100000000011110000000000001111000000000000000000000001111111
000000000111100000000011110000000000001111000000000000000000000000011111
000000000111100000000011110000000000001111000000000000000000000000000001
000000000111100000000011110000000000001111000000000000000000000000000000
000000000111100000000011110000000000001111000000000000000000000000000000
000000000111100000000011110000000000001111000000000000000000001100000000
000000001111100000000011110000000000001111000000000000000000001100000000
000000011111100000000011110000000000001111000000000000000000001100000000
000001110111100000000011110000000000001111000000000000000000001100000000
100111000111100000000011110000000000001111000000000000000000001110000000
111110000111111100111111111111000000001111111100000000000000001111100000
111000001111111100111111111111000000001111111100000000000000001111111111
000000000000000000000000000000000000000000000000000000000000000001111111
000000000000000000000000000000000000000000000000000000000000000000000000
000000000000000000000000000000000000000000000000000000000000000000000000
000000000000000000000000000000000000000000000000000000000000000000000000
000000000000000000000000000000000000000000000000000000000000000000000000
000000000000000000000000000000000000000000000000000000000000000000000000
000000000000000000000000000000000000000000000000000000000000000000000000
000000000000000000000000000000000000000000000000000000000000000000000000
000000000000000000000000000000000000000000000000000000000000000000000000
000000000000000000000000000000000000000000000000000000000000000000000000
000000000000000000000000000000000000000000000000000000000000000000000000
000000000000000000000000000000000000000000000000000000000000000000000000
000000000000000000000000000000000000000000000000000000000000000000000000
000000000000000000000000000000000000000000000000000000000000000000000000
000000000000000000000000000000000000000000000000000000000000000000000000
000000000000000000000000000000000000000000000000000000000000000000000000
000000000000000000000000000000000000000000000000000000000000000000000000
000000000000000000000000000000000000000000000000000000000000000000000000
000000000000000000000000000000000000000000000000000000000000000000000000
000000000000000000000000000000000000000000000000000000000000000000000000
000000000000000000000000000000000000000000000000000000000000000000000000
000000000000000000000000000000000000000000000000000000000000000000000000
000000000000000000000000000000000000000000000000000000000000000000000000
000000000000000000000000000000000000000000000000000000000000000000000000
000000000000000000000000000000000000000000000000000000000000000000000000
000000000000000000000000000000000000000000000000000000000000000000000000
000000000000000000000000000000000000000000000000000000000000000000000000
000000000000000000000000000000000000000000000000000000000000000000000000
000000000000000000000000000000000000000000000000000000000000000000000000
000000000000000000000000000000000000000000000000000000000000000000000000
000000000000000000000000000000000000000000000000000000000000000000000000
000000000000000000000000000000000000000000000000000000000000000000000000
000000000000000000000000000000000000000000000000000000000000000000000000
000000000000000000000000000000000000000000000000000000000000000000000000
000000000000000000000000000000000000000000000000000000000000000000000000
000000000000000000000000000000000000000000000000000000000000000000000000
000000000000000000000000000000000000000000000000000000000000000000000000
000000000000000000000000000000000000000000000000000000000000000000000000
000000000000000000000000000000000000000000000000000000000000000000000000
000000000000000000000000000000000000000000000000000000000000000000000000
