000000000000000000000000000000000000000000000000000000000000000000000000
000000000000000000000000000000000000000000000000000000000000000000000000
000000000000000000000000000000000000000000000000000000000000000000000000
000000000000000000000000000000000000000000000000000000000000000000000000
000000000000000000000000000000000000000000000000000000000000000000000000
000000000000000000000000000000000000000000000000000000000000000000000000
000000000000000000000000000000000000000000000000000000000000000000000000
000000000000000000000000000000000000000000000000000000000000000000000000
000000000000000000000000000000000000000000000000000000000000000000000000
000000000000000000000000000000000000000000000000000000000000000000000000
000000000000000000000000000000000000000000000000000000000000000000000000
000000000000000000000000000000000000000000000000000000000000000000000000
000000000000000000001110000000000000000000000000000000000000000000000000
000000000000000000111100000000000000000000000000000000000000000000000000
000000000000000000111100000000000000000000000000000000000000000000000000
000000000000000000111100000000000000000000000000000000000000000000000000
000000000000000000111100000000000000000000000000000000000000000000000000
000000000000000000111100000000000000000000000000000000000000000000000000
000000000000000000111100000000000000000000000000000000000000000000000000
000000000000000000111100000000000000000011111100000000000000000010000001
000000000000000000111100000000000000011111111111100000000000011110000111
000000000000000001111111111110000000111000000111110000000111111110001111
000000000000001111111111111110000011110000000011111100000011111110011100
000000000000001111111110000000000111100000000001111100000000011111110000
000000000000000000111100000000000111000000000000111110000000011111100000
000000000000000000111100000000001111000000000000011111000000011111000000
000000000000000000111100000000001111000000000000011111000000011111000000
000000000000000000111100000000011111000000000000011111000000011110000000
000000000000000000111100000000011110000000000000001111100000011110000000
000000000000000000111100000000011110000000000000001111100000011110000000
000000000000000000111100000000011110000000000000001111100000011110000000
000000000000000000111100000000011110000000000000001111100000011110000000
000000000000000000111100000000011111000000000000001111100000011110000000
000000000000000000111100000000011111000000000000001111000000011110000000
000000000000000000111100000000011111000000000000001111000000011110000000
000000000000000000111100000000011111000000000000001111000000011110000000
000000000000000000111100000000001111100000000000001110000000011110000000
000000000000000000111100000000001111100000000000011110000000011110000000
000000000000000000111100000000000111110000000000011100000000011110000000
000000000000000000111110000100000111110000000000111000000000011111000000
000000000000000000111111111100000011111000000001110000000000011111000000
000000000000000000011111111000000001111110000011100000000111111111111000
000000000000000000001111110000000000011111111110000000000111111111111000
000000000000000000000000000000000000000001000000000000000000000000000000
000000000000000000000000000000000000000000000000000000000000000000000000
000000000000000000000000000000000000000000000000000000000000000000000000
000000000000000000000000000000000000000000000000000000000000000000000000
000000000000000000000000000000000000000000000000000000000000000000000000
000000000000000000000000000000000000000000000000000000000000000000000000
000000000000000000000000000000000000000000000000000000000000000000000000
000000000000000000000000000000000000000000000000000000000000000000000000
000000000000000000000000000000000000000000000000000000000000000000000000
000000000000000000000000000000000000000000000000000000000000000000000000
000000000000000000000000000000000000000000000000000000000000000000000000
000000000000000000000000000000000000000000000000000000000000000000000000
000000000000000000000000000000000000000000000000000000000000000000000000
000000000000000000000000000000000000000000000000000000000000000000000000
000000000000000000000000000000000000000000000000000000000000000000000000
000000000000000000000000000000000000000000000000000000000000000000000000
000000000000000000000000000000000000000000000000000000000000000000000000
000000000000000000000000000000000000000000000000000000000000000000000000
000000000000000000000000000000000000000000000000000000000000000000000000
000000000000000000000000000000000000000000000000000000000000000000000000
000000000000000000000000000000000000000000000000000000000000000000000000
000000000000000000000000000000000000000000000000000000000000000000000000
000000000000000000000000000000000000000000000000000000000000000000000000
000000000000000000000000000000000000000000000000000000000000000000000000
000000000000000000000000000000000000000000000000000000000000000000000000
000000000000000000000000000000000000000000000000000000000000000000000000
000000000000000000000000000000000000000000000000000000000000000000000000
000000000000000000000000000000000000000000000000000000000000000000000000
000000000000000000000000000000000000000000000000000000000000000000000000
000000000000000000111100000000000000000000000000000000000000000000000000
000000000000000001111110000000000000000000000000000000000000000000000000
000000000000000001111110000000000000000000000000000000000000000000000000
000000000000000000111100000000000000000000000000000000000000000000000000
000000000000000000011000000000000000000000000000000000000000000000000011
000000000000000000000000000000000000000000000000000000000000000000000011
000000000000000000000000000000000000000000000000000000000000000000000011
000000000000000000000000000000000000000000000000000000000000000000000011
000000000000000000000000000000000000000000000000000000000000000000000011
000000000000000000000000000000000000000000000000000000000000000000000011
000000000000000000000100000000000000111110000000000000000000000000000011
000000000000000000111100000000000111111111111000000000000000000000000011
000000000000001111111100000000001110000011111000000000000000000000000111
000000000000001111111100000000011100000000111000000000000000000000011111
000000000000000000111100000000111000000000011000000000000000000000111111
000000000000000000111100000000111000000000011000000000000000000000000011
000000000000000000111100000001111000000000011000000000000000000000000011
000000000000000000111100000001111000000000000000000000000000000000000011
000000000000000000111100000001111100000000000000000000000000000000000011
000000000000000000111100000000111111000000000000000000000000000000000011
000000000000000000111100000000111111111110000000000000000000000000000011
000000000000000000111100000000011111111111110000000000000000000000000011
000000000000000000111100000000001111111111111000000000000000000000000011
000000000000000000111100000000000001111111111100000000000000000000000011
000000000000000000111100000000000000000111111110000000000000000000000011
000000000000000000111100000000000000000000111110000000000000000000000011
000000000000000000111100000000000000000000011110000000000000000000000011
000000000000000000111100000001100000000000011110000000000000000000000011
000000000000000000111100000001100000000000011110000000000000000000000011
000000000000000000111100000001100000000000011100000000000000000000000011
000000000000000000111100000001110000000000111100000000000000000000000011
000000000000000000111110000001111000000000111000000000000000000000000011
000000000000001111111111110001111110000111100000000000000000000000000001
000000000000001111111111110001111111111111000000000000000000000000000000
000000000000000000000000000000000111110000000000000000000000000000000000
000000000000000000000000000000000000000000000000000000000000000000000000
000000000000000000000000000000000000000000000000000000000000000000000000
000000000000000000000000000000000000000000000000000000000000000000000000
000000000000000000000000000000000000000000000000000000000000000000000000
000000000000000000000000000000000000000000000000000000000000000000000000
000000000000000000000000000000000000000000000000000000000000000000000000
000000000000000000000000000000000000000000000000000000000000000000000000
000000000000000000000000000000000000000000000000000000000000000000000000
000000000000000000000000000000000000000000000000000000000000000000000000
000000000000000000000000000000000000000000000000000000000000000000000000
000000000000000000000000000000000000000000000000000000000000000000000000
000000000000000000000000000000000000000000000000000000000000000000000000
000000000000000000000000000000000000000000000000000000000000000000000000
000000000000000000000000000000000000000000000000000000000000000000000000
000000000000000000000000000000000000000000000000000000000000000000000000
000000000000000000000000000000000000000000000000000000000000000000000000
000000000000000000000000000000000000000000000000000000000000000000000000
000000000000000000000000000000000000000000000000000000000000000000000000
000000000000000000000000000000000000000000000000000000000000000000000000
000000000000000000000000000000000000000000000000000000000000000000000000
000000000000000000000000000000000000000000000000000000000000000000000000
000000000000000000000000000000000000000000000000000000000000000000000000
000000000000000000000000000000000000000000000000000000000000000000000000
000000000000000000000000000000000000000000000000000000000000000000000000
000000000000000000000000000000000000000000000000000000000000000000000000
000000000000000000000000000000000000000000000000000000000000000000000000
000000000000000000000000000000000000000000000000000000000000000000000000
000000000000001111100000000000000000011111000000000000000000000000000000
000000000000001111111111111111111111111111000011110000000000000000000000
000000000000001111111111111111111111111111000111110000000000000000000000
000000000000001100000000001111100000000011000111111000000000000000000000
000000000000001100000000001111100000000011000111110000000000000000000000
000000000000001100000000001111100000000001000011110000000000000000000000
000000000000001100000000001111100000000001000000000000000000000000000000
000000000000001100000000001111100000000001000000000000000000000000000000
000000000000000000000000001111100000000000000000000000000000000000000000
000000000000000000000000001111100000000000000000000000000000000000000000
000000000000000000000000001111100000000000000000000000000000000000000000
000000000000000000000000001111100000000000000000000000000000000000000000
000000000000000000000000001111100000000000000001110000000000011100001111
000000000000000000000000001111100000000000011111110000000111111100011111
000000000000000000000000001111100000000000111111110000001111111100111111
000000000000000000000000001111100000000000000111110000000000111111100000
000000000000000000000000001111100000000000000011110000000000111111000000
000000000000000000000000001111100000000000000011110000000000111110000000
000000000000000000000000001111100000000000000011110000000000111110000000
000000000000000000000000001111100000000000000011110000000000111100000000
000000000000000000000000001111100000000000000011110000000000111100000000
000000000000000000000000001111100000000000000011110000000000111100000000
000000000000000000000000001111100000000000000011110000000000111100000000
000000000000000000000000001111100000000000000011110000000000111100000000
000000000000000000000000001111100000000000000011110000000000111100000000
000000000000000000000000001111100000000000000011110000000000111100000000
000000000000000000000000001111100000000000000011110000000000111100000000
000000000000000000000000001111100000000000000011110000000000111100000000
000000000000000000000000001111100000000000000011110000000000111100000000
000000000000000000000000001111100000000000000011110000000000111100000000
000000000000000000000000001111100000000000000011110000000000111100000000
000000000000000000000000001111100000000000000011110000000000111100000000
000000000000000000000000011111100000000000000011110000000000111110000000
000000000000000000000011111111111110000000011111111110000111111111110000
000000000000000000000111111111111111000000111111111111001111111111110001
000000000000000000000000000000000000000000000000000000000000000000000000
000000000000000000000000000000000000000000000000000000000000000000000000
000000000000000000000000000000000000000000000000000000000000000000000000
000000000000000000000000000000000000000000000000000000000000000000000000
000000000000000000000000000000000000000000000000000000000000000000000000
000000000000000000000000000000000000000000000000000000000000000000000000
000000000000000000000000000000000000000000000000000000000000000000000000
000000000000000000000000000000000000000000000000000000000000000000000000
000000000000000000000000000000000000000000000000000000000000000000000000
000000000000000000000000000000000000000000000000000000000000000000000000
