000000000000000000000000000000000000000000000000000000000000000000000000
000000000000000000000000000000000000000000000000000000000000000000000000
000000000000000000000000000000000000000000000000000000000000000000000000
000000000000000000000000000000000000000000000000000000000000000000000000
000000000000000000000000000000000000000000000000000000000000000000000000
000000000000000000000000000000000000000000000000000000000000000000000000
000000000000000000000000000000000000000000000000000000000000000000000000
000000000000000000000000000000000000000000000000000000000000000000000000
000000000000000000000000000000000000000000000000000000000000000000000000
000000000000000000000000000000000000000000000000000000000000000000000000
000000000000000000000000000000000000000000000000000000000000000000000000
000000000000000000000000000000000000000000000000000000000000000000000000
000000000000000000000000000000000000000000000000000000000000000000000000
000000000000000000000000000000000000000000000000000000000000000000000000
000000000000000000000000000000000000000000000000000000000000000000000000
000000000000000000000000000000000000000000000000000000000000000000000000
000000000000000000000000000000000000000000000000000000000000000000000000
000000000000000000000000000000000000000000000000000000000000000000000000
000000000000000000000000000000000000000000000000000000000000000000000000
000000000000000000000000000000000000000000000000000000000000000000000000
000000000000000000000000000000000000000000000000000000000000000000000000
000000000000000000000000000000000000000000000000000000000000000000000000
000000000000000000000000000000000000000000000000000000000000000000000000
000000000000000000000000000000000000000000000000000000000000000000000000
000000000000000000000000000000000000000000000000000000000000000000000000
000000000000000000000000000000000000000000000000000000000000000000000000
000000000000000000000000000000000000000000000000000000000000000000000000
000000000000000000000000000000000000000000000000000000000000000000000000
000000000000000000000000000000000000000000000000000000000000000000000000
000000000000000000000000000000000000000000000000000000000000000000000000
000000000000000000000000000000000000000000000000000000000000000000000000
000000000000000000000000000000000000000000000000000000000000000000000000
000000000000000000000000000000000000000000000000000000000000000000000000
000000000000000000000000000000000000000000000000000000000000000000000000
000000000000000000000000000000000000000000000000000000000000000000000000
000000000000000000000000000000000000000000000000000000000000000000000000
000000000000000000000000000000000000000000000000000000000000000000000000
000000000000000000000000000000000000000000000000000000000000000000000000
000000000000000000000000000000000000000000000000000000000000000000000000
000000000000000000000000000000000000000000000000000000000000000000000000
000000000000000000000000000000000000000000000000000000000000000000000000
000000000000000000000000000000000000000000000000000000000000000000000000
000000000000000000000000000000000000000000000000000000000000000000000000
000000000000000000000000000000000000000000000000000000000000000000000000
000000000000000000000000000000000000000000000000000000000000000000000000
000000000000000000000000000000000000000000000000000000000000000000000000
000000000000000000000000000000000000000000000000000000000000000000000000
000000000000000000000000000000000000000000000000000000000000000000000000
000000000000000000000000000000000000000000000000000000000000000000000000
000000000000000000000000000001000000111100000000000000000000011111000000
100000000000000000000000001111000011111111100000000000000001111111111000
111000000000000000000011111111000111111111110000000000000111000001111100
111100000000000000000011111111011110001111111000000000011110000000111110
111110000000000000000000001111111000000011111000000000111100000000011110
011111000000000000000000001111100000000001111100000000111000000000001111
011111000000000000000000001111100000000001111100000001111000000000001111
001111100000000000000000001111000000000000111100000001111000000000001111
001111100000000000000000001111000000000000111100000011111000000000001111
001111100000000000000000001111000000000000111100000011110000000000001111
000111100000000000000000001111000000000000111100000011111111111111111111
000111100000000000000000001111000000000000111100000011111111111111111111
000111100000000000000000001111000000000000111100000011110000000000000000
000111100000000000000000001111000000000000111100000011110000000000000000
000111100000000000000000001111000000000000111100000011111000000000000000
000111100000000000000000001111000000000000111100000011111000000000000000
001111100000000000000000001111000000000000111100000011111000000000000000
001111000000000000000000001111000000000000111100000001111000000000000000
001111000000000000000000001111000000000000111100000001111100000000000000
001110000000000000000000001111000000000000111100000001111110000000000000
011100000000000000000000001111000000000000111100000000111111000000000011
111000000000000000000000011111000000000000111110000000011111110000001110
110000000000000000000011111111111100000000111111110000001111111111111100
000000000000000000000011111111111100000000111111110000000011111111110000
000000000000000000000000000000000000000000000000000000000000011100000000
000000000000000000000000000000000000000000000000000000000000000000000000
000000000000000000000000000000000000000000000000000000000000000000000000
000000000000000000000000000000000000000000000000000000000000000000000000
000000000000000000000000000000000000000000000000000000000000000000000000
000000000000000000000000000000000000000000000000000000000000000000000000
000000000000000000000000000000000000000000000000000000000000000000000000
000000000000000000000000000000000000000000000000000000000000000000000000
000000000000000000000000000000000000000000000000000000000000000000000000
000000000000000000000000000000000000000000000000000000000000000000000000
000000000000000000000000000000000000000000000000000000000000000000000000
000000000000000000000000000000000000000000000000000000000000000000000000
000000000000000000000000000000000000000000000000000000000000000000000000
000000000000000000000000000000000000000000000000000000000000000000000000
000000000000000000000000000000000000000000000000000000000000000000000000
000000000000000000000000000000000000000000000000000000000000000000000000
000000000000000000000000000000000000000000000000000000000000000000000000
000000000000000000000000000000000000000000000000000000000000000000000000
000000000000000000000000000000000000000000000000000000000000000000000000
000000000000000000000000000000000000000000000000000000000000000000000000
000000000000000000000000000000000000000000000000000000000000000000000000
000000000000000000000000000000000000000000000000000000000000000000000000
000000000000000000000000000000000000000000000000000000000000000000000000
000000000000000000000000000000000000000000000000000000000000000000000000
000000000000000000000000000000000000000000000000000000000000000000000000
000000000000000000000000000000000000000000000000000000000000000000000000
000000000000000000000000000000000000000000000000000000000000000000000000
000000000000000000000000000000000000000000000000000000000000000000000000
000000000000000000000000000000000000000000000000000000000000000000000000
000000000000000000000000000000000000000000000000000000000000000000000000
000000000000000000000000000000000000000000000000000000000000000000000000
000000000000000000000000000000000000000000000000000000000000000000001111
000000000000000000000000000000000000000000000000000000000000000000011111
000000000000000000000000000000000000000000000000000000000000000000011111
000000000000000000000000000000000000000000000000000000010000000000011111
000000000000000000000000000000000000000000000000000011110000000000001111
000000000000000000000000000000000000000000000000000111110000000000000000
000000000000000000000000000000000000000000000000000011110000000000000000
000000000000000000000000000000000000000000000000000011110000000000000000
000000000000000000000000000000000000000000000000000011110000000000000000
000000000000000000000000000000000000000000000000000011110000000000000000
000000000000000000000000000000000000000000000000000011110000000000000000
100001111111100000000000000001111111110000000000000011110000000000000111
100011111111111000000000000011111111111100000000000111111111110001111111
100111111111111100000000001110000011111110000000011111111111110011111111
101100000001111100000000011100000000111110000000111111111111110000011111
111000000000111110000000011000000000011110000000000111110000000000001111
110000000000111110000000011000000000011110000000000111110000000000001111
100000000000011110000000000000000000001111000000000111110000000000001111
100000000000011110000000000000000000001111000000000111110000000000001111
100000000000011110000000000000000000001111000000000111110000000000001111
100000000000011110000000000000000111111111000000000111110000000000001111
100000000000011110000000000001111111001111000000000111110000000000001111
100000000000011110000000000111110000001111000000000111110000000000001111
100000000000011110000000011111000000001111000000000111110000000000001111
100000000000011110000000111110000000001111000000000111110000000000001111
100000000000011110000000111100000000001111000000000111110000000000001111
100000000000011110000000111100000000001111000000000111110000000000001111
100000000000011110000001111100000000001111000000000111110000000000001111
100000000000011110000001111100000000011111000000000111110000000000001111
100000000000011110000001111100000000111111000000000111110000000000001111
100000000000011110000000111110000001101111000000000011110000000000001111
110000000000011111000000111111001110001111000000000011111111110000001111
111100000000011111110000011111111100001111110000000011111111100001111111
111110000000011111111000001111111000001111111000000001111111000011111111
000000000000000000000000000001000000000000000000000000001100000000000000
000000000000000000000000000000000000000000000000000000000000000000000000
000000000000000000000000000000000000000000000000000000000000000000000000
000000000000000000000000000000000000000000000000000000000000000000000000
000000000000000000000000000000000000000000000000000000000000000000000000
000000000000000000000000000000000000000000000000000000000000000000000000
000000000000000000000000000000000000000000000000000000000000000000000000
000000000000000000000000000000000000000000000000000000000000000000000000
000000000000000000000000000000000000000000000000000000000000000000000000
000000000000000000000000000000000000000000000000000000000000000000000000
000000000000000000000000000000000000000000000000000000000000000000000000
000000000000000000000000000000000000000000000000000000000000000000000000
000000000000000000000000000000000000000000000000000000000000000000000000
000000000000000000000000000000000000000000000000000000000000000000000000
000000000000000000000000000000000000000000000000000000000000000000000000
000000000000000000000000000000000000000000000000000000000000000000000000
000000000000000000000000000000000000000000000000000000000000000000000000
000000000000000000000000000000000000000000000000000000000000000000000000
000000000000000000000000000000000000000000000000000000000000000000000000
000000000000000000000000000000000000000000000000000000000000000000000000
000000000000000000000000000000000000000000000000000000000000000000000000
000000000000000000000000000000000000000000000000000000000000000000000000
000000000000000000000000000000000000000000000000000000000000000000000000
000000000000000000000000000000000000000000000000000000000000000000000000
000000000000000000000000000000000000000000000000000000000000000000000000
000000000000000000000000000000000000000000000000000000000000000000000000
000000000000000000000000000000000000000000000000000000000000000000000000
000000000000000000000000000000000000000000000000000011000000000000000000
000000000000000000000000000000000000000000000000111111000000000000000000
000000000000000000000000000000000000000000000011111111000000000000000000
000000000000000000000000000000000000000000000000011111000000000000000000
000000000000000000000000000000000000000000000000001111000000000000000000
000000000000100000000000000000000000000000000000001111000000000000000000
000000000011100000000000000000000000000000000000001111000000000000000000
000000000111100000000000000000000000000000000000001111000000000000000000
000000000111100000000000000000000000000000000000001111000000000000000000
000000000111100000000000000000000000000000000000001111000000000000000000
000000000111100000000000000000000000000000000000001111000000000000000000
000000000111100000000000000000000000000000000000001111000000000000000000
000000000111100000000000000000000000000000000000001111000000000000000000
000000000111100000000000000011111111000000000000001111000000000001111100
