000000000000000000000000000000000000000000000000000000000000000000000000
000000000000000000000000000000000000000000000000000000000000000000000000
000000000000000000000000000000000000000000000000000000000000000000000000
000000000000000000000000000000000000000000000000000000000000000000000000
000000000000000000000000000000000000000000000000000000000000000000000000
000000000000000000000000000000000000000000000000000000000000000000000000
000000000000000000000000000000000000000000000000000000000000000000000000
000000000000000000000000000000000000000000000000000000000000000000000000
000000000000000000000000000000000000000000000000000000000000000000000000
000000000000000000000000000000000000000000000000000000000000000000000000
000000000000000000000000000000000000000000000000000000000000000000000000
000000000000000000000000000000000000000000000000000000000000000000000000
000000000000000000000000000000000000000000000000000000000000000000000000
000000000000000000000000000000000000000000000000000000000000000000000000
000000000000000000000000000000000000000000000000000000000000000000000000
000000000000000000000000000000000000000000000000000000000000000000000000
000000000000000000000000000000000000000000000000000000000000000000000000
000000000000000000000000000000000000000000000000000000000000000000000000
000000000000000000000000000000000000000000000000000000000000000000000000
111100000000001111000000000000000000000111111000000000000000000010000011
111111000000111111110000000000000000111111111111000000000000111110001111
111111100001111111111000000000000001111000001111110000000111111110011111
011111100011100011111100000000000011100000000011111000000111111110011111
000111111110000000111110000000000111000000000001111100000000111110111011
000111111100000000111110000000001111000000000001111100000000011111100000
000011111000000000011110000000011110000000000000111110000000011111000000
000011111000000000011110000000011110000000000000111110000000011110000000
000011110000000000011110000000011110000000000000111111000000011110000000
000011110000000000011110000000111110000000000000011111000000011110000000
000011110000000000011110000000111110000000000000011111000000011110000000
000011110000000000011110000000111110000000000000011111000000011110000000
000011110000000000011110000000111110000000000000011111000000011110000000
000011110000000000011110000000111110000000000000011111000000011110000000
000011110000000000011110000000111110000000000000011111000000011110000000
000011110000000000011110000000111110000000000000011110000000011110000000
000011110000000000011110000000111110000000000000011110000000011110000000
000011110000000000011110000000011111000000000000011110000000011110000000
000011110000000000011110000000011111000000000000111100000000011110000000
000011110000000000011110000000001111100000000000111000000000011110000000
000011111000000000011111000000001111110000000001111000000000011110000000
000011111000000000011111000000000111111000000011110000000000111110000000
111111111111100000011111111100000011111110000111000000000111111111111100
111111111111000000001111111000000000111111111100000000000111111111111100
000000000000000000000000000000000000000010000000000000000000000000000000
000000000000000000000000000000000000000000000000000000000000000000000000
000000000000000000000000000000000000000000000000000000000000000000000000
000000000000000000000000000000000000000000000000000000000000000000000000
000000000000000000000000000000000000000000000000000000000000000000000000
000000000000000000000000000000000000000000000000000000000000000000000000
000000000000000000000000000000000000000000000000000000000000000000000000
000000000000000000000000000000000000000000000000000000000000000000000000
000000000000000000000000000000000000000000000000000000000000000000000000
000000000000000000000000000000000000000000000000000000000000000000000000
000000000000000000000000000000000000000000000000000000000000000000000000
000000000000000000000000000000000000000000000000000000000000000000000000
000000000000000000000000000000000000000000000000000000000000000000000000
000000000000000000000000000000000000000000000000000000000000000000000000
000000000000000000000000000000000000000000000000000000000000000000000000
000000000000000000000000000000000000000000000000000000000000000000000000
000000000000000000000000000000000000000000000000000000000000000000000000
000000000000000000000000000000000000000000000000000000000000000000000000
000000000000000000000000000000000000000000000000000000000000000000000000
000000000000000000000000000000000000000000000000000000000000000000000000
000000000000000000000000000000000000000000000000000000000000000000000000
000000000000000000000000000000000000000000000000000000000000000000000000
000000000000000000000000000000000000000000000000000000000000000000000000
000000000000000000000000000000000000000000000000000000000000000000000000
000000000000000000000000000000000000000000000000000000000000000000000000
000000000000000000000000000000000000000000000000000000000000000000000000
000000000000000000000000000000000000000000000000000000000000000000000000
000000000000001111000000000000000000000000000000000000000000000000000000
000000000011111111000000000000000000000000000000000000000000000000000000
000000000011111111000000000000000000000000000000000000000000000000000000
000000000000011111000000000000000000000000000000000000000000000000000000
000000000000001111000000000000000000000000000000000000000000000000000000
011000000000001111000000000000000000000000000000000000000000000000000000
111000000000001111000000000000000000000000000000000000000000000000000000
110000000000001111000000000000000000000000000000000000000000000000000000
110000000000001111000000000000000000000000000000000000000000000000000000
110000000000001111000000000000000000000000000000000000000000000000000000
110000000000001111000000000000000000000000000000000000000000000000000000
110000000000001111000000000000000000000000000000000000000000000000000000
110000000000001111000000111100000000000000000000001110000000000000000000
110000000000001111000011111111100000000000000001111111110000000000000000
111111111000001111000111111111110000000000000111000001111100000000000000
111111111000001111011110011111111000000000011110000000111100000000000000
111111110000001111111000000011111000000000111100000000011110000000000000
110000000000001111100000000011111000000000111000000000011111000000000000
110000000000001111000000000001111100000001111000000000001111000000000000
110000000000001111000000000001111100000011111000000000001111000000000000
110000000000001111000000000000111100000011110000000000001111100000000000
110000000000001111000000000000111100000011110000000000001111100000000000
110000000000001111000000000000111100000011111111000001111111100000000000
110000000000001111000000000000111100000011111111111111111111000000000000
110000000000001111000000000000111100000011110000000000000000000000000000
110000000000001111000000000000111100000011110000000000000000000000000000
110000000000001111000000000000111100000011110000000000000000000000000000
110000000000001111000000000000111100000011111000000000000000000000000000
110000000000001111000000000000111100000011111000000000000000000000000000
110000000000001111000000000000111100000011111000000000000000000000000000
110000000000001111000000000000111100000001111100000000000000000000000000
110000000000001111000000000000111100000001111110000000000000000000000000
111000010000001111000000000000111100000000111111000000000011000000000000
111111110000011111000000000000111100000000011111110000001110000000000000
111111100011111111111100000000111111110000001111111111111100000000000000
111111000011111111111100000000111111110000000111111111110000000000000000
000000000000000000000000000000000000000000000000011110000000000000000000
000000000000000000000000000000000000000000000000000000000000000000000000
000000000000000000000000000000000000000000000000000000000000000000000000
000000000000000000000000000000000000000000000000000000000000000000000000
000000000000000000000000000000000000000000000000000000000000000000000000
000000000000000000000000000000000000000000000000000000000000000000000000
000000000000000000000000000000000000000000000000000000000000000000000000
000000000000000000000000000000000000000000000000000000000000000000000000
000000000000000000000000000000000000000000000000000000000000000000000000
000000000000000000000000000000000000000000000000000000000000000000000000
000000000000000000000000000000000000000000000000000000000000000000000000
000000000000000000000000000000000000000000000000000000000000000000000000
000000000000000000000000000000000000000000000000000000000000000000000000
000000000000000000000000000000000000000000000000000000000000000000000000
000000000000000000000000000000000000000000000000000000000000000000000000
000000000000000000000000000000000000000000000000000000000000000000000000
000000000000000000000000000000000000000000000000000000000000000000000000
000000000000000000000000000000000000000000000000000000000000000000000000
000000000000000000000000000000000000000000000000000000000000000000000000
000000000000000000000000000000000000000000000000000000000000000000000000
000000000000000000000000000000000000000000000000000000000000000000000000
000000000000000000000000000000000000000000000000000000000000000000000000
000000000000000000000000000000000000000000000000000000000000000000000000
000000000000000000000000000000000000000000000000000000000000000000000000
000000000000000000000000000000000000000000000000000000000000000000000000
000000000000000000000000000000000000000000000000000000000000000000000000
000000000000000000000000000000000000000000000000000000000000000000000000
000000000000000000000000000000000000000000000000000000000000000000000000
000000000000000000000000000000000000000000000000000000000000000000000000
000000000000000000000000000000000000000000000000000000000000000000000000
000000000000000000000000000000000000000000000000000000000000000000000000
000000000000000000000000000000000000000000000000000000000000000000000001
000000000000000000000000000000000000000000000000000000000000000000000001
000000000000000000000000000000000000000000000000000000000000000000000011
000000000000000000000000000000000000000000000000000000000000000000000111
000000000000000000000000000000000000000000000000000000000000000000000111
000000000000000000000000000000000000000000000000000000000000000000000111
000000000000000000000000000000000000000000000000000000000000000000000111
000000000000000000000000000000000000000000000000000000000000000000000111
000000000000000000000000000000000000000000000000000000000000000000000111
111100000001111111100000000000000000111111111000000000000000000000000111
111110000011111111110000000000000011110001111100000000000000000000001111
111111000111111111111000000000000111000000011110000000000000000000111111
011111101100000011111000000000001110000000001111000000000000000001111111
001111111000000001111100000000011100000000001111100000000000000000000111
000111110000000000111100000000111100000000000111100000000000000000000111
000111110000000000111100000001111100000000000111100000000000000000000111
000111100000000000111100000001111000000000000111100000000000000000000111
000111100000000000111100000001111000000000000111110000000000000000000111
000111100000000000111100000001111100000000000111110000000000000000000111
000111100000000000111100000001111111111111111111100000000000000000000111
000111100000000000111100000001111100000000000000000000000000000000000111
000111100000000000111100000001111000000000000000000000000000000000000111
000111100000000000111100000001111000000000000000000000000000000000000111
000111100000000000111100000001111100000000000000000000000000000000000111
000111100000000000111100000001111100000000000000000000000000000000000111
000111100000000000111100000001111100000000000000000000000000000000000111
000111100000000000111100000000111110000000000000000000000000000000000111
000111100000000000111100000000111110000000000000000000000000000000000111
000111100000000000111100000000011111000000000001100000000000000000000111
000111110000000000111110000000011111110000000111000000000000000000000111
111111111110000000111111110000001111111111111111000000000000000000111111
111111111111000000111111111000000011111111111100000000000000000001111111
000000000000000000000000000000000000011111100000000000000000000000000000
000000000000000000000000000000000000000000000000000000000000000000000000
000000000000000000000000000000000000000000000000000000000000000000000000
000000000000000000000000000000000000000000000000000000000000000000000000
000000000000000000000000000000000000000000000000000000000000000000000000
000000000000000000000000000000000000000000000000000000000000000000000000
000000000000000000000000000000000000000000000000000000000000000000000000
000000000000000000000000000000000000000000000000000000000000000000000000
000000000000000000000000000000000000000000000000000000000000000000000000
000000000000000000000000000000000000000000000000000000000000000000000000
