000000111100011111100000000011111110001111111111000000000000001111000111
000001110000000111111000001111111110011111111111100000000000011100000001
000011100000000001111100000000111111110000001111110000000001111000000001
000111000000000001111100000000111111000000000111110000000011110000000000
001111000000000000111110000000111110000000000011110000000011110000000000
001111000000000000011111000000111110000000000011111000000111100000000000
011110000000000000011111000000111110000000000011111000000111100000000000
011110000000000000011111000000111110000000000011111000000111100000000000
011110000000000000011111000000111110000000000011111000000111100000000000
011110000000000000001111000000111110000000000011111000001111111111111111
111110000000000000001111000000111110000000000011111000001111111111111111
111110000000000000001111000000111110000000000011111000001111100000000000
111110000000000000001111000000111110000000000011111000001111100000000000
011111000000000000001111000000111110000000000011111000001111100000000000
011111000000000000001111000000111110000000000011111000000111110000000000
011111000000000000011110000000111110000000000011111000000111110000000000
011111000000000000011110000000111110000000000011111000000111110000000000
001111100000000000011100000000111110000000000011111000000011111000000000
001111110000000000111100000000111110000000000011111000000011111100000000
000111111000000001111000000000111110000000000011111000000001111111000000
000011111100000011100000000001111111000000000011111100000000111111111111
000000111111111111000000001111111111111000000011111111100000011111111111
000000001111111000000000000000000000000000000000000000000000000011111110
000000000000000000000000000000000000000000000000000000000000000000000000
000000000000000000000000000000000000000000000000000000000000000000000000
000000000000000000000000000000000000000000000000000000000000000000000000
000000000000000000000000000000000000000000000000000000000000000000000000
000000000000000000000000000000000000000000000000000000000000000000000000
000000000000000000000000000000000000000000000000000000000000000000000000
000000000000000000000000000000000000000000000000000000000000000000000000
000000000000000000000000000000000000000000000000000000000000000000000000
000000000000000000000000000000000000000000000000000000000000000000000000
000000000000000000000000000000000000000000000000000000000000000000000000
000000000000000000000000000000000000000000000000000000000000000000000000
000000000000000000000000000000000000000000000000000000000000000000000000
000000000000000000000000000000000000000000000000000000000000000000000000
000000000000000000000000000000000000000000000000000000000000000000000000
000000000000000000000000000000000000000000000000000000000000000000000000
000000000000000000000000000000000000000000000000000000000000000000000000
000000000000000000000000000000000000000000000000000000000000000000000000
000000000000000000000000000000000000000000000000000000000000000000000000
000000000000000000000000000000000000000000000000000000000000000000000000
000000000000000000000000000000000000000000000000000000000000000000000000
000000000000000000000000000000000000000000000000000000000000000000000000
000000000000000000000000000000000000000000000000000000000000000000000000
000000000000000000000000000000000000000000000000000000000000000000000000
000000000000000000000000000000000000000000000000000000000000000000000000
000000000000000000000000000000000000000000000000000000000000000000000000
000000000000000000000000000000000000000000000000000000000000000000000000
000000000000000000000000000000000000000000000000000000000000000000000000
000000000000000000000000000000000000000000000000000000000000000000000000
000000001000000000000000000000000000000000000000000000000000000000000000
000001111100000000000000000000000000000000000000000000000000000000000000
011111111100000000000000000000000000000000000000000000000000000000000000
000011111100000000000000000000000000000000000000000000000000000000000000
000001111100000000000000000000000000000000000000000000000000000000000000
000001111100000000000000000000000000000000000000000000000000000000000000
000001111100000000000000000000000000000000000000000000000000000000000000
000001111100000000000000000000000000000000000000000000000000000000000000
000001111100000000000000000000000000000000000000000000000000000000000000
000001111100000000000000000000000000000000000000000000000000000000000000
000001111100000000000000000000000000000000000000000000000000000000000000
000001111100000000000000000000000000000000000000000000000000000000000000
000001111100000000000000000000000000000000000000000000000000000000000000
000001111100000000000000000000000000000000000000000000000000001111111000
000001111100000111111111111000001111111111000000000000000001111111111111
000001111100000001111111000000000001111100000000000000000011100000001111
000001111100000000111110000000000000111000000000000000000111000000000111
000001111100000000011111000000000000110000000000000000000111000000000011
000001111100000000011111000000000001100000000000000000001110000000000011
000001111100000000001111000000000001100000000000000000001111000000000010
000001111100000000001111100000000011100000000000000000001111000000000000
000001111100000000000111100000000011000000000000000000001111100000000000
000001111100000000000111100000000111000000000000000000001111111100000000
000001111100000000000111110000000110000000000000000000000111111111111000
000001111100000000000011110000000110000000000000000000000011111111111110
000001111100000000000011111000001100000000000000000000000000111111111111
000001111100000000000001111000001100000000000000000000000000001111111111
000001111100000000000001111000011100000000000000000000000000000000011111
000001111100000000000001111100011000000000000000000000000000000000000111
000001111100000000000000111100011000000000000000000000001000000000000011
000001111100000000000000111110110000000000000000000000001100000000000011
000001111100000000000000011110110000000000000000000000001100000000000011
000001111100000000000000011111100000000000000000000000001100000000000011
000001111100000000000000001111100000000000000000000000001110000000000111
000001111100000000000000001111000000000000000000000000001111000000001110
011111111111110000000000001111000000000000000000000000001111111001111100
001000000000100000000000000111000000000000000000000000000111111111100000
000000000000000000000000000110000000000000000000000000000000000000000000
000000000000000000000000000110000000000000000000000000000000000000000000
000000000000000000000000001100000000000000000000000000000000000000000000
000000000000000000000000001100000000000000000000000000000000000000000000
000000000000000000000000001000000000000000000000000000000000000000000000
000000000000000000000000011000000000000000000000000000000000000000000000
000000000000000000000000011000000000000000000000000000000000000000000000
000000000000000000000000110000000000000000000000000000000000000000000000
000000000000000000000001110000000000000000000000000000000000000000000000
000000000000000001100011100000000000000000000000000000000000000000000000
000000000000000001111111000000000000000000000000000000000000000000000000
000000000000000001111111000000000000000000000000000000000000000000000000
000000000000000011111100000000000000000000000000000000000000000000000000
000000000000000000000000000000000000000000000000000000000000000000000000
000000000000000000000000000000000000000000000000000000000000000000000000
000000000000000000000000000000000000000000000000000000000000000000000000
000000000000000000000000000000000000000000000000000000000000000000000000
000000000000000000000000000000000000000000000000000000000000000000000000
000000000000000000000000000000000000000000000000000000000000000000000000
000000000000000000000000000000000000000000000000000000000000000000000000
000000000000000000000000000000000000000000000000000000000000000000000000
000000000000000000000000000000000000000000000000000000000000000000000000
000000000000000000000000000000000000000000000000000000000000000000000000
000000000000000000000000000000000000000000000000000000000000000000000000
000000000000000000000000000000000000000000000000000000000000000000000000
000000000000000000000000000000000000000000000000000000000000000000000000
000000000000000000000000000000000000000000000000000000000000000000000000
000000000000000000000001111000000000011110000000000000000000000000000000
000000000110000000011111111000000111111110000000000000000000000000000000
000000001111000000011111111000000111111110000000000000000000000000000000
000000011111100000000011111000000000011110000000000000000000000000000000
000000011111100000000001111000000000011110000000000000000000000000000000
000000001111000000000001111000000000011110000000000000000000000000000000
000000000110000000000001111000000000011110000000000000000000000000000000
000000000000000000000001111000000000011110000000000000000000000000000000
000000000000000000000001111000000000011110000000000000000000000000000000
000000000000000000000001111000000000011110000000000000000000000000000000
000000000000000000000001111000000000011110000000000000000000000000000000
000000000000000000000001111000000000011110000000000000000000000000000000
000000000001000000000001111000000000011110000000000000000000000000000000
110000001111000000000001111000000000011110000000000000000000000000000000
000011111111000000000001111000000000011110000000000000000000000000000000
000011111111000000000001111000000000011110000000000000000000000000000000
000000001111000000000001111000000000011110000000000000000000000000000000
000000001111000000000001111000000000011110000000000000000000000000000000
000000001111000000000001111000000000011110000000000000000000000000000000
000000001111000000000001111000000000011110000000000000000000000000000000
000000001111000000000001111000000000011110000000000000000000000000000000
000000001111000000000001111000000000011110000000000000000000000000000000
000000001111000000000001111000000000011110000000000000000000000000000000
000000001111000000000001111000000000011110000000000000000000000000000000
000000001111000000000001111000000000011110000000000000000000000000000000
000000001111000000000001111000000000011110000000000000000000000000000000
000000001111000000000001111000000000011110000000000000000000000000000000
000000001111000000000001111000000000011110000000000000000000000000000000
000000001111000000000001111000000000011110000000000000000000000000000000
000000001111000000000001111000000000011110000000000000000000000000000000
000000001111000000000001111000000000011110000000000111000000000000000000
000000001111000000000001111000000000011110000000001111100000000000000000
000000001111000000000001111000000000011110000000001111100000000000000000
000000001111100000000011111000000000011111000000001111100000000000000000
000011111111111100011111111111100111111111111000001111100000000000000000
000011111111111100011111111111100111111111111000000111000000000000000000
000000000000000000000000000000000000000000000000000000000000000000000000
000000000000000000000000000000000000000000000000000000000000000000000000
000000000000000000000000000000000000000000000000000000000000000000000000
000000000000000000000000000000000000000000000000000000000000000000000000
000000000000000000000000000000000000000000000000000000000000000000000000
000000000000000000000000000000000000000000000000000000000000000000000000
000000000000000000000000000000000000000000000000000000000000000000000000
000000000000000000000000000000000000000000000000000000000000000000000000
000000000000000000000000000000000000000000000000000000000000000000000000
000000000000000000000000000000000000000000000000000000000000000000000000
000000000000000000000000000000000000000000000000000000000000000000000000
000000000000000000000000000000000000000000000000000000000000000000000000
000000000000000000000000000000000000000000000000000000000000000000000000
000000000000000000000000000000000000000000000000000000000000000000000000
000000000000000000000000000000000000000000000000000000000000000000000000
000000000000000000000000000000000000000000000000000000000000000000000000
000000000000000000000000000000000000000000000000000000000000000000000000
000000000000000000000000000000000000000000000000000000000000000000000000
000000000000000000000000000000000000000000000000000000000000000000000000
000000000000000000000000000000000000000000000000000000000000000000000000
000000000000000000000000000000000000000000000000000000000000000000000000
000000000000000000000000000000000000000000000000000000000000000000000000
000000000000000000000000000000000000000000000000000000000000000000000000
000000000000000000000000000000000000000000000000000000000000000000000000
000000000000000000000000000000000000000000000000000000000000000000000000
000000000000000000000000000000000000000000000000000000000000000000000000
000000000000000000000000000000000000000000000000000000000000000000000000
000000000000000000000000000000000000000000000000000000000000000000000000
