111111111111000000111100000001111100000001111111100111111100000000000000
111111111110000001111000000000111110000000001111101111111100000000000000
011110000000000011110000000000011111000000000111111100011100000000000000
011110000000000011100000000000001111100000000111110000001100000000000000
011110000000000111100000000000001111100000000111110000000000000000000000
011110000000000111100000000000001111100000000111100000000000000000000000
011110000000001111100000000000000111110000000111100000000000000000000000
011110000000001111100000000000000111110000000111100000000000000000000000
011110000000001111100000000000000111110000000111100000000000000000000000
011110000000001111100000000000000111110000000111100000000000000000000000
011110000000001111100000000000000111110000000111100000000000000000000000
011110000000001111100000000000000111110000000111100000000000000000000000
011110000000001111100000000000000111110000000111100000000000000000000000
011110000000001111100000000000000111100000000111100000000000000000000000
011110000000000111110000000000000111100000000111100000000000000000000000
011110000000000111110000000000000111100000000111100000000000000000000000
011110000000000111111000000000001111000000000111100000000000000000000000
011110000000000011111000000000001110000000000111100000000000000000000000
011110000000000001111100000000011100000000000111100000000000000000000000
111111000000000000111110000000111000000000001111110000000000000000000000
111111111000000000011111111111110000000001111111111111000000000000000000
000000000000000000000111111110000000000000000000000000000000000000000000
000000000000000000000000000000000000000000000000000000000000000000000000
000000000000000000000000000000000000000000000000000000000000000000000000
000000000000000000000000000000000000000000000000000000000000000000000000
000000000000000000000000000000000000000000000000000000000000000000000000
000000000000000000000000000000000000000000000000000000000000000000000000
000000000000000000000000000000000000000000000000000000000000000000000000
000000000000000000000000000000000000000000000000000000000000000000000000
000000000000000000000000000000000000000000000000000000000000000000000000
000000000000000000000000000000000000000000000000000000000000000000000000
000000000000000000000000000000000000000000000000000000000000000000000000
000000000000000000000000000000000000000000000000000000000000000000000000
000000000000000000000000000000000000000000000000000000000000000000000000
000000000000000000000000000000000000000000000000000000000000000000000000
000000000000000000000000000000000000000000000000000000000000000000000000
000000000000000000000000000000000000000000000000000000000000000000000000
000000000000000000000000000000000000000000000000000000000000000000000000
000000000000000000000000000000000000000000000000000000000000000000000000
000000000000000000000000000000000000000000000000000000000000000000000000
000000000000000000000000000000000000000000000000000000000000000000000000
000000000000000000000000000000000000000000000000000000000000000000000000
000000000000000000000000000000000000000000000000000000000000000000000000
000000000000000000000000000000000000000000000000000000000000000000000000
000000000000000000000000000000000000000000000000000000000000000000000000
000000000000000000000000000000000000000000000000000000000000000000000000
000000000000000000000000000000000000000000000000000000000000000000000000
000000000000000000000000000000000000000000000000000000000000000000000000
000000000000000000000000000110000000000000000000000000000000000000000000
000000000000000000000000111110000000000000000000000000000000000000000000
000000000000000000000111111110000000000000000000000000000000000000000000
000000000000000000000000111110000000000000000000000000000000000000000000
000000000000000000000000011110000000000000000000000000000000000000000000
000000000000000000000000011110000000000000000000000000000000000000000000
000000000000000000000000011110000000000000000000000000000000000000000000
000000000000000000000000011110000000000000000000000000000000000000000000
000000000000000000000000011110000000000000000000000000000000000000000000
000000000000000000000000011110000000000000000000000000000000000000000000
000000000000000000000000011110000000000000000000000000000000000000000000
000000000000000000000000011110000000000000000000000000000000000000000000
000000000000000000000000011110000000000000000000000000000000000000000000
000000000000000000000000011110000001111110000000000000000001111110000000
000000000000000000000000011110001111111111100000000000001111111111100000
111100000000000000000000011110011111111111110000000000011100000011110000
111100000000000000000000011110111100011111111000000000111000000001111000
000000000000000000000000011111100000000111111000000001110000000000111100
000000000000000000000000011111000000000011111100000011110000000000111100
000000000000000000000000011110000000000001111100000111100000000000111110
000000000000000000000000011110000000000000111100000111100000000000011110
000000000000000000000000011110000000000000111110000111100000000000011110
000000000000000000000000011110000000000000111110001111100000000000011110
000000000000000000000000011110000000000000111110001111111111111111111110
000000000000000000000000011110000000000000111110001111111111111111111000
000000000000000000000000011110000000000000111100001111100000000000000000
000000000000000000000000011110000000000000111100001111100000000000000000
000000000000000000000000011110000000000000111100001111100000000000000000
000000000000000000000000011110000000000000111000001111100000000000000000
000000000000000000000000011110000000000001111000000111110000000000000000
000000000000000000000000011110000000000001110000000111110000000000000000
000000000000000000000000011110000000000011110000000111111000000000000000
000000000000000000000000011110000000000011000000000011111100000000000000
001100000000000000000000011111100000001110000000000001111110000000001100
111000000000000000000000111111111111111100000000000000111111110001111100
110000000000000000000000111011111111110000000000000000011111111111110000
100000000000000000000000110000111111000000000000000000000111111111000000
000000000000000000000000000000000000000000000000000000000000000000000000
000000000000000000000000000000000000000000000000000000000000000000000000
000000000000000000000000000000000000000000000000000000000000000000000000
000000000000000000000000000000000000000000000000000000000000000000000000
000000000000000000000000000000000000000000000000000000000000000000000000
000000000000000000000000000000000000000000000000000000000000000000000000
000000000000000000000000000000000000000000000000000000000000000000000000
000000000000000000000000000000000000000000000000000000000000000000000000
000000000000000000000000000000000000000000000000000000000000000000000000
000000000000000000000000000000000000000000000000000000000000000000000000
000000000000000000000000000000000000000000000000000000000000000000000000
000000000000000000000000000000000000000000000000000000000000000000000000
000000000000000000000000000000000000000000000000000000000000000000000000
000000000000000000000000000000000000000000000000000000000000000000000000
000000000000000000000000000000000000000000000000000000000000000000000000
000000000000000000000000000000000000000000000000000000000000000000000000
000000000000000000000000000000000000000000000000000000000000000000000000
000000000000000000000000000000000000000000000000000000000000000000000000
000000000000000000000000000000000000000000000000000000000000000000000000
000000000000000000000000000000000000000000000000000000000000000000000000
000000000000000000000000000000000000000000000000000000000000000000000000
000000000000000000000000000000000000000000000000000000000000000000000000
000000000000000000000000000000000000000000000000000000000000000000000000
000000000000000000000000000000000000000000000000000000000000000000000000
000000000000000000000000000000000000000000000000000000000000000000000000
000000000000000000000000000000000000000000000000000000000000000000000000
000000000000000000000000000000000000000000000000000000000000000000000000
000000000000000000000000000000000000000000000000000000000000000000000000
000000011000000000000000000000000000000000000000000000000000000000000000
000000111100000000000000000000000000000000000000000000000000000000000000
000001111110000000000000000000000000000000000000000000000000000000000000
000001111110000000000000000000000000000000000000000000000000000000000000
000000111100000000000000000000000000000000000000000000000000000000000000
000000011000000000000000000000000000000000000000000000000000000000000000
000000000000000000000000000000000000000000000000000000000000000000000000
000000000000000000000000000000000000000000000000000000000000000000000000
000000000000000000000000000000000000000000000000000000000000000000000000
000000000000000000000000000000000000000000000000000000000000000000000000
000000000000000000000000000000000000000000000000000000000000000000000000
000000000100000000000001000000111100000000000000000010000001111000000000
000000111100000000011111000011111111100000000000111110000111111111000000
001111111100000011111111000111111111110000000111111110001111111111100000
001111111100000011111111011110001111111000000111111110111100011111110000
000000111100000000001111110000000011111000000000011111100000000111110000
000000111100000000001111100000000001111100000000011111000000000011111000
000000111100000000001111100000000001111100000000011110000000000011111000
000000111100000000001111000000000000111100000000011110000000000001111000
000000111100000000001111000000000000111100000000011110000000000001111000
000000111100000000001111000000000000111100000000011110000000000001111000
000000111100000000001111000000000000111100000000011110000000000001111000
000000111100000000001111000000000000111100000000011110000000000001111000
000000111100000000001111000000000000111100000000011110000000000001111000
000000111100000000001111000000000000111100000000011110000000000001111000
000000111100000000001111000000000000111100000000011110000000000001111000
000000111100000000001111000000000000111100000000011110000000000001111000
000000111100000000001111000000000000111100000000011110000000000001111000
000000111100000000001111000000000000111100000000011110000000000001111000
000000111100000000001111000000000000111100000000011110000000000001111000
000000111100000000001111000000000000111100000000011110000000000001111000
000000111100000000001111000000000000111100000000011110000000000001111000
000000111110000000011111100000000000111110000000111111000000000001111100
001111111111110011111111111100000000111111110111111111111000000001111111
001111111111110011111111111100000000111111110111111111111000000001111111
000000000000000000000000000000000000000000000000000000000000000000000000
000000000000000000000000000000000000000000000000000000000000000000000000
000000000000000000000000000000000000000000000000000000000000000000000000
000000000000000000000000000000000000000000000000000000000000000000000000
000000000000000000000000000000000000000000000000000000000000000000000000
000000000000000000000000000000000000000000000000000000000000000000000000
000000000000000000000000000000000000000000000000000000000000000000000000
000000000000000000000000000000000000000000000000000000000000000000000000
000000000000000000000000000000000000000000000000000000000000000000000000
000000000000000000000000000000000000000000000000000000000000000000000000
000000000000000000000000000000000000000000000000000000000000000000000000
000000000000000000000000000000000000000000000000000000000000000000000000
000000000000000000000000000000000000000000000000000000000000000000000000
000000000000000000000000000000000000000000000000000000000000000000000000
000000000000000000000000000000000000000000000000000000000000000000000000
000000000000000000000000000000000000000000000000000000000000000000000000
000000000000000000000000000000000000000000000000000000000000000000000000
000000000000000000000000000000000000000000000000000000000000000000000000
000000000000000000000000000000000000000000000000000000000000000000000000
000000000000000000000000000000000000000000000000000000000000000000000000
000000000000000000000000000000000000000000000000000000000000000000000000
000000000000000000000000000000000000000000000000000000000000000000000000
000000000000000000000000000000000000000000000000000000000000000000000000
000000000000000000000000000000000000000000000000000000000000000000000000
000000000000000000000000000000000000000000000000000000000000000000000000
000000000000000000000000000000000000000000000000000000000000000000000000
000000000000000000000000000000000000000000000000000000000000000000000000
000000000000000000000000000000000000000000000000000000000000000000000000
000000000000000000000000000000000000000000000000000000000000000000000000
000000000000000000000000000000000000000000000000000000000000000000000000
000000000000000000000000000000000000000000000000000000000000000000000000
