000111111111111111111100000000000000000000000000001111110000111100000000
000111100000000000000000000000000000000000000000111100000000111100000000
000111100000000000000000000000000000000000000001111000000000111100000000
000111100000000000000000000000000000000000000011110000000000111100000000
000111110000000000000000000000000000000000000011110000000000111100000000
000111110000000000000000000000000000000000000111110000000000111100000000
000111110000000000000000000000000000000000000111110000000000111100000000
000011111000000000000000000000000000000000000111110000000001111100000000
000011111100000000000000000000000000000000000111110000000111111100000000
000001111110000000001110000000000000000000000011111000001100111100000000
000000111111110000111100000000000000000000000011111111111000111100000000
100000011111111111111000000000000000000000000001111111100000111111100111
000000000111111111000000000000000000000000000000011111000000100000100110
000000000000000000000000000000000000000000000000000000000000000000000000
000000000000000000000000000000000000000000000000000000000000000000000000
000000000000000000000000000000000000000000000000000000000000000000000000
000000000000000000000000000000000000000000000000000000000000000000000000
000000000000000000000000000000000000000000000000000000000000000000000000
000000000000000000000000000000000000000000000000000000000000000000000000
000000000000000000000000000000000000000000000000000000000000000000000000
000000000000000000000000000000000000000000000000000000000000000000000000
000000000000000000000000000000000000000000000000000000000000000000000000
000000000000000000000000000000000000000000000000000000000000000000000000
000000000000000000000000000000000000000000000000000000000000000000000000
000000000000000000000000000000000000000000000000000000000000000000000000
000000000000000000000000000000000000000000000000000000000000000000000000
000000000000000000000000000000000000000000000000000000000000000000000000
000000000000000000000000000000000000000000000000000000000000000000000000
000000000000000000000000000000000000000000000000000000000000000000000000
000000000000000000000000000000000000000000000000000000000000000000000000
000000000000000000000000000000000000000000000000000000000000000000000000
000000000000000000000000000000000000000000000000000000000000000000000000
000000000000000000000000000000000000000000000000000000000000000000000000
000000000000000000000000000000000000000000000000000000000000000000000000
000000000000000000000000000000000000000000000000000000000000000000000000
000000000000000000000000000000000000000000000000000000000000000000000000
000000000000000000000000000000000000000000000000000000000000000000000000
000000000000000000000000000000000000000000000000000000000000000000000000
000000000000000000000000000000000000000000000000000000000000000000000000
000000000000000000000000000000000000000000000000000000000000000000000000
000000000000000000000000000000000000000000000000000000000000000000000000
000000000000000000000000000000000000000000000000000000000000000000000000
000000000000000000000000000000000000000000000000000000000000000000000000
000000000000000000000000000000000000000000000000000000000000000000000000
000000000000000000000000000000000000000000000000000000000000000000000000
000000000000000000000000000000000000000000000000000000000000000000111000
000000000000000000000000000000000000000000000000000000000000000011110000
000000000000000000000000000000000000000000000000000000000000000011110000
000000000000000000000000000000000000000000000000000000000000000011110000
000000000000000000000000000000000000000000000000000000000000000011110000
000000000000000000000000000000000000000000000000000000000000000011110000
000000000000000000000000000000000000000000000000000000000000000011110000
000000001000000111000000000000111100000000000000000000000000000011110000
000001111000011111000000000111111111100000000000000000000000000011110000
011111111000111111000000011100000111110000000000000000000000000111111111
011111111001111111000000111000000001111000000000000000000000011111111111
000001111011111111000001110000000001111100000000000000000000111111111111
000001111110000011000011100000000000111100000000000000000000000011110000
000001111100000001000111100000000000111100000000000000000000000011110000
000001111100000000000111100000000000111110000000000000000000000011110000
000001111000000000001111100000000000111110000000000000000000000011110000
000001111000000000001111100000000000111110000000000000000000000011110000
000001111000000000001111111111111111111110000000000000000000000011110000
000001111000000000001111111111111111111100000000000000000000000011110000
000001111000000000001111100000000000000000000000000000000000000011110000
000001111000000000001111100000000000000000000000000000000000000011110000
000001111000000000001111100000000000000000000000000000000000000011110000
000001111000000000001111100000000000000000000000000000000000000011110000
000001111000000000001111100000000000000000000000000000000000000011110000
000001111000000000000111110000000000000000000000000000000000000011110000
000001111000000000000111110000000000000000000000000000000000000011110000
000001111000000000000111111000000000000000000000000000000000000011110000
000001111000000000000011111100000000001100000000000000000000000011111000
000011111100000000000001111111000000111100000000000000000000000011111111
011111111111110000000000111111111111110000000000000000000000000001111111
011111111111110000000000001111111111000000000000000000000000000000111111
000000000000000000000000000001111000000000000000000000000000000000000000
000000000000000000000000000000000000000000000000000000000000000000000000
000000000000000000000000000000000000000000000000000000000000000000000000
000000000000000000000000000000000000000000000000000000000000000000000000
000000000000000000000000000000000000000000000000000000000000000000000000
000000000000000000000000000000000000000000000000000000000000000000000000
000000000000000000000000000000000000000000000000000000000000000000000000
000000000000000000000000000000000000000000000000000000000000000000000000
000000000000000000000000000000000000000000000000000000000000000000000000
000000000000000000000000000000000000000000000000000000000000000000000000
000000000000000000000000000000000000000000000000000000000000000000000000
000000000000000000000000000000000000000000000000000000000000000000000000
000000000000000000000000000000000000000000000000000000000000000000000000
000000000000000000000000000000000000000000000000000000000000000000000000
000000000000000000000000000000000000000000000000000000000000000000000000
000000000000000000000000000000000000000000000000000000000000000000000000
000000000000000000000000000000000000000000000000000000000000000000000000
000000000000000000000000000000000000000000000000000000000000000000000000
000000000000000000000000000000000000000000000000000000000000000000000000
000000000000000000000000000000000000000000000000000000000000000000000000
000000000000000000000000000000000000000000000000000000000000000000000000
000000000000000000000000000000000000000000000000000000000000000000000000
000000000000000000000000000000000000000000000000000000000000000000000000
000000000000000000000000000000000000000000000000000000000000000000000000
000000000000000000000000000000000000000000000000000000000000000000000000
000000000000000000000000000000000000000000000000000000000000000000000000
000000000000000000000000000000000000000000000000000000000000000000000000
000000000000000000000000000000000000000000000000000011100000000000000000
000000000000000000000000000000000000000000000001111111100000000000000000
000000000000000000000000000000000000000000000011111111100000000000000000
000000000000000000000000000000000000000000000000001111100000000000000000
000000000000000000000000000000000000000000000000001111100000000000000000
000000000000000000000000000000000000000000000000001111100000000000000000
000000000000000000000000000000000000000000000000001111100000000000000000
000000000000000000000000000000000000000000000000001111100000000000000000
000000000000000000000000000000000000000000000000001111100000000000000000
000000000000000000000000000000000000000000000000001111100000000000000000
000000000000000000000000000000000000000000000000001111100000000000000000
000000000000000000000000000000000000000000000000001111100000000000000000
000000000001100000000000000000000000000000000000001111100000000000000000
000000011111111110000000000000011110000111110000001111100000000001111110
000001111000011111100000000111111110001111110000001111100000000011111100
000011100000000111110000000111111110011111110000001111100000000111100000
000111100000000011111000000000111110111111110000001111100000001111000000
001111000000000001111100000000011111100001110000001111100000011100000000
001110000000000000111110000000011111000000110000001111100000111000000000
011110000000000000111110000000011111000000000000001111100001110000000000
011110000000000000111111000000011110000000000000001111100011100000000000
111110000000000000011111000000011110000000000000001111101110000000000000
111110000000000000011111000000011110000000000000001111111110000000000000
111110000000000000011111000000011110000000000000001111111111000000000000
111110000000000000011111000000011110000000000000001111111111100000000000
111110000000000000011111000000011110000000000000001111101111110000000000
111110000000000000011111000000011110000000000000001111100111111000000000
111110000000000000011111000000011110000000000000001111100011111100000000
111110000000000000011110000000011110000000000000001111100001111110000000
011111000000000000011110000000011110000000000000001111100000011111000000
011111000000000000011100000000011110000000000000001111100000001111100000
001111100000000000111100000000011110000000000000001111100000000111110000
001111100000000000111000000000011110000000000000001111100000000011111100
000111110000000001110000000000111110000000000000001111100000000001111110
000011111100000111100000000111111111111000000001111111111100000000111111
000001111111111110000000000111111111111100000011111111111110000000011110
000000001111110000000000000000000000000000000000000000000000000000000000
000000000000000000000000000000000000000000000000000000000000000000000000
000000000000000000000000000000000000000000000000000000000000000000000000
000000000000000000000000000000000000000000000000000000000000000000000000
000000000000000000000000000000000000000000000000000000000000000000000000
000000000000000000000000000000000000000000000000000000000000000000000000
000000000000000000000000000000000000000000000000000000000000000000000000
000000000000000000000000000000000000000000000000000000000000000000000000
000000000000000000000000000000000000000000000000000000000000000000000000
000000000000000000000000000000000000000000000000000000000000000000000000
000000000000000000000000000000000000000000000000000000000000000000000000
000000000000000000000000000000000000000000000000000000000000000000000000
000000000000000000000000000000000000000000000000000000000000000000000000
000000000000000000000000000000000000000000000000000000000000000000000000
000000000000000000000000000000000000000000000000000000000000000000000000
000000000000000000000000000000000000000000000000000000000000000000000000
000000000000000000000000000000000000000000000000000000000000000000000000
000000000000000000000000000000000000000000000000000000000000000000000000
000000000000000000000000000000000000000000000000000000000000000000000000
000000000000000000000000000000000000000000000000000000000000000000000000
000000000000000000000000000000000000000000000000000000000000000000000000
000000000000000000000000000000000000000000000000000000000000000000000000
000000000000000000000000000000000000000000000000000000000000000000000000
000000000000000000000000000000000000000000000000000000000000000000000000
000000000000000000000000000000000000000000000000000000000000000000000000
000000000000000000000000000000000000000000000000000000000000000000000000
000000000000000000000000000000000000000000000000000000000000000000000000
000000000000000000000000000000000000000000000000000000000000000000000000
000000000000000000000000000000000000000000000000000000000000000000000000
000000000000000000000000000000000000000000000000000000000000000000000000
000000000000000000000000000000000000000000000000000000000000000000000000
000000000000000000000000000000000000000000000000000000000000000000000000
000000000000000000000000000000000000000000000000000000000000000000000000
000000000000000000000000000000000000000000000000000000000000000000000000
000000000000000000000000000000000000000000000000000000000000000000000000
000000000000000000000000000000000000000000000000000000000000000000000000
000000000000000000000000000000000000000000000000000000000000000000000000
000000000000000000000000000000000000000000000000000000000000000000000000
000000000000000000000000000000000000000000000000000000000000000000000000
000000000000000000000000000000000000000000000000000000000000000000000000
