000000111111111111100000111100011111111000000000001111000000000111100000
000001111111111111100000110000000011111000000000001111000000001111000000
000000000111100000000000110000000001111100000000001111000000011100000000
000000000111100000000000100000000001111100000000001111000000111000000000
000000000111100000000000000000000000111100000000001111000001110000000000
000000000111100000000000000000000000111100000000001111000111100000000000
000000000111100000000000000000000000111100000000001111001110000000000000
000000000111100000000000000000001111111100000000001111011110000000000000
000000000111100000000000000011111110111100000000001111111111000000000000
000000000111100000000000011111100000111100000000001111111111100000000000
000000000111100000000000111100000000111100000000001111001111110000000000
000000000111100000000001111000000000111100000000001111000111111000000000
000000000111100000000011111000000000111100000000001111000011111100000000
000000000111100000000011110000000000111100000000001111000001111110000000
000000000111100000000011110000000000111100000000001111000000111111000000
000000000111100000000011110000000000111100000000001111000000011111100000
000000000111100000000011110000000001111100000000001111000000001111110000
000000000111100000000011111000000110111100000000001111000000000111111000
000000000111111011100011111100011100111100000000001111000000000011111100
000000000111111111000001111111111000111110000000011111100000000001111111
000000000011111110000000111111100000111111100011111111111100000000111110
000000000000111100000000001110000000000000000000000000000000000000010000
000000000000000000000000000000000000000000000000000000000000000000000000
000000000000000000000000000000000000000000000000000000000000000000000000
000000000000000000000000000000000000000000000000000000000000000000000000
000000000000000000000000000000000000000000000000000000000000000000000000
000000000000000000000000000000000000000000000000000000000000000000000000
000000000000000000000000000000000000000000000000000000000000000000000000
000000000000000000000000000000000000000000000000000000000000000000000000
000000000000000000000000000000000000000000000000000000000000000000000000
000000000000000000000000000000000000000000000000000000000000000000000000
000000000000000000000000000000000000000000000000000000000000000000000000
000000000000000000000000000000000000000000000000000000000000000000000000
000000000000000000000000000000000000000000000000000000000000000000000000
000000000000000000000000000000000000000000000000000000000000000000000000
000000000000000000000000000000000000000000000000000000000000000000000000
000000000000000000000000000000000000000000000000000000000000000000000000
000000000000000000000000000000000000000000000000000000000000000000000000
000000000000000000000000000000000000000000000000000000000000000000000000
000000000000000000000000000000000000000000000000000000000000000000000000
000000000000000000000000000000000000000000000000000000000000000000000000
000000000000000000000000000000000000000000000000000000000000000000000000
000000000000000000000000000000000000000000000000000000000000000000000000
000000000000000000000000000000000000000000000000000000000000000000000000
000000000000000000000000000000000000000000000000000000000000000000000000
000000000000000000000000000000000000000000000000000000000000000000000000
000000000000000000000000000000000000000000000000000000000000000000000000
000000000000000000000000000000000000000000000000000000000000000000000000
000000000000000000000000000000000000000000000000000000000000000000000000
000000000000000000000000000000000000000000000000000000000000000000000000
000000000000000000000000000000000000000000000000000000000000000000000000
000000000000000000000000000000000000000000000000000000000000000000000000
000000000000000000000000000000000000000000000000000000000000000000000000
000000000000000000000000000000000000000000000000000000000000000000000000
000000000000000000000000000000000110000000000000000000000000000000000000
000000000000000000000000000000011110000000000000000000000000000000000000
000000000000000000000000000000011110000000000000000000000000000000000000
000000000000000000000000000000011110000000000000000000000000000000000000
000000000000000000000000000000011110000000000000000000000000000000000000
000000000000000000000000000000011110000000000000000000000000000000000000
000000000000000000000000000000011110000000000000000000000000000000000000
000000000011111110000000000000011110000000000000000000000000000000000111
000000011111111111000000000000011110000000000000000000000000000000111111
000000111111111111100000000001111111111110000000000000000000000001110000
000011100000001111110000000111111111111110000000000000000000000111100000
000011100000000111110000000000111110000000000000000000000000001111000000
000011000000000011110000000000011110000000000000000000000000001110000000
000001000000000011111000000000011110000000000000000000000000011110000000
000000000000000001111000000000011110000000000000000000000000011110000000
000000000000000001111000000000011110000000000000000000000000111110000000
000000000000001111111000000000011110000000000000000000000000111110000000
000000000111111111111000000000011110000000000000000000000000111111111111
000000011111000001111000000000011110000000000000000000000000111111111111
000001111000000001111000000000011110000000000000000000000000111110000000
000011110000000001111000000000011110000000000000000000000000111110000000
000111100000000001111000000000011110000000000000000000000000111110000000
000111100000000001111000000000011110000000000000000000000000111110000000
001111100000000001111000000000011110000000000000000000000000111110000000
001111100000000001111000000000011110000000000000000000000000011111000000
001111100000000011111000000000011110000000000000000000000000011111000000
000111100000001111111000000000011110000000000000000000000000001111100000
000111111000011001111000000000011111000110000000000000000000001111111000
000111111111110001111000000000011111111100000000000000000000000111111111
000011111111000001111111000000001111111000000000000000000000000001111111
000000111110000000000000000000000111110000000000000000000000000000011111
000000000000000000000000000000000000000000000000000000000000000000000000
000000000000000000000000000000000000000000000000000000000000000000000000
000000000000000000000000000000000000000000000000000000000000000000000000
000000000000000000000000000000000000000000000000000000000000000000000000
000000000000000000000000000000000000000000000000000000000000000000000000
000000000000000000000000000000000000000000000000000000000000000000000000
000000000000000000000000000000000000000000000000000000000000000000000000
000000000000000000000000000000000000000000000000000000000000000000000000
000000000000000000000000000000000000000000000000000000000000000000000000
000000000000000000000000000000000000000000000000000000000000000000000000
000000000000000000000000000000000000000000000000000000000000000000000000
000000000000000000000000000000000000000000000000000000000000000000000000
000000000000000000000000000000000000000000000000000000000000000000000000
000000000000000000000000000000000000000000000000000000000000000000000000
000000000000000000000000000000000000000000000000000000000000000000000000
000000000000000000000000000000000000000000000000000000000000000000000000
000000000000000000000000000000000000000000000000000000000000000000000000
000000000000000000000000000000000000000000000000000000000000000000000000
000000000000000000000000000000000000000000000000000000000000000000000000
000000000000000000000000000000000000000000000000000000000000000000000000
000000000000000000000000000000000000000000000000000000000000000000000000
000000000000000000000000000000000000000000000000000000000000000000000000
000000000000000000000000000000000000000000000000000000000000000000000000
000000000000000000000000000000000000000000000000000000000000000000000000
000000000000000000000000000000000000000000000000000000000000000000000000
000000000000000000000000000000000000000000000000000000000000000000000000
000000000000000000000000000000000000000000000000000000000000000000000000
000000000000000000000000000000000000000000000000000000000000000000000000
000000001000000000000000000000000000000000000000000000000000000000000000
000000111110000000000000000000000000000000000000000000000000000000000000
000000111110000000000000000000000000000000000000000000000000000000000000
000000111110000000000000000000000000000000000000000000000000000000000000
000000111110000000000000000000000000000000000000000000000000000000000000
000000011100000000000000000000000000000000000000000000000000000000000000
000000000000000000000000000000000000000000000000000000000000000000000000
000000000000000000000000000000000000000000000000000000000000000000000000
000000000000000000000000000000000000000000000000000000000000000000000000
000000000000000000000000000000000000000000000000000000000000000000000000
000000000000000000000000000000000000000000000000000000000000000000000000
000000000110000000000001000000111110000000000000000000001111100000000000
000000111110000000001111100011111111100000000000000001111111111100000000
000111111110000011111111100111111111110000000000000111000001111111111111
000111111110000001111111101110000111111000000000001110000000011111111111
000000111110000000001111111000000011111100000000011110000000011111111110
000000011110000000001111110000000001111100000000011100000000001111000000
000000011110000000001111100000000000111100000000111100000000001111100000
000000011110000000001111100000000000111100000000111100000000001111100000
000000011110000000001111100000000000111110000000111100000000000111100000
000000011110000000001111100000000000111110000000111100000000000111000000
000000011110000000001111100000000000111110000000111100000000001111000000
000000011110000000001111100000000000111110000000111110000000001111000000
000000011110000000001111100000000000111110000000111110000000011110000000
000000011110000000001111100000000000111110000000011111000000111100000000
000000011110000000001111100000000000111110000000001111111111110000000000
000000011110000000001111100000000000111110000000000011111111000000000000
000000011110000000001111100000000000111110000000000001100000000000000000
000000011110000000001111100000000000111110000000000111000000000000000000
000000011110000000001111100000000000111110000000001110000000000000000000
000000011110000000001111100000000000111110000000011110000000000000000000
000000011110000000001111100000000000111110000000011111100000000000000000
000000111110000000001111100000000000111110000000011111111111111111110000
100111111111111011111111111100000000111111110000001111111111111111111000
100111111111111011111111111100000000011111110000000111111111111111111100
000000000000000000000000000000000000000000000000000111000000000111111100
000000000000000000000000000000000000000000000000011100000000000001111110
000000000000000000000000000000000000000000000000111000000000000000111110
000000000000000000000000000000000000000000000001111000000000000000011110
000000000000000000000000000000000000000000000001111000000000000000011110
000000000000000000000000000000000000000000000001110000000000000000011100
000000000000000000000000000000000000000000000001110000000000000000011100
000000000000000000000000000000000000000000000001111000000000000000111000
000000000000000000000000000000000000000000000001111000000000000000111000
000000000000000000000000000000000000000000000000111100000000000001110000
000000000000000000000000000000000000000000000000111110000000000111100000
000000000000000000000000000000000000000000000000001111100000011110000000
000000000000000000000000000000000000000000000000000111111111111000000000
000000000000000000000000000000000000000000000000000000011110000000000000
000000000000000000000000000000000000000000000000000000000000000000000000
000000000000000000000000000000000000000000000000000000000000000000000000
000000000000000000000000000000000000000000000000000000000000000000000000
000000000000000000000000000000000000000000000000000000000000000000000000
000000000000000000000000000000000000000000000000000000000000000000000000
000000000000000000000000000000000000000000000000000000000000000000000000
000000000000000000000000000000000000000000000000000000000000000000000000
000000000000000000000000000000000000000000000000000000000000000000000000
000000000000000000000000000000000000000000000000000000000000000000000000
000000000000000000000000000000000000000000000000000000000000000000000000
000000000000000000000000000000000000000000000000000000000000000000000000
000000000000000000000000000000000000000000000000000000000000000000000000
000000000000000000000000000000000000000000000000000000000000000000000000
000000000000000000000000000000000000000000000000000000000000000000000000
000000000000000000000000000000000000000000000000000000000000000000000000
000000000001110000000000000000000000000000000000000000000000000000000000
000000111111110000000000000000000000000000000000000000000000000000000000
