000000000001111110000001111111000000000000000000111111111111100000000000
000000000000000000000000000000000000000000000000000011111000000000000000
000000000000000000000000000000000000000000000000000000000000000000000000
000000000000000000000000000000000000000000000000000000000000000000000000
000000000000000000000000000000000000000000000000000000000000000000000000
000000000000000000000000000000000000000000000000000000000000000000000000
000000000000000000000000000000000000000000000000000000000000000000000000
000000000000000000000000000000000000000000000000000000000000000000000000
000000000000000000000000000000000000000000000000000000000000000000000000
000000000000000000000000000000000000000000000000000000000000000000000000
000000000000000000000000000000000000000000000000000000000000000000000000
000000000000000000000000000000000000000000000000000000000000000000000000
000000000000000000000000000000000000000000000000000000000000000000000000
000000000000000000000000000000000000000000000000000000000000000000000000
000000000000000000000000000000000000000000000000000000000000000000000000
000000000000000000000000000000000000000000000000000000000000000000000000
000000000000000000000000000000000000000000000000000000000000000000000000
000000000000000000000000000000000000000000000000000000000000000000000000
000000000000000000000000000000000000000000000000000000000000000000000000
000000000000000000000000000000000000000000000000000000000000000000000000
000000000000000000000000000000000000000000000000000000000000000000000000
000000000000000000000000000000000000000000000000000000000000000000000000
000000000000000000000000000000000000000000000000000000000000000000000000
000000000000000000000000000000000000000000000000000000000000000000000000
000000000000000000000000000000000000000000000000000000000000000000000000
000000000000000000000000000000000000000000000000000000000000000000000000
000000000000000000000000000000000000000000000000000000000000000000000000
000000000000000000000000000000000000000000000000000000000000000000000000
000000000000000000000000000000000000000000000000000000000000000000000000
000000000000000000000000000000000000000000000000000000000000000000000000
000000000000000000000000000000000000000000000000000000000000000000000000
000000000000000000000000000000000000000000000000000000000000000000000000
000000000000000000000000000000000000000000000000000000000000000000000000
000000000000000000000000000000000000000000000000000000000000000000000000
000000000000000000000000000000000000000000000000000000000000000000000000
000000000000000000000000000000000000000000000000000000000000000000000000
000000000000000000000000000000000000000000000000000000000000000000000000
000000000000000000000000000000000000000000000000000000000000000000000000
000000000000000000000000000000000000000000000000000000000000000000000000
000000000000000000000000000000000000000000000000000000000000000000000000
000000000000000000000000000000000000000000000000000000000000000000000000
111111110000000000000000000000000000011100001111111100000001111111100000
100011111000000000000000000000001111111100011111111110000011111111110000
000000111100000000000000000000001111111100111111111111000111111111111000
000000011110000000000000000000000001111111100000011111001100000011111000
000000011111000000000000000000000000111111000000001111111000000001111100
000000001111000000000000000000000000111110000000001111110000000001111100
000000001111000000000000000000000000111100000000000111100000000000111100
000000001111100000000000000000000000111100000000000111100000000000111100
000000001111100000000000000000000000111100000000000111100000000000111100
000000001111100000000000000000000000111100000000000111100000000000111100
111111111111000000000000000000000000111100000000000111100000000000111100
000000000000000000000000000000000000111100000000000111100000000000111100
000000000000000000000000000000000000111100000000000111100000000000111100
000000000000000000000000000000000000111100000000000111100000000000111100
000000000000000000000000000000000000111100000000000111100000000000111100
000000000000000000000000000000000000111100000000000111100000000000111100
000000000000000000000000000000000000111100000000000111100000000000111100
000000000000000000000000000000000000111100000000000111100000000000111100
000000000000000000000000000000000000111100000000000111100000000000111100
000000000011000000000000000000000000111100000000000111100000000000111100
100000001110000000000000000000000000111100000000000111100000000000111100
111111111110000000000000000000000111111111100000111111111110000000111111
111111111000000000000000000000001111111111110001111111111110000000111111
111111000000000000000000000000000000000000000000000000000000000000000000
000000000000000000000000000000000000000000000000000000000000000000000000
000000000000000000000000000000000000000000000000000000000000000000000000
000000000000000000000000000000000000000000000000000000000000000000000000
000000000000000000000000000000000000000000000000000000000000000000000000
000000000000000000000000000000000000000000000000000000000000000000000000
000000000000000000000000000000000000000000000000000000000000000000000000
000000000000000000000000000000000000000000000000000000000000000000000000
000000000000000000000000000000000000000000000000000000000000000000000000
000000000000000000000000000000000000000000000000000000000000000000000000
000000000000000000000000000000000000000000000000000000000000000000000000
000000000000000000000000000000000000000000000000000000000000000000000000
000000000000000000000000000000000000000000000000000000000000000000000000
000000000000000000000000000000000000000000000000000000000000000000000000
000000000000000000000000000000000000000000000000000000000000000000000000
000000000000000000000000000000000000000000000000000000000000000000000000
000000000000000000000000000000000000000000000000000000000000000000000000
000000000000000000000000000000000000000000000000000000000000000000000000
000000000000000000000000000000000000000000000000000000000000000000000000
000000000000000000000000000000000000000000000000000000000000000000000000
000000000000000000000000000000000000000000000000000000000000000000000000
000000000000000000000000000000000000000000000000000000000000000000000000
000000000000000000000000000000000000000000000000000000000000000000000000
000000000000000000000000000000000000000000000000000000000000000000000000
000000000000000000000000000000000000000000000000000000000000000000000000
000000000000000000000000000000000000000000000000000000000000000000000000
000000000000000000000000000000000000000000000000000000000000000000000000
000000000000000000000000000000000000000000000000000000000000000000000000
000000000000000000000000000000000000000000000000000000000000000000000000
000000000000000000000000000000000000000000000000000000000000000000000000
000000000000000000000000000000000000000000000000000000000000000000000000
000000000000000000000000000000000000000000000000000000000000000000000000
000000000000000000000000000000000000000000000000000000000000000000000000
000000000000000000000000000000000000000000000000000000000000000000000000
000000000000000000000000000000000000000000000000000000000000000000000000
000000000000000000000000000000000000000000000000000000000000000000000000
000000000000000000000000000000000000000000000000000000000000000000000000
000000000000000000000000000000000000000000000000000000000000000000000000
000000000000000000000000000000000000000000000000000000000000000000000000
000000000000000000000000000000000000000000000000000000000000000000000000
000000111111100000000000000000011111111000000000000000000000000000000000
000001111111110000000000000001111001111110000000000000000000000000000000
000011111111111000000000000111100000011110000000000000000000000000000000
101110000011111100000000001111000000001111000000000000000000000000000000
111100000001111100000000011110000000000111100000000000000000000000000000
111000000000111110000000011100000000000111100000000000000000000000000000
110000000000111110000000111100000000000111110000000000000000000000000000
110000000000111110000000111100000000000111110000000000000000000000000000
110000000000011110000001111100000000000111110000000000000000000000000000
110000000000011110000001111100000000000111110000000000000000000000000000
110000000000011110000001111111111111111111110000000000000000000000000000
110000000000011110000001111111111111111000000000000000000000000000000000
110000000000011110000001111100000000000000000000000000000000000000000000
110000000000011110000001111100000000000000000000000000000000000000000000
110000000000011110000001111100000000000000000000000000000000000000000000
110000000000011110000001111100000000000000000000000000000000000000000000
110000000000011110000000111100000000000000000000000000000000000000000000
110000000000011110000000111110000000000000000000000000000000000000000000
110000000000011110000000111111000000000000000000001111000000000000000000
110000000000011110000000011111100000000000100000011111000000000000000000
110000000000011110000000001111110000000011100000011111100000000000000000
111000000000011111000000000111111111111111000000011111000000000000000000
111111000000011111111000000011111111111100000000001111000000000000000000
000000000000000000000000000000111111110000000000000000000000000000000000
000000000000000000000000000000000000000000000000000000000000000000000000
000000000000000000000000000000000000000000000000000000000000000000000000
000000000000000000000000000000000000000000000000000000000000000000000000
000000000000000000000000000000000000000000000000000000000000000000000000
000000000000000000000000000000000000000000000000000000000000000000000000
000000000000000000000000000000000000000000000000000000000000000000000000
000000000000000000000000000000000000000000000000000000000000000000000000
000000000000000000000000000000000000000000000000000000000000000000000000
000000000000000000000000000000000000000000000000000000000000000000000000
000000000000000000000000000000000000000000000000000000000000000000000000
000000000000000000000000000000000000000000000000000000000000000000000000
000000000000000000000000000000000000000000000000000000000000000000000000
000000000000000000000000000000000000000000000000000000000000000000000000
000000000000000000000000000000000000000000000000000000000000000000000000
000000000000000000000000000000000000000000000000000000000000000000000000
000000000000000000000000000000000000000000000000000000000000000000000000
000000000000000000000000000000000000000000000000000000000000000000000000
000000000000000000000000000000000000000000000000000000000000000000000000
000000000000000000000000000000000000000000000000000000000000000000000000
000000000000000000000000000000000000000000000000000000000000000000000000
000000000000000000000000000000000000000000000000000000000000000000000000
000000000000000000000000000000000000000000000000000000000000000000000000
000000000000000000000000000000000000000000000000000000000000000000000000
000000000000000000000000000000000000000000000000000000000000000000000000
000000000000000000000000000000000000000000000000000000000000000000000000
000000000000000000000000000000000000000000000000000000000000000000000000
000000000000000000000000000000000000000000000000000000000000000000000000
000000000000000000000000000000000000000000000000000000000000000000000000
000000000000000000000000000000000000000000000000000000000000000000000000
000000000000000000000000000000000000000000000000000000000000000000000000
000000000000000000000000000000000000000000000000000000000000000011111111
000000000000000000000000000000000000000000000000000000000000000011111111
000000000000000000000000000000000000000000000000000000000000000011100000
000000000000000000000000000000000000000000000000000000000000000001000000
000000000000000000000000000000000000000000000000000000000000000001000000
000000000000000000000000000000000000000000000000000000000000000001000000
000000000000000000000000000000000000000000000000000000000000000001000000
000000000000000000000000000000000000000000000000000000000000000001000000
000000000000000000000000000000000000000000000000000000000000000000000000
000000000000000000000000000000000000000000000000000000000000000000000000
000000000000000000000000000000000000000000000000000000000000000000000000
000011111110000000000000000000000000000000000000000000000000000000000000
011111111111100000000000000000000000000000000000000000000000000000000000
111000000011100000000000000000000000000000000000000000000000000000000000
110000000001100000000000000000000000000000000000000000000000000000000000
100000000000100000000000000000000000000000000000000000000000000000000000
100000000000100000000000000000000000000000000000000000000000000000000000
100000000000100000000000000000000000000000000000000000000000000000000000
110000000000000000000000000000000000000000000000000000000000000000000000
111000000000000000000000000000000000000000000000000000000000000000000000
111111000000000000000000000000000000000000000000000000000000000000000000
