000000000000000000000000000000000000000000000000000000000000000000000000
000000000000000000000000000000000000000000000000000000000000000000000000
000000000000000000000000000000000000000000000000000000000000000000000000
000000000000000000000000000000000000000000000000000000000000000000000000
000000000000000000000000000000000000000000000000000000000000000000000000
000000000000000000000000000000000000000000000000000000000000000000000000
000000000000000000000000000000000000000000000000000000000000000000000000
000000000000000000000000000000000000000000000000000000000000000000000000
000000000000000000000000000000000000000000000000000000000000000000000000
000000000000000000000000000000000000000000000000000000000000000000000000
000000000000000000000000000000000000000000000000000000000000000000000000
000000000000000000000000000000000000000000000000000000000000000000000000
000000000000000000000000000000000000000000000000000000000000000000000000
000000000000000000000000000000000000000000000000000000000000000000000000
000000000000000000000000000000000000000000000000000000000000000000000000
000000000000000000000000000000000000000000000000000000000000000000000000
000000000000000000000000000000000000000000000000000000000000000000000000
000000000000000000000000000000000000000000000000000000000000000000000000
000000000000000000000000000000000000000000000000000000000000000000000000
000000000000000000000000000000000000000000000000000000000000000000000000
111111000000000000000000001111100000000000000001000000111000000000001111
111111110000000000000001111111111100000000011111000011111100000000111111
111111111000000000000111100000111110000011111111000111111100000011100000
000111111100000000001110000000011111000001111111001111111000000111000000
000001111100000000011110000000001111000000001111011100111000001110000000
000000111100000000111100000000001111100000001111110000011000011110000000
000000111110000000111100000000000111100000001111100000001000111100000000
000000111110000001111000000000000111100000001111100000000000111100000000
000000011110000001111000000000000111100000001111100000000000111100000000
000000011110000001111000000000000111110000001111000000000001111100000000
000000011110000001111111111111111111110000001111000000000001111111111111
000000011110000001111111111111111111000000001111000000000001111111111111
000000011110000001111000000000000000000000001111000000000001111100000000
000000011110000001111000000000000000000000001111000000000001111100000000
000000011110000001111000000000000000000000001111000000000001111100000000
000000011110000001111100000000000000000000001111000000000001111100000000
000000011110000001111100000000000000000000001111000000000000111110000000
000000011110000001111100000000000000000000001111000000000000111110000000
000000011110000000111110000000000000000000001111000000000000111111000000
000000011110000000111111000000000000000000001111000000000000011111100000
000000011110000000011111100000000001100000001111100000000000001111110000
000000011110000000001111111100001111000000001111100000000000001111111100
000000011111111000000111111111111110000011111111111110000000000011111111
000000010000010000000001111111111000000001100000001110000000000000111111
000000000000000000000000000000000000000000000000000000000000000000000000
000000000000000000000000000000000000000000000000000000000000000000000000
000000000000000000000000000000000000000000000000000000000000000000000000
000000000000000000000000000000000000000000000000000000000000000000000000
000000000000000000000000000000000000000000000000000000000000000000000000
000000000000000000000000000000000000000000000000000000000000000000000000
000000000000000000000000000000000000000000000000000000000000000000000000
000000000000000000000000000000000000000000000000000000000000000000000000
000000000000000000000000000000000000000000000000000000000000000000000000
000000000000000000000000000000000000000000000000000000000000000000000000
000000000000000000000000000000000000000000000000000000000000000000000000
000000000000000000000000000000000000000000000000000000000000000000000000
000000000000000000000000000000000000000000000000000000000000000000000000
000000000000000000000000000000000000000000000000000000000000000000000000
000000000000000000000000000000000000000000000000000000000000000000000000
000000000000000000000000000000000000000000000000000000000000000000000000
000000000000000000000000000000000000000000000000000000000000000000000000
000000000000000000000000000000000000000000000000000000000000000000000000
000000000000000000000000000000000000000000000000000000000000000000000000
000000000000000000000000000000000000000000000000000000000000000000000000
000000000000000000000000000000000000000000000000000000000000000000000000
000000000000000000000000000000000000000000000000000000000000000000000000
000000000000000000000000000000000000000000000000000000000000000000000000
000000000000000000000000000000000000000000000000000000000000000000000000
000000000000000000000000000000000000000000000000000000000000000000000000
000000000000000000000000000000000000000000000000000000000000000000000000
000000000000000000000000000000000000000000000000000000000000000000000000
000000000000000000000000000000000000000000000000000000000000000000000000
000000000000000000000000000000000000000000000000000000000000000000000000
000000000000000000000000000000000000000000000000000000000000000000000000
000000000000000000000000000000000000000000000000000000000000000000000000
000000000000000000000000000000000000000000000000000000000000000000000000
000000000000000000000000000000000000000000000000000000000000000000000000
000000000000000000000000000000000000000000000000000000000000000000000000
000000000000000000000000000000000000000000000000000000000000000000000000
000000000000000000000000000000000000000000000000000000000000000000000000
000000000000000000000000000000000000000000000000000000000000000000000000
000000000000000000000000000000000000000000000000000000000000000000000000
000000000000000000000000000000000000000000000000000000000000000000000000
110000000000000000000100000000000000010000000000000000000000000000000000
111111000000000000111100000000000011110000000000000000000000000000000001
001111100000001111111100000000111111110000000000000000000000000000000111
000111110000001111111100000000111111110000000000000000000000000000011110
000011111000000000111100000000000011110000000000000000000000000000111000
000001111100000000111100000000000011110000000000000000000000000001110000
000000111110000000111100000000000011110000000000000000000000000011110000
000000111110000000111100000000000011110000000000000000000000000011100000
000000111110000000111100000000000011110000000000000000000000000111100000
000000011111000000111100000000000011110000000000000000000000000111100000
000000011111000000111100000000000011110000000000000000000000000111100000
000000011111000000111100000000000011110000000000000000000000001111100000
000000011111000000111100000000000011110000000000000000000000001111100000
000000011111000000111100000000000011110000000000000000000000001111100000
000000011110000000111100000000000011110000000000000000000000001111100000
000000011110000000111100000000000011110000000000000000000000000111100000
000000011110000000111100000000000011110000000000000000000000000111110000
000000011110000000111110000000000011110000000000000000000000000111110000
000000111100000000111110000000000111110000000000000000000000000111111000
000000111000000000011110000000001111110000000000000000000000000011111100
000001111000000000011111100000111011110000000000000000000000000001111110
000011110000000000011111111111110011111000000000000000000000000000111111
000111000000000000001111111111100011111111000000000000000000000000011111
111100000000000000000111111110000011111111000000000000000000000000001111
100000000000000000000000000000000000000000000000000000000000000000000000
000000000000000000000000000000000000000000000000000000000000000000000000
000000000000000000000000000000000000000000000000000000000000000000000000
000000000000000000000000000000000000000000000000000000000000000000000000
000000000000000000000000000000000000000000000000000000000000000000000000
000000000000000000000000000000000000000000000000000000000000000000000000
000000000000000000000000000000000000000000000000000000000000000000000000
000000000000000000000000000000000000000000000000000000000000000000000000
000000000000000000000000000000000000000000000000000000000000000000000000
000000000000000000000000000000000000000000000000000000000000000000000000
000000000000000000000000000000000000000000000000000000000000000000000000
000000000000000000000000000000000000000000000000000000000000000000000000
000000000000000000000000000000000000000000000000000000000000000000000000
000000000000000000000000000000000000000000000000000000000000000000000000
000000000000000000000000000000000000000000000000000000000000000000000000
000000000000000000000000000000000000000000000000000000000000000000000000
000000000000000000000000000000000000000000000000000000000000000000000000
000000000000000000000000000000000000000000000000000000000000000000000000
000000000000000000000000000000000000000000000000000000000000000000000000
000000000000000000000000000000000000000000000000000000000000000000000000
000000000000000000000000000000000000000000000000000000000000000000000000
000000000000000000000000000000000000000000000000000000000000000000000000
000000000000000000000000000000000000000000000000000000000000000000000000
000000000000000000000000000000000000000000000000000000000000000000000000
000000000000000000000000000000000000000000000000000000000000000000000000
000000000000000000000000000000000000000000000000000000000000000000000000
000000000000000000000000000000000000000000000000000000000000000000000000
001110000000000000000000000000000000000000000000000000000000000000000000
111110000000000000000000000000000000000000000000000000000000000000000000
111110000000000000000000000000000000000000000000000000000000000000000000
111110000000000000000000000000000000000000000000000000000000000000000000
011110000000000000000000000000000000000000000000000000000000000000000000
011110000000000000000000000000000000000000000000000000000000000000000000
011110000000000000000000000000000000000000000000000000000000000000000000
011110000000000000000000000000000000000000000000000000000000000000000000
011110000000000000000000000000000000000000000000000000000000000000000000
011110000000000000000000000000000000000000000000000000000000000000000000
011110000000000000000000000000000000000000000000000000000000000000000000
011110000000000000000000000000000000000000000000000000000000000000000000
011110000000000000000000000000000000000000000000000000000000000000000000
011110000111111110000000000000000011111111100000000000011110000111110000
011110001111111111100000000000001111000011110000000111111110011111110000
011110011111111111110000000000011100000001111000001111111110011111110000
011110110000001111110000000000111000000000111100000000111110111111110000
011111000000000111110000000001110000000000111110000000111111100001110000
011111000000000011111000000011110000000000011110000000111111000000100000
011110000000000011111000000011110000000000011110000000111110000000000000
011110000000000001111000000111110000000000011111000000111110000000000000
011110000000000001111000000111100000000000011111000000111110000000000000
011110000000000001111000000111111000000000011111000000111110000000000000
011110000000000001111000000111111111111111111110000000111110000000000000
011110000000000001111000000111110000000000000000000000111110000000000000
011110000000000001111000000111100000000000000000000000111110000000000000
011110000000000001111000000111100000000000000000000000111110000000000000
011110000000000001111000000111110000000000000000000000111110000000000000
011110000000000001111000000111110000000000000000000000111110000000000000
011110000000000001111000000111110000000000000000000000111110000000000000
011110000000000001111000000011111000000000000000000000111110000000000000
011110000000000001111000000011111100000000000000000000111110000000000000
011110000000000001111000000001111110000000000110000000111110000000000000
111110000000000001111000000001111111000000011100000000111110000000000000
111111111000000001111111000000011111111111111100000111111111111000000000
111111111000000001111111100000001111111111110000001111111111111100000000
000000000000000000000000000000000001111110000000000000000000000000000000
000000000000000000000000000000000000000000000000000000000000000000000000
000000000000000000000000000000000000000000000000000000000000000000000000
000000000000000000000000000000000000000000000000000000000000000000000000
000000000000000000000000000000000000000000000000000000000000000000000000
000000000000000000000000000000000000000000000000000000000000000000000000
000000000000000000000000000000000000000000000000000000000000000000000000
000000000000000000000000000000000000000000000000000000000000000000000000
000000000000000000000000000000000000000000000000000000000000000000000000
