000000000000000000000000000000000000000000111111110000000000000000000000
000000000000000000000000000000000000000000000111110000000000000000000000
000000000000000000000000000000000000000000000011110000000000000000000000
000000000000000000000000000000000000000000000011110000000000000000000000
000000000000000000000000000000000000000000000011110000000000000000000000
000000000000000000000000000000000000000000000011110000000000000000000000
000000000000000000000000000000000000000000000011110000000000000000000000
000000000000000000000000000000000000000000000011110000000000000000000000
000000000000000000000000000000000000000000000011110000000000000000000000
000000000000000000000000000000000000000000000011110000000000000000000000
000000000001110000000000000000000000000110000011110000000000000000000000
011110000111111110000000000000000000111111110011110000000000000000000000
111110001111111111000000000000000011111111111111110000000000000000000000
111110111111111111100000000000001110000000111111110000000000000000000000
111111110000001111110000000000111100000000001111110000000000000000000000
011111000000000111110000000001111000000000000111110000000000000000000000
011110000000000011111000000001110000000000000011110000000000000000000000
011110000000000011111000000011110000000000000011110000000000000000000000
011110000000000001111000000011110000000000000011110000000000000000000000
011110000000000001111000000111100000000000000011110000000000000000000000
011110000000000001111000000111100000000000000011110000000000000000000000
011110000000000001111000000111100000000000000011110000000000000000000000
011110000000000001111000000111100000000000000011110000000000000000000000
011110000000000001111000000111100000000000000011110000000000000000000000
011110000000000001111000000111110000000000000011110000000000000000000000
011110000000000001111000000111110000000000000011110000000000000000000000
011110000000000001111000000111110000000000000111110000000000000000000000
011110000000000001111000000011111000000000000111110000000000000000000000
011110000000000001111000000011111000000000001111110000000000000111000000
011110000000000001111000000011111100000000011111110000000000011111000000
011110000000000001111000000001111110000000111011110000000000011111000000
111110000000000001111000000000111111110011100011110000000000011110000000
111111110000000001111111000000011111111111000011111111000000111110000000
111111111000000001111111100000000111111110000011111111000000111100000000
000000000000000000000000000000000000000000000000000000000000111000000000
000000000000000000000000000000000000000000000000000000000001111000000000
000000000000000000000000000000000000000000000000000000000001110000000000
000000000000000000000000000000000000000000000000000000000011100000000000
000000000000000000000000000000000000000000000000000000000011100000000000
000000000000000000000000000000000000000000000000000000000111000000000000
000000000000000000000000000000000000000000000000000000000110000000000000
000000000000000000000000000000000000000000000000000000000000000000000000
000000000000000000000000000000000000000000000000000000000000000000000000
000000000000000000000000000000000000000000000000000000000000000000000000
000000000000000000000000000000000000000000000000000000000000000000000000
000000000000000000000000000000000000000000000000000000000000000000000000
000000000000000000000000000000000000000000000000000000000000000000000000
000000000000000000000000000000000000000000000000000000000000000000000000
000000000000000000000000000000000000000000000000000000000000000000000000
000000000000000000000000000000000000000000000000000000000000000000000000
000000000000000000000000000000000000000000000000000000000000000000000000
000000000000000000000000000000000000000000000000000000000000000000000000
000000000000000000000000000000000000000000000000000000000000000000000000
000000000000000000000000000000000000000000000000000000000000000000000000
000000000000000000000000000000000000000000000000000000000000000000000000
000000000000000000000000000000000000000000000000000000000000000000000000
000000000000000000000000000000000000000000000000000000000000000000000000
000000000000000000000000000000000000000000000000000000000000000000000000
000000000000000000000000000000000000000000000000000000000000000000000000
000000000000000000000000000000000000000000000000000000000000000000000000
000000000000000000000000000000000000000000000000000000000000000000000000
000000000000000000000000000000000000001100000000000000000000000000000000
000000000000000000000000000000000111111100000000000000000000000000000000
000000000000000000000000000000001111111100000000000000000000000000000000
000000000000000000000000000000000000111100000000000000000000000000000000
000000000000000000000000000000000000111100000000000000000000000000000000
000000010000000000000001000000000000111100000000000000000000000000000000
000011110000000000000111000000000000111100000000000000000000000000000000
000111110000000000011111000000000000111100000000000000000000000000000000
000111110000000000001111000000000000111100000000000000000000000000000000
000111110000000000001111000000000000111100000000000000000000000000000000
000111110000000000001111000000000000111100000000000000000000000000000000
000111100000000000001111000000000000111100000000000000000000000000000000
000111100000000000001111000000000000111100000000000000000000000000000000
000111100000000000001111000000000000111100000000000000111111110000000000
000111110111110000011111011111000000111100000000000011110001111100000000
011111111111110001111111111111000000111100000000000111000000011110000000
111111111111110011111111111111000000111100000000001110000000001111000000
000111100000000000001111000000000000111100000000011100000000001111100000
000111100000000000001111000000000000111100000000111100000000000111100000
000111100000000000001111000000000000111100000000111100000000000111100000
000111100000000000001111000000000000111100000001111000000000000111110000
000111100000000000001111000000000000111100000001111000000000000111110000
000111100000000000001111000000000000111100000001111100000000000111110000
000111100000000000001111000000000000111100000001111111111111111111110000
000111100000000000001111000000000000111100000001111111111111100000000000
000111100000000000001111000000000000111100000001111000000000000000000000
000111100000000000001111000000000000111100000001111000000000000000000000
000111100000000000001111000000000000111100000001111100000000000000000000
000111100000000000001111000000000000111100000001111100000000000000000000
000111100000000000001111000000000000111100000001111100000000000000000000
000111100000000000001111000000000000111100000000111110000000000000000000
000111110000000000001111000000000000111100000000111110000000000000000000
000111110000000000001111000000000000111100000000011111000000000000100000
000011111111110000001111111111000000111100000000011111110000000011100000
000011111111100000001111111110000011111111000000001111111111111111000000
000001111111000000000111111100001111111111110000000011111111111100000000
000000011100000000000000110000000000000000000000000000111111100000000000
000000000000000000000000000000000000000000000000000000000000000000000000
000000000000000000000000000000000000000000000000000000000000000000000000
000000000000000000000000000000000000000000000000000000000000000000000000
000000000000000000000000000000000000000000000000000000000000000000000000
000000000000000000000000000000000000000000000000000000000000000000000000
000000000000000000000000000000000000000000000000000000000000000000000000
000000000000000000000000000000000000000000000000000000000000000000000000
000000000000000000000000000000000000000000000000000000000000000000000000
000000000000000000000000000000000000000000000000000000000000000000000000
000000000000000000000000000000000000000000000000000000000000000000000000
000000000000000000000000000000000000000000000000000000000000000000000000
000000000000000000000000000000000000000000000000000000000000000000000000
000000000000000000000000000000000000000000000000000000000000000000000000
000000000000000000000000000000000000000000000000000000000000000000000000
000000000000000000000000000000000000000000000000000000000000000000000000
000000000000000000000000000000000000000000000000000000000000000000000000
000000000000000000000000000000000000000000000000000000000000000000000000
000000000000000000000000000000000000000000000000000000000000000000000000
000000000000000000000000000000000000000000000000000000000000000000000000
000000000000000000000000000000000000000000000000000000000000000000000000
000000000000000000000000000000000000000000000000000000000000000000000000
000000000000000000000000000000000000000000000000000000000000000000000000
000000000000000000000000000000000000000000000000000000000000000000000000
000000000000000000000000000000000000000000000000000000000000000000000000
000000000000000000000000000000000000000000000000000000000000000000000000
000000000000000000000000000000000000000000000000000000000000000000000000
001100000000000000000000000000000000000000000000000000000000000000000000
111100000000000000000000000000000000000000000000000000000000000000000000
111100000000000000000000000000000000000000000000000000000000000000000000
111100000000000000000000000000000000000000000000000000000000000000000000
111100000000000000000000000000000000000000000000000000000000000000000000
111100000000000000000000000000000000000000000000000000000000000000000000
111100000000000000000000000000111000000000000000000000000000000000000000
111100000000000000000000000011111000000000000000000000000000000000000000
111100000000000000000000000011111000000000000000000000000000000000000000
111100000000000000000000000011110000000000000000000000000000000000000000
111100000000000000000000000011110000000000000000000000000000000000000000
111100000000000000000000000011110000000000000000000000000000000000000000
111100000000000000000000000011110000000000000000000000000000000000000000
111100000000000000000000000011110000000000000000011111111000000000000000
111100000000000000000000000011110000000000000001111111111111000000000011
111100000000000000000000001111111111111000000111100000001111100000001111
111100000000000000000000111111111111111000001111000000000111110000000001
111100000000000000000000000011110000000000011110000000000011111000000001
111100000000000000000000000011110000000000011110000000000011111100000000
111100000000000000000000000011110000000000111100000000000001111100000000
111100000000000000000000000011110000000000111100000000000001111100000000
111100000000000000000000000011110000000000111100000000000000111110000000
111100000000000000000000000011110000000001111100000000000000111110000000
111100000000000000000000000011110000000001111100000000000000111110000000
111100000000000000000000000011110000000001111100000000000000111110000000
111100000000000000000000000011110000000001111100000000000000111110000000
111100000000000000000000000011110000000001111100000000000000111110000000
111100000000000000000000000011110000000001111100000000000000111110000000
111100000000000000000000000011110000000001111100000000000000111100000000
111100000000000000000000000011110000000000111110000000000000111100000000
111100000000000000000000000011110000000000111110000000000000111100000000
111100000000000000000000000011110000000000111110000000000001111000000000
111100000000000000000000000011111000000000011111000000000001110000000000
111100000000000000000000000011111100110000001111100000000011100000000001
111110000000000000000000000001111111110000000111110000000111000000000001
111111110000000000000000000001111111100000000011111110011110000000011111
000000000000000000000000000000011111000000000000111111110000000000000000
000000000000000000000000000000000000000000000000000000000000000000000000
000000000000000000000000000000000000000000000000000000000000000000000000
000000000000000000000000000000000000000000000000000000000000000000000000
000000000000000000000000000000000000000000000000000000000000000000000000
000000000000000000000000000000000000000000000000000000000000000000000000
000000000000000000000000000000000000000000000000000000000000000000000000
000000000000000000000000000000000000000000000000000000000000000000000000
000000000000000000000000000000000000000000000000000000000000000000000000
000000000000000000000000000000000000000000000000000000000000000000000000
000000000000000000000000000000000000000000000000000000000000000000000000
000000000000000000000000000000000000000000000000000000000000000000000000
000000000000000000000000000000000000000000000000000000000000000000000000
000000000000000000000000000000000000000000000000000000000000000000000000
000000000000000000000000000000000000000000000000000000000000000000000000
000000000000000000000000000000000000000000000000000000000000000000000000
000000000000000000000000000000000000000000000000000000000000000000000000
000000000000000000000000000000000000000000000000000000000000000000000000
000000000000000000000000000000000000000000000000000000000000000000000000
