000000000000000000000000000000000011111111000001111111100000000011111111
000000000000000000000000000000000000000000000000000000000000000000011111
000000000000000000000000000000000000000000000000000000000000000000000000
000000000000000000000000000000000000000000000000000000000000000000000000
000000000000000000000000000000000000000000000000000000000000000000000000
000000000000000000000000000000000000000000000000000000000000000000000000
000000000000000000000000000000000000000000000000000000000000000000000000
000000000000000000000000000000000000000000000000000000000000000000000000
000000000000000000000000000000000000000000000000000000000000000000000000
000000000000000000000000000000000000000000000000000000000000000000000000
000000000000000000000000000000000000000000000000000000000000000000000000
000000000000000000000000000000000000000000000000000000000000000000000000
000000000000000000000000000000000000000000000000000000000000000000000000
000000000000000000000000000000000000000000000000000000000000000000000000
000000000000000000000000000000000000000000000000000000000000000000000000
000000000000000000000000000000000000000000000000000000000000000000000000
000000000000000000000000000000000000000000000000000000000000000000000000
000000000000000000000000000000000000000000000000000000000000000000000000
000000000000000000000000000000000000000000000000000000000000000000000000
000000000000000000000000000000000000000000000000000000000000000000000000
000000000000000000000000000000000000000000000000000000000000000000000000
000000000000000000000000000000000000000000000000000000000000000000000000
000000000000000000000000000000000000000000000000000000000000000000000000
000000000000000000000000000000000000000000000000000000000000000000000000
000000000000000000000000000000000000000000000000000000000000000000000000
000000000000000000000000000000000000000000000000000000000000000000000000
000000000000000000000000000000000000000000000000000000000000000000000000
000000000000000000000000000000000000000000000000000000000000000000000000
000111000000000000000000000000000000000000000000000000000000000000000000
111111000000000000000000000000000000000000000000000000000000000000000000
111111000000000000000000000000000000000000000000000000000000000000000000
001111000000000000000000000000000000000000000000000000000000000000000000
001111000000000000000000000000000000000000000000000000000000000000000000
001111000000000000000000000000000000000000000000000000000000000000000000
001111000000000000000000000000000000000000000000000000000000000000000000
001111000000000000000000000000000000000000000000000000000000000000000000
001111000000000000000000000000000000000000000000000000000000000000000000
001111000000000000000000000000000000000000000000000000000000000000000000
001111000000000000000000000000000000000000000000000000000000000000000000
001111000000000000000000000000000000000000000000000000000000000000000000
001111000000000000000000000000000000000000000000000000000000000000000000
001111000000111111111111000001111111111000000000000000000000000000000011
001111000000011111111100000000111111110000000000000000000000000000001111
001111000000000111110000000000001111000000000000000000000000000000011100
001111000000000111110000000000001110000000000000000000000000000000011100
001111000000000011110000000000001100000000000000000000000000000000111000
001111000000000011111000000000001100000000000000000000000000000000111000
001111000000000001111000000000011000000000000000000000000000000000111100
001111000000000001111100000000011000000000000000000000000000000000111100
001111000000000001111100000000111000000000000000000000000000000000111111
001111000000000000111100000000110000000000000000000000000000000000011111
001111000000000000111110000000110000000000000000000000000000000000011111
001111000000000000011110000001100000000000000000000000000000000000001111
001111000000000000011110000001100000000000000000000000000000000000000001
001111000000000000011111000011000000000000000000000000000000000000000000
001111000000000000001111000011000000000000000000000000000000000000000000
001111000000000000001111100011000000000000000000000000000000000000000000
001111000000000000000111100110000000000000000000000000000000000000110000
001111000000000000000111110110000000000000110000000000000000000000110000
001111000000000000000011111100000000000111110000000000000000000000110000
001111000000000000000011111100000000000111110000000000000000000000110000
001111100000000000000011111000000000000111100000000000000000000000111000
111111111100000000000001111000000000001111100000000000000000000000111110
111111111100000000000001110000000000001111000000000000000000000000111111
000000000000000000000000110000000000001110000000000000000000000000000111
000000000000000000000000110000000000011110000000000000000000000000000000
000000000000000000000001100000000000011100000000000000000000000000000000
000000000000000000000001100000000000111100000000000000000000000000000000
000000000000000000000011000000000000111000000000000000000000000000000000
000000000000000000000011000000000001110000000000000000000000000000000000
000000000000000000000010000000000001100000000000000000000000000000000000
000000000000000000000110000000000000000000000000000000000000000000000000
000000000000000000001110000000000000000000000000000000000000000000000000
000000000000000000011100000000000000000000000000000000000000000000000000
000000000000001100111000000000000000000000000000000000000000000000000000
000000000000011111111000000000000000000000000000000000000000000000000000
000000000000011111110000000000000000000000000000000000000000000000000000
000000000000011111000000000000000000000000000000000000000000000000000000
000000000000000000000000000000000000000000000000000000000000000000000000
000000000000000000000000000000000000000000000000000000000000000000000000
000000000000000000000000000000000000000000000000000000000000000000000000
000000000000000000000000000000000000000000000000000000000000000000000000
000000000000000000000000000000000000000000000000000000000000000000000000
000000000000000000000000000000000000000000000000000000000000000000000000
000000000000000000000000000000000000000000000000000000000000000000000000
000000000000000000000000000000000000000000000000000000000000000000000000
000000000000000000000000000000000000000000000000000000000000000000000000
000000000000000000000000000000000000000000000000000000000000000000000000
000000000000000000000000000000000000000000000000000000000000000000000000
000000000000000000000000000000000000000000000000000000000000000000000000
000000000000000000000000000000000000000000000000000000000000000000000000
000000000000000000000000000000000000000000000000000000000000000000000000
000000000000000000000000000000000000000000000000000000000000000000000000
000000000000111000000000000000000000000000000000000000000000000000000001
000000000001111100000000000000000000000000000000000000000000000000000000
000000000001111100000000000000000000000000000000000000000000000000000000
000000000001111100000000000000000000000000000000000000000000000100000000
000000000001111000000000000000000000000000000000000000000000011100000000
000000000000000000000000000000000000000000000000000000000001111100000000
000000000000000000000000000000000000000000000000000000000001111100000000
000000000000000000000000000000000000000000000000000000000001111100000000
000000000000000000000000000000000000000000000000000000000001111100000000
000000000000000000000000000000000000000000000000000000000001111000000000
000000000000000000000000000000000000000000000000000000000001111000000000
000000000000011100000000000111111111100000000000000000000001111000000000
000000000111111100000000011110001111110000000000000000000001111100011100
000000011111111100000000111000000001110000000000000000000111111111111100
000000000001111100000000111000000000110000000000000000001111111111111100
000000000001111100000001110000000000010000000000000000000001111000000000
000000000001111100000001110000000000010000000000000000000001111000000000
000000000001111100000001110000000000010000000000000000000001111000000000
000000000001111100000001111000000000000000000000000000000001111000000000
000000000001111100000001111110000000000000000000000000000001111000000000
000000000001111100000001111111110000000000000000000000000001111000000000
000000000001111100000000111111111111000000000000000000000001111000000000
000000000001111100000000011111111111110000000000000000000001111000000000
000000000001111100000000000111111111111000000000000000000001111000000000
000000000001111100000000000000011111111100000000000000000001111000000000
000000000001111100000000000000000011111100000000000000000001111000000000
000000000001111100000000000000000000111100000000000000000001111000000000
000000000001111100000001000000000000111100000000000000000001111000000000
000000000001111100000001000000000000011100000000000000000001111000000000
000000000001111100000001000000000000011100000000000000000001111100000000
000000000001111100000001100000000000111000000000000000000001111100000000
000000000001111100000001110000000001110000000000000000000000111111011100
000000000011111110000001111000000011100000000000000000000000111111111000
000000011111111111110011111111111111000000000000000000000000011111110001
000000000000000000000000111111111000000000000000000000000000000111000000
000000000000000000000000000000000000000000000000000000000000000000000000
000000000000000000000000000000000000000000000000000000000000000000000000
000000000000000000000000000000000000000000000000000000000000000000000000
000000000000000000000000000000000000000000000000000000000000000000000000
000000000000000000000000000000000000000000000000000000000000000000000000
000000000000000000000000000000000000000000000000000000000000000000000000
000000000000000000000000000000000000000000000000000000000000000000000000
000000000000000000000000000000000000000000000000000000000000000000000000
000000000000000000000000000000000000000000000000000000000000000000000000
000000000000000000000000000000000000000000000000000000000000000000000000
000000000000000000000000000000000000000000000000000000000000000000000000
000000000000000000000000000000000000000000000000000000000000000000000000
000000000000000000000000000000000000000000000000000000000000000000000000
000000000000000000000000000000000000000000000000000000000000000000000000
000000000000000000000000000000000000000000000000000000000000000000000000
000000000000000000000000000000000000000000000000000000000000000000000000
000000000000000000000000000000000000000000000000000000000000000000000000
000000000000000000000000000000000000000000000000000000000000000000000000
000000000000000000000000000000000000000000000000000000000000000000000000
000000000000000000000000000000000000000000000000000000000000000000000000
000000000000000000000000000000000000000000000000000000000000000000000000
000000000000000000000000000000000000000000000000000000000000000000000000
000000000000000000000000000000000000000000000000000000000000000000000000
000000000000000000000000000000000000000000000000000000000000000000000000
000000000000000000000000000000000000000000000000000000000000000000000000
000000000000000000000000000000000000000000000000000000000000000000000000
000000000000000000000000000000000000000000000000000000000000000000000000
000000000000000000000000000000000000000000000000000000000000000000000000
000000000000000000000000000000000001000000000000000000000000000000000000
000000000000000000000000000000011111000000000000000000000000000000000000
000000000000000000000000000011111111000000000000000000000000000000000000
000000000000000000000000000000011111000000000000000000000000000000000000
000000000000000000000000000000001111000000000000000000000000000000000000
000000000000000000000000000000001111000000000000000000000000000000000000
000000000000000000111000000000001111000000000000000000000000000000000000
000000000000000011111000000000001111000000000000000000000000000000000000
000000000000000011111000000000001111000000000000000000000000000000000000
000000000000000011111000000000001111000000000000000000000000000000000000
000000000000000011110000000000001111000000000000000000000000000000000000
000000000000000011110000000000001111000000000000000000000000000000000000
000000000000000011110000000000001111000000000000000000000000000000000000
000000000000000011110000000000001111000001111110000000000000000000011111
000000000000000011110000000000001111000011111111100000000000000011111111
000000000000000111111111111000001111000111111111110000000000000111000000
000000000000011111111111111000001111011100001111111000000000001110000000
000000000000010011111000000000001111110000000011111000000000011100000000
000000000000000011110000000000001111100000000001111100000000111100000000
000000000000000011110000000000001111100000000001111100000000111000000000
000000000000000011110000000000001111000000000000111100000001111000000000
000000000000000011110000000000001111000000000000111100000001111000000000
000000000000000011110000000000001111000000000000111100000001111000000000
