000000000000000000000000000000000000000000000000000000000000000000000000
000000000000000000000000000000000000000000000000000000000000000000000000
000000000000000000000000000000000000000000000000000000000000000000000000
000000000000000000000000000000000000000000000000000000000000000000000000
000000000000000000000000000000000000000000000000000000000000000000000000
000000000000000000000000000000000000000000000000000000000000000000000000
000000000000000000000000000000000000000000000000000000000000000000000000
000000000000000000000000000000000000000000000000000000000000000000000000
000000000000000000000000000000000000000000000000000000000000000000000000
000000000000000000000000000000000000000000000000000000000000000000000000
000000000000000000000000000000000000000000000000000000000000000000000000
000000000000000000000000000000000000000000000000000000000000000000000000
000000000000000000000000000000000000000000000000000000000000000000000000
000000000000000000000000000000000000000000000000000000000000000000000000
000000000000000000000000000000000000000000000000000000000000000000000000
000000000000000000000000000000000000000000000000000000000000000000000000
000000000000000000000000000000000000000000000000000000000000000000000000
000000000000000000000000000000000000000000000000000000000000000000000000
000000000000000000000000000000000000000000000000000000000000000000000000
000000000000000000000000000000000000000000000000000000000000000000000000
000000000000000000000000000000000000000000000000000000000000000000000000
000000000000000000000000000000000000000000000000000000000000000000000000
000000000000000000000000000000000000000000000000000000000000000000000000
000000000000000000000000000000000000000000000000000000000000000000000000
000000000000000000000000000000000000000000000000000000000000000000000000
000000000000000000000000000000000000000000000000000000000000000000000000
000000000000000000000000000000000000000000000000000000000000000000000000
000000000000000000000000000000000000000000000000000000000000000000000000
000000000000000000000000000000000000000000000000000000000000000000000000
000000000000000000000000000000000000000000000000000000000000000000000000
000000000000000000000000000000000000000000000000000000000000000000000000
000000000000000000000000000000000000000000000000000000000000000000000000
000000000000000000000000000000000000000000000000000000000000000000000000
000000000000000000000000000000000000000000000000000000000000000000000000
000000000000000000000000000000000000000000000000000000000000000000000000
000000000000000000000000000000000000000000000000000000000000000000000000
000000000000000000000000000000000000000000000000000000000000000000000000
000000000000000000000000000000000000000000000000000000000000000000000000
000000000000000000000000000000000000000000000000000000000000000000000000
000000000000000000000000000000000000000000000000000000000000000000000000
000000000000000000000000000000000000000000000000000000000000000000000000
000000000000000000000000000000000000000000000000000000000000000000000000
000000000000000000000000000000000000000000000000000000000000000000000000
000000000000000000000000000000000000000000000000000000000000000000000000
000000000000000000000000000000000000000000000000000000000000000000000000
000000000000000000000000000000000000000000000000000000000000000000000000
000000000000000000000000000000000000000000000000000000000000000000000000
000000000000000000000000000000000000000000000000000000000000000000000000
000000000000000000000000000000000000000000000000000000000000000000000000
000000000000000000000000000000000000000000000000000000000000000000000000
000000000000000000000000000000000000000000000000000000000000000000000000
000000000000000000000000000000000000000000000000000000000000000000000000
000000000000000000000001111100000000000000000000000000000000001000000011
000000000000000000001111111111000000000000000000000000000001111000011111
000000000000000000111111111111100000000000000000000000011111111000111111
000000000000000001110000001111110000000000000000000000011111111001111111
000000000000000001100000000111110000000000000000000000000001111011000000
000000000000000001100000000011111000000000000000000000000001111110000000
000000000000000001000000000001111000000000000000000000000001111100000000
000000000000000000000000000001111000000000000000000000000001111000000000
000000000000000000000000000001111000000000000000000000000001111000000000
000000000000000000000000000011111000000000000000000000000001111000000000
000000000000000000000001111111111000000000000000000000000001111000000000
000000000000000000001111110001111000000000000000000000000001111000000000
000000000000000000111100000001111000000000000000000000000001111000000000
000000000000000011111000000001111000000000000000000000000001111000000000
000000000000000011110000000001111000000000000000000000000001111000000000
000000000000000111100000000001111000000000000000000000000001111000000000
000000000000000111100000000001111000000000000000000000000001111000000000
000000000000000111100000000001111000000000000000000000000001111000000000
000000000000000111100000000011111000000000000000000000000001111000000000
000000000000000111100000000111111000000000000000000000000001111100000000
000000000000000111110000011101111000000000000000000000000001111110000000
000000000000000111111111110001111000000000000000000000000001111111110001
000000000000000011111111100001111111000000000000000000000001111111111111
000000000000000000111110000001111111000000000000000000000001111011111111
000000000000000000000000000000000000000000000000000000000001111000000000
000000000000000000000000000000000000000000000000000000000001111000000000
000000000000000000000000000000000000000000000000000000000001111000000000
000000000000000000000000000000000000000000000000000000000001111000000000
000000000000000000000000000000000000000000000000000000000001111000000000
000000000000000000000000000000000000000000000000000000000001111000000000
000000000000000000000000000000000000000000000000000000000001111000000000
000000000000000000000000000000000000000000000000000000000001111000000000
000000000000000000000000000000000000000000000000000000000001111000000000
000000000000000000000000000000000000000000000000000000000001111000000000
000000000000000000000000000000000000000000000000000000000001111000000000
000000000000000000000000000000000000000000000000000000000011111100000000
000000000000000000000000000000000000000000000000000000011111111111100000
000000000000000000000000000000000000000000000000000000011110000111100000
000000000000000000000000000000000000000000000000000000000000000000000000
000000000000000000000000000000000000000000000000000000000000000000000000
000000000000000000000000000000000000000000000000000000000000000000000000
000000000000000000000000000000000000000000000000000000000000000000000000
000000000000000000000000000000000000000000000000000000000000000000000000
000000000000000000000000000000000000000000000000000000000000000000000000
000000000000000000000000000000000000000000000000000000000000000000000000
000000000000000000000000000000000000000000000000000000000000000000000000
000000000000000000000000000000000000000000000000000000000000000000000000
000000000000000000000000000000000000000000000000000000000000000000000000
000000000000000000000000000000000000000000000000000000000000000000000000
000000000000000000000000000000000000000000000000000000000000000000000000
000000000000000000000000000000000000000000000000000000000000000000000000
000000000000000000000000000000000000000000000000000000000000000000000000
000000000000000000000000000000000000000000000000000000000000000000000000
000000000000000000000000000000000000000000000000000000000000000000000000
000000000000000000000000000000000000000000000000000000000000000000000000
000000000000000000000000000000000000000000000000000000000000000000000000
000000000000000000000000000000000000000000000000000000000000000000000000
000000000000000000000000000000000000000000000000000000000000000000000000
000000000000000000000000000000000000000000000000000000000000000000000000
000000000000000000000000000000000000000000000000000000000000000000000000
000000000000000000000000000000000000000000000000000000000000000000000000
000000000000000000000000000000000000000000000000000000000000000000000000
000000000000000000000000000000000000000000000000000000000000000000000000
000000000000000000000000000001000000000000001000000000000000000000000110
000000000000000000011100001111111100000001111111100000000000000000111111
000000000000001111111100011111111110000011111111110000000000000011100001
000000000000001111111100111111111111001111111111111000000000001111000000
000000000000000001111111100000011111011100000011111000000000011110000000
000000000000000000111111000000001111111000000001111100000000111100000000
000000000000000000111110000000001111110000000001111100000000111000000000
000000000000000000111100000000000111100000000000111100000001111000000000
000000000000000000111100000000000111100000000000111100000001111000000000
000000000000000000111100000000000111100000000000111100000001111000000000
000000000000000000111100000000000111100000000000111100000011111100000000
000000000000000000111100000000000111100000000000111100000011111111111111
000000000000000000111100000000000111100000000000111100000011111000000000
000000000000000000111100000000000111100000000000111100000011111000000000
000000000000000000111100000000000111100000000000111100000011111000000000
000000000000000000111100000000000111100000000000111100000011111000000000
000000000000000000111100000000000111100000000000111100000001111000000000
000000000000000000111100000000000111100000000000111100000001111100000000
000000000000000000111100000000000111100000000000111100000001111100000000
000000000000000000111100000000000111100000000000111100000000111110000000
000000000000000000111100000000000111100000000000111100000000111111000000
000000000000000000111100000000000111100000000000111100000000011111110000
000000000000001111111111110001111111111110000000111111110000001111111111
000000000000001111111111110001111111111110000000111111110000000011111111
000000000000000000000000000000000000000000000000000000000000000000011111
000000000000000000000000000000000000000000000000000000000000000000000000
000000000000000000000000000000000000000000000000000000000000000000000000
000000000000000000000000000000000000000000000000000000000000000000000000
000000000000000000000000000000000000000000000000000000000000000000000000
000000000000000000000000000000000000000000000000000000000000000000000000
000000000000000000000000000000000000000000000000000000000000000000000000
000000000000000000000000000000000000000000000000000000000000000000000000
000000000000000000000000000000000000000000000000000000000000000000000000
000000000000000000000000000000000000000000000000000000000000000000000000
000000000000000000000000000000000000000000000000000000000000000000000000
000000000000000000000000000000000000000000000000000000000000000000000000
000000000000000000000000000000000000000000000000000000000000000000000000
000000000000000000000000000000000000000000000000000000000000000000000000
000000000000000000000000000000000000000000000000000000000000000000000000
000000000000000000000000000000000000000000000000000000000000000000000000
000000000000000000000000000000000000000000000000000000000000000000000000
000000000000000000000000000000000000000000000000000000000000000000000000
000000000000000000000000000000000000000000000000000000000000000000000000
000000000000000000000000000000000000000000000000000000000000000000000000
000000000000000000000000000000000000000000000000000000000000000000000000
000000000000000000000000000000000000000000000000000000000000000000000000
000000000000000000000000000000000000000000000000000000000000000000000000
000000000000000000000000000000000000000000000000000000000000000000000000
000000000000000000000000000000000000000000000000000000000000000000000000
000000000000000000000000000000000000000000000000000000000000000000000000
000000000000000000000000000000000000000000000000000000000000000000000000
000000000000000000000000000000000000000000000000000000000000000000000000
000000000000000000000000000000000000000000000000000000000000000000000000
000000000000000000000000000000000000000000000000000000000000000000000000
000000000000000000000000000000000000000000000000000000000000000000000000
000000000000000000000000000000000000000000000000000000000000000000000000
000000000000000000000000000000000000000000000000000000000000000000000000
000000000000000000000000000000000000000000000000000000000000000000000000
000000000000000000000000000000000000000000000000000000000000000000000000
000000000000000000000000000000000000000000000000000000000000000000000000
000000000000000000000000000000000000000000000000000000000000000000000000
000000000000000000000000000000000000000000000000000000000000000000000000
000000000000000000000000000000000000000000000000000000000000000000000000
000000000000000000000000000000000000000000000000000000000000000000000000
