000000000000000000000000000000000000000000000000000000000000000000000000
000000000000000000000000000000000000000000000000000000000000000000000000
000000000000000000000000000000000000000000000000000000000000000000000000
000000000000000000000000000000000000000000000000000000000000000000000000
000000000000000000000000000000000000000000000000000000000000000000000000
000000000000000000000000000000000000000000000000000000000000000000000000
000000000000000000000000000000000000000000000000000000000000000000000000
000000000000000000000000000000000000000000000000000000000000000000000000
000000000000000000000000000000000000000000000000000000000000000000000000
000000000000000000000000000000000000000000000000000000000000000000000000
000000000000000000000000000000000000000000000000000000000000000000000000
000000000000000000000000000000000000000000000000000000000000000000000000
000000000000000011000000000000000000000000000000000000000000000000000000
000000000000011111000000000000000000000000000000000000000000000000000000
000000000000011111000000000000000000000000000000000000000000000000000000
000000000000011111000000000000000000000000000000000000000000000000000000
000000000000011110000000000000000000000000000000000000000000000000000000
000000000000011110000000000000000000000000000000000000000000000000000000
000000000000011110000000000000000000000000000000000000000000000000000000
000000000000011110000000000000000000000000000000000000011111000000000000
100000000000011110000000000000000000000000000000000111111111110000000000
110000000000111111111111000000000000000000000000001110000011111111111100
111100000011111111111111000000000000000000000000011100000001111111111100
111100000011111111000000000000000000000000000000111000000000111111111000
111110000000011110000000000000000000000000000001111000000000111110000000
011111000000011110000000000000000000000000000001110000000000011110000000
011111000000011110000000000000000000000000000011110000000000011110000000
011111000000011110000000000000000000000000000011110000000000011110000000
001111100000011110000000000000000000000000000011110000000000011110000000
001111100000011110000000000000000000000000000011111000000000011110000000
001111100000011110000000000000000000000000000001111000000000111100000000
001111100000011110000000000000000000000000000001111100000000111000000000
001111100000011110000000000000000000000000000000111110000001110000000000
001111000000011110000000000000000000000000000000011111111111100000000000
001111000000011110000000000000000000000000000000000111111100000000000000
001111000000011110000000000000000000000000000000000110000000000000000000
001110000000011110000000000000000000000000000000001100000000000000000000
011110000000011110000000000000000000000000000000011100000000000000000000
011100000000011111000000000000000000000000000000111100000000000000000000
111000000000011111000010000000000000000000000001111110000000000000000000
110000000000001111111110000000000000000000000000111111111111111111000000
100000000000001111111100000000000000000000000000111111111111111111110000
000000000000000011111000000000000000000000000000001111111111111111110000
000000000000000000000000000000000000000000000000011110000000011111111000
000000000000000000000000000000000000000000000000111000000000000011111000
000000000000000000000000000000000000000000000011110000000000000001111000
000000000000000000000000000000000000000000000011100000000000000001111000
000000000000000000000000000000000000000000000111100000000000000001111000
000000000000000000000000000000000000000000000111100000000000000001111000
000000000000000000000000000000000000000000000111100000000000000001110000
000000000000000000000000000000000000000000000111100000000000000011110000
000000000000000000000000000000000000000000000011100000000000000011100000
000000000000000000000000000000000000000000000011110000000000000111000000
000000000000000000000000000000000000000000000001111000000000001110000000
000000000000000000000000000000000000000000000000111110000001111100000000
000000000000000000000000000000000000000000000000001111111111110000000000
000000000000000000000000000000000000000000000000000001111100000000000000
000000000000000000000000000000000000000000000000000000000000000000000000
000000000000000000000000000000000000000000000000000000000000000000000000
000000000000000000000000000000000000000000000000000000000000000000000000
000000000000000000000000000000000000000000000000000000000000000000000000
000000000000000000000000000000000000000000000000000000000000000000000000
000000000000000000000000000000000000000000000000000000000000000000000000
000000000000000000000000000000000000000000000000000000000000000000000000
000000000000000000000000000000000000000000000000000000000000000000000000
000000000000000000000000000000000000000000000000000000000000000000000000
000000000000000000000000000000000000000000000000000000000000000000000000
000000000000000000000000000000000000000000000000000000000000000000000000
000000000000000000000000000000000000000000000000000000000000000000000000
000000000000000000000000000000000000000000000000000000000000000000000000
000000000000000000000000000001111000000000000000000000000000000000000000
000000000000000000000000011111111000000000000000000000000000000000000000
000000000000000000000000011111111000000000000000000000000000000000000000
000000000000000000000000000011111000000000000000000000000000000000000000
000000000000000000000000000001111000000000000000000000000000000000000000
000000000000000000000000000001111000000000000000000000000000000000000000
000000000000000000000000000001111000000000000000000000000000000000000000
000000000000000000000000000001111000000000000000000000000000000000000000
000000000000000000000000000001111000000000000000000000000000000000000000
000000000000000000000000000001111000000000000000000000000000000000000000
000000000000000000000000000001111000000000000000000000000000000000000000
000000000000000000000000000001111000000000000000000000000000000000000000
010000000111100000000000000001111000000000000000011110000000000000000000
110000111111111100000000000001111000000000000011111111110000000000000111
110001111111111110000000000001111000000000001111000011111000000000011111
110011111111111111000000000001111000000000011100000000111100000000111000
110110000000011111100000000001111000000000111000000000011110000001110000
111100000000001111110000000001111000000001111000000000011110000001100000
111000000000000111110000000001111000000001110000000000011111000001100000
110000000000000011111000000001111000000011110000000000001111000000000000
110000000000000011111000000001111000000011110000000000001111000000000000
110000000000000011111000000001111000000011110000000000001111000000000000
110000000000000001111000000001111000000111111110000001111111000000000000
110000000000000001111000000001111000000111111111111111111111000000000111
110000000000000001111000000001111000000111110000000000000000000000111110
110000000000000001110000000001111000000111110000000000000000000001111000
110000000000000001110000000001111000000111110000000000000000000011111000
110000000000000011110000000001111000000111110000000000000000000011110000
110000000000000011100000000001111000000011111000000000000000000011110000
110000000000000011100000000001111000000011111000000000000000000111110000
110000000000000111000000000001111000000011111000000000000000000111110000
111000000000001110000000000001111000000001111100000000000000000111110000
111100000000011100000000000001111000000001111110000000000010000011111000
111111100001110000000000000011111000000000111111100000011110000011111111
111111111111100000000000011111111111100000011111111111111100000001111111
110111111110000000000000011111111111100000000111111111110000000000111111
110000000000000000000000000000000000000000000000111100000000000000000000
110000000000000000000000000000000000000000000000000000000000000000000000
110000000000000000000000000000000000000000000000000000000000000000000000
110000000000000000000000000000000000000000000000000000000000000000000000
110000000000000000000000000000000000000000000000000000000000000000000000
110000000000000000000000000000000000000000000000000000000000000000000000
110000000000000000000000000000000000000000000000000000000000000000000000
110000000000000000000000000000000000000000000000000000000000000000000000
110000000000000000000000000000000000000000000000000000000000000000000000
110000000000000000000000000000000000000000000000000000000000000000000000
110000000000000000000000000000000000000000000000000000000000000000000000
111000000000000000000000000000000000000000000000000000000000000000000000
111111000000000000000000000000000000000000000000000000000000000000000000
111111000000000000000000000000000000000000000000000000000000000000000000
000000000000000000000000000000000000000000000000000000000000000000000000
000000000000000000000000000000000000000000000000000000000000000000000000
000000000000000000000000000000000000000000000000000000000000000000000000
000000000000000000000000000000000000000000000000000000000000000000000000
000000000000000000000000000000000000000000000000000000000000000000000000
000000000000000000000000000000000000000000000000000000000000000000000000
000000000000000000000000000000000000000000000000000000000000000000000000
000000000000000000000000000000000000000000000000000000000000000000000000
000000000000000000000000000000000000000000000000000000000000000000000000
000000000000000000000000000000000000000000000000000000000000000000000000
000000000000000000000000000000000000000000000000000000000000000000000000
000000000000000000000000000000000000000000000000000000000000000000000000
000000000000000000000000000000000000000000000000000000000000000000000000
000000000000000000000000000000000000000000000000000000000000000000000000
000000000000000000000000000000000000000000000000000000000000000000000000
000000000000000000000000000000000000000000000000000000000000000000000000
000000000000000000000000000000000000000000000000000000000000000000000000
000000000000000000000000000000000000000000000000000000000000000000000000
000000000000000000000010000000000000000000000000000000000000000000000000
000000000000000000001111000000000000000000000000000000000000000000000000
000000000000000000011110000000000000000000000000000000000000000000000000
000000000000000000011110000000000000000000000000000000000000000000000000
000000000000000000011110000000000000000000000000000000000000000000000000
000000000000000000011110000000000000000000000000000000000000000000000000
000000000000000000011110000000000000000000000000000000000000000000000000
000000000000000000011110000000000000000000000000000000000000000000000000
111111000000000000011110000000000000111111111110000000000000000000000111
111111100000000000011111111111000001110000011111000000000000000001111111
011111110000000011111111111111000011100000000111000000000000000011111111
000111110000000111111111111110000111000000000011000000000000000000001111
000011111000000000011110000000000111000000000011000000000000000000001111
000001111000000000011110000000001111000000000011000000000000000000001111
000001111000000000011110000000001111000000000000000000000000000000001111
000001111000000000011110000000001111100000000000000000000000000000001111
000001111000000000011110000000001111111000000000000000000000000000001111
111111111000000000011110000000000111111111100000000000000000000000001111
111001111000000000011110000000000011111111111100000000000000000000001111
000001111000000000011110000000000001111111111111000000000000000000001111
000001111000000000011110000000000000011111111111100000000000000000001111
000001111000000000011110000000000000000001111111100000000000000000001111
000001111000000000011110000000000000000000001111110000000000000000001111
000001111000000000011110000000000000000000000111110000000000000000001111
000001111000000000011110000000001100000000000011110000000000000000001111
000001111000000000011110000000001100000000000011100000000000000000001111
000011111000000000011110000000001100000000000011100000000000000000001111
001101111000000000011111000000001100000000000111100000000000000000001111
111001111000000000011111111110001110000000000111000000000000000000001111
100001111110000000001111111100001111100000011110000000000000000001111111
000001111111100000000111111000001111111111111000000000000000000011111111
000000000000000000000000100000000001111111000000000000000000000000000000
000000000000000000000000000000000000000000000000000000000000000000000000
000000000000000000000000000000000000000000000000000000000000000000000000
000000000000000000000000000000000000000000000000000000000000000000000000
000000000000000000000000000000000000000000000000000000000000000000000000
000000000000000000000000000000000000000000000000000000000000000000000000
000000000000000000000000000000000000000000000000000000000000000000000000
000000000000000000000000000000000000000000000000000000000000000000000000
000000000000000000000000000000000000000000000000000000000000000000000000
000000000000000000000000000000000000000000000000000000000000000000000000
