000000000000000000000000000000000000000000000000000000000000000000000000
000000000000000000000000000000000000000000000000000000000000000000000000
000000000000000000000000000000000000000000000000000000000000000000000000
000000000000000000000000000000000000000000000000000000000000000000000000
000000000000000000000000000000000000000000000000000000000000000000000000
000000000000000000000000000000000000000000000000000000000000000000000000
000000000000000000000000000000000000000000000000000000000000000000000000
000000000000000000000000000000000000000000000000000000000000000000000000
000000000000000000000000000000000000000000000000000000000000000000000000
000000000000000000000000000000000000000000000000000000000000000000000000
000000000000000000000000000000000000000000000000000000000000000000000000
000000000000000000000000000000000000000000000000000000000000000000000000
000000000000000000000000000000000000000000000000000000000000000000000000
000000000000000000000000000000000000000000000000000000000000000000000000
000000000000000000000000000000000000000000000000000000000000000000000000
000000000000000000000000000000000000000000000000000000000000000000000000
000000000000000000000000000000000000000000000000000000000000000000000000
000000000000000000000000000000000000000000000000000000000000000000000000
000000000000000000000000000000000000000000000000000000000000000000000000
000000000000000000000000000000000000000000000000000000000000000000000000
000000000000000000000000000000000000000000000000000000000000000000000000
000000000000000000000000000000000000000000000000000000000000000000000000
000000000000000000000000000000000000000000000000000000000000000000000000
000000000000000000000000000000000000000000000000000000000000000000000000
000000000000000000000000000000000000000000000000000000000000000000000000
000000000000000000000000000000000000000000000000000000000000000000000000
000000000000000000000000000000000000000000000000000000000000000000000000
000000000000000000000000000000000000000000000000000000000000000000000000
000000000000000000000000000000000000000000000000000000000000000000000000
000000000000000000000000000000000000000000000000000000000000000000000000
000000000000000000000000000000000000000000000000000000000000000000000000
000000000000000000000000000000000000000000000000000000000000000000000000
000000000000000000000000000000000000000000000000000000000000000000000000
000000000000000000000000000000000000000000000000000000000000000000000000
000000000000000000000000000000000000000000000000000000000000000000000000
000000000000000000000000000000000000000000000000000000000000000000000000
000000000000000000000000000000000000000000000000000000000000000000000000
000000000000000000000000000000000000000000000000000000000000000000000000
000000000000000000000000000000000000000000000000000000000000000000000000
000000000000000000000000000000000000000000000000000000000000000000000000
000000000000000000000000000000000000000000000000000000000000000000000000
000000000000000000000000000000000000000000000000000000000000000000000000
000000000000000000000000000000000000000000000000000000000000000000000000
000000000000000000000000000000000000000000000000000000000000000000000000
000000000000000000000000000000000000000000000000000000000000000000000000
000000000000000000000000000000000000000000000000000000000000000000000000
000000000000000000000000000000000000000000000000000000000000000000000000
000000000000000000000000000000000000000000000000000000000000000000000000
000000000000000000000000000000000000000000000000000000000000000000000000
000000000000000000000000000000000000000000000000000000000000000000000000
000000000000000000000000000000000000000000000000000000000000000000000000
000000000000000000000000011110000000000000000000000000000000000000000000
000000000000000000000001111110000000000000000000000000000000000000000000
000000000000000000000011111110000000000000000000000000000000000000000000
000000000000000000000111001110000000000000000000000000000000000000000000
000000000000000000001100000010000000000000000000000000000000000000000000
000000000000000000011100000000000000000000000000000000000000000000000000
000000000000000000011100000000000000000000000000000000000000000000000000
000000000000000000111100000000000000000000000000000000000000000000000000
000000000000000000111100000000000000000000000000000000000000000000000000
000000000000000000111100000000000000000000000000000000000000000000000000
000000000000000001111100000000000000000000000000000000000000000000000000
000000000000000001111100000000000000000000000000000000000000000000000000
000000000000000001111100000000000000000000000000000000000000000000000000
000000000000000001111100000000000000110000011110000000000011111110000000
000000000000000001111100000000000111110001111110000000011111111111100000
000000000000000011111111111100111111110011111110000000111000000111111000
000000000000001111111111111100001111110011111110000001110000000001111100
000000000000000001111100000000000011110110001110000011100000000000111110
000000000000000001111100000000000011111100000110000111100000000000111110
000000000000000001111100000000000011111000000000001111000000000000011111
000000000000000001111100000000000011110000000000001111000000000000011111
000000000000000001111100000000000011110000000000001111000000000000001111
000000000000000001111100000000000011110000000000011111000000000000001111
000000000000000001111100000000000011110000000000011111000000000000001111
000000000000000001111100000000000011110000000000011111000000000000001111
000000000000000001111100000000000011110000000000011111000000000000001111
000000000000000001111100000000000011110000000000011111000000000000001111
000000000000000001111100000000000011110000000000011111000000000000001111
000000000000000001111100000000000011110000000000011111000000000000001111
000000000000000001111100000000000011110000000000001111100000000000001111
000000000000000001111100000000000011110000000000001111100000000000001111
000000000000000001111100000000000011110000000000001111100000000000001110
000000000000000001111100000000000011110000000000000111110000000000011110
000000000000000001111100000000000011110000000000000011111000000000111100
000000000000000001111100000000000111111000000000000001111100000001111000
000000000000011111111111110000111111111111100000000000111111000011100000
000000000000001000000000100000100000000001100000000000001111111110000000
000000000000000000000000000000000000000000000000000000000000000000000000
000000000000000000000000000000000000000000000000000000000000000000000000
000000000000000000000000000000000000000000000000000000000000000000000000
000000000000000000000000000000000000000000000000000000000000000000000000
000000000000000000000000000000000000000000000000000000000000000000000000
000000000000000000000000000000000000000000000000000000000000000000000000
000000000000000000000000000000000000000000000000000000000000000000000000
000000000000000000000000000000000000000000000000000000000000000000000000
000000000000000000000000000000000000000000000000000000000000000000000000
000000000000000000000000000000000000000000000000000000000000000000000000
000000000000000000000000000000000000000000000000000000000000000000000000
000000000000000000000000000000000000000000000000000000000000000000000000
000000000000000000000000000000000000000000000000000000000000000000000000
000000000000000000000000000000000000000000000000000000000000000000000000
000000000000000000000000000000000000000000000000000000000000000000000000
000000000000000000000000000000000000000000000000000000000000000000000000
000000000000000000000000000000000000000000000000000000000000000000000000
000000000000000000000000000000000000000000000000000000000000000000000000
000000000000000000000000000000000000000000000000000000000000000000000000
000000000000000000000000000000000000000000000000000000000000000000000000
000000000000000000000000000000000000000000000000000000000000000000000000
000000000000000000000000000000000000000000000000000000000000000000000000
000000000000000000000000000000000000000000000000000000000000000000000000
000000000000000000000000000000000000000000000000000000000000000000000000
000000000000000000000000000000000000000000000000000000000000000000000000
000000000000000000000000000000000000000000000000000000000000000000000000
000000000000000000000000000000000000000000000000000000000000000000000000
001111000000000000000000000000000000000000000000000000000000000000000000
111111000000000000000000000000000000000000000000000000000000000000000000
111111000000000000000000000000000000000000000000000000000000000000000000
001111000000000000000000000000000000000000000000000000000000000000000000
001111000000000000000000000000000000000000000000000000000000000000000000
001111000000000000000000000000000000000000000000000000000000000000000000
001111000000000000000000000000000000000000000000000000000000000000000000
001111000000000000000000000000000000000000000000000000000000000000000000
001111000000000000000000000000000000000000000000000000000000000000000000
001111000000000000000000000000000000000000000000000000000000000000000000
001111000000000000000000000000000000000000000000000000000000000000000000
001111000000000000000000000000000000000000000000000000000000000000000000
001111000000111100000000000000000000001111000000000000000000000000000000
001111000011111111100000000000000001111111111000000000000000000000000000
001111000111111111110000000000000111000001111100000000000000000000000001
001111001110001111111000000000001110000000011110000000000000000000000111
001111111000000011111000000000011100000000011111000000000000000000000111
001111100000000001111100000000111000000000001111000000000000000000000000
001111100000000001111100000001111000000000001111000000000000000000000000
001111000000000000111100000001111000000000001111100000000000000000000000
001111000000000000111100000011111000000000001111100000000000000000000000
001111000000000000111100000011111000000000001111100000000000000000000000
001111000000000000111100000011111111111111111111100000000000000000000000
001111000000000000111100000011111111111111111111000000000000000000000000
001111000000000000111100000011111000000000000000000000000000000000000000
001111000000000000111100000011111000000000000000000000000000000000000000
001111000000000000111100000011111000000000000000000000000000000000000000
001111000000000000111100000011111000000000000000000000000000000000000000
001111000000000000111100000011111000000000000000000000000000000000000000
001111000000000000111100000001111100000000000000000000000000000000000000
001111000000000000111100000001111100000000000000000000000000000000000000
001111000000000000111100000001111110000000000000000000000000000000000000
001111000000000000111100000000111111000000000011000000000000000000000000
011111100000000000111110000000011111110000001110000000000000000000000000
111111111100000000111111110000001111111111111100000000000000000000000000
111111111100000000111111110000000011111111110000000000000000000000000000
000000000000000000000000000000000000011110000000000000000000000000000000
000000000000000000000000000000000000000000000000000000000000000000000000
000000000000000000000000000000000000000000000000000000000000000000000000
000000000000000000000000000000000000000000000000000000000000000000000000
000000000000000000000000000000000000000000000000000000000000000000000000
000000000000000000000000000000000000000000000000000000000000000000000000
000000000000000000000000000000000000000000000000000000000000000000000000
000000000000000000000000000000000000000000000000000000000000000000000000
000000000000000000000000000000000000000000000000000000000000000000000000
000000000000000000000000000000000000000000000000000000000000000000000000
000000000000000000000000000000000000000000000000000000000000000000000000
000000000000000000000000000000000000000000000000000000000000000000000000
000000000000000000000000000000000000000000000000000000000000000000000000
000000000000000000000000000000000000000000000000000000000000000000000000
000000000000000000000000000000000000000000000000000000000000000000000000
000000000000000000000000000000000000000000000000000000000000000000000000
000000000000000000000000000000000000000000000000000000000000000000000000
000000000000000000000000000000000000000000000000000000000000000000000000
000000000000000000000000000000000000000000000000000000000000000000000000
000000000000000000000000000000000000000000000000000000000000000000000000
000000000000000000000000000000000000000000000000000000000000000000000000
000000000000000000000000000000000000000000000000000000000000000000000000
000000000000000000000000000000000000000000000000000000000000000000000000
000000000000000000000000000000000000000000000000000000000000000000000000
000000000000000000000000000000000000000000000000000000000000000000000000
000000000000000000000000000000000000000000000000000000000000000000000000
000000000000000000000000000000000000000000000000000000000000000000000000
000000000000000000000000000000000000000000000000000000000000000000000000
