000000000000000000000000000000000000000000000000000000000000111100000000
000000000000000000000000000000000000000000000000000000000000111100000000
000000000000000000000000000000000000000000000001100000000000111100000000
000000000000000000000000000000000000000000000111100000000000111100000000
000000000000000000000000000000000000000000001111100000000000111100000000
000000000000000000000000000000000000000000001111100000000000111100000000
000000000000000000000000000000000000000000001111100000000000111100000000
000000000000000000000000000000000000000000001111100000000000111100000000
000000000000000000000000000000000000000000001111100000000000111100000000
000000000000000000000000000000000000000000001111100000000000111100000000
000000000000000000000111111111100000000000001111100000000000111100001111
000000000000000000011110000111111000000000001111111111100000111100011111
000000000000000000111000000001111100000000111111111111100000111100111111
000000000000000001110000000000111110000001111111111111100000111101100000
000000000000000011110000000000011111000000001111100000000000111111000000
000000000000000111100000000000001111100000001111100000000000111110000000
000000000000000111100000000000001111100000001111100000000000111100000000
000000000000000111100000000000001111100000001111100000000000111100000000
000000000000001111100000000000000111110000001111100000000000111100000000
000000000000001111100000000000000111110000001111100000000000111100000000
000000000000001111100000000000000111110000001111100000000000111100000000
000000000000001111100000000000000111110000001111100000000000111100000000
000000000000001111100000000000000111110000001111100000000000111100000000
000000000000001111100000000000000111110000001111100000000000111100000000
000000000000001111100000000000000111100000001111100000000000111100000000
000000000000001111100000000000000111100000001111100000000000111100000000
000000000000000111110000000000000111100000001111100000000000111100000000
000000000000000111110000000000000111000000001111100000000000111100000000
000000000000000111111000000000001111000000001111100000000000111100000000
000000000000000011111000000000001110000000001111100000000000111100000000
000000000000000001111100000000011100000000000111111111100000111110000000
000000000000000000111111000001111000000000000111111111000111111111110000
000000000000000000011111111111100000000000000011111110001111111111110000
000000000000000000000011111100000000000000000000000000000000000000000000
000000000000000000000000000000000000000000000000000000000000000000000000
000000000000000000000000000000000000000000000000000000000000000000000000
000000000000000000000000000000000000000000000000000000000000000000000000
000000000000000000000000000000000000000000000000000000000000000000000000
000000000000000000000000000000000000000000000000000000000000000000000000
000000000000000000000000000000000000000000000000000000000000000000000000
000000000000000000000000000000000000000000000000000000000000000000000000
000000000000000000000000000000000000000000000000000000000000000000000000
000000000000000000000000000000000000000000000000000000000000000000000000
000000000000000000000000000000000000000000000000000000000000000000000000
000000000000000000000000000000000000000000000000000000000000000000000000
000000000000000000000000000000000000000000000000000000000000000000000000
000000000000000000000000000000000000000000000000000000000000000000000000
000000000000000000000000000000000000000000000000000000000000000000000000
000000000000000000000000000000000000000000000000000000000000000000000000
000000000000000000000000000000000000000000000000000000000000000000000000
000000000000000000000000000000000000000000000000000000000000000000000000
000000000000000000000000000000000000000000000000000000000000000000000000
000000000000000000000000000000000000000000000000000000000000000000000000
000000000000000000000000000000000000000000000000000000000000000000000000
000000000000000000000000000000000000000000000000000000000000000000000000
000000000000000000000000000000000000000000000000000000000000000000000000
000000000000000000000000000000000000000000000000000000000000000000000000
000000000000000000000000000000000000000000000000000000000000000000000000
000000000000000000000000000000000000000000000000000000000000000000000000
000000000000000000000000000000000000000000000000000000000000000000000000
000000000000000000000000000000000000000000000000000000000000000000000000
000000000000000000000000000000000000001110000000000000000000000000000000
000000000000000000000000000000000000111110000000000000000000000000000000
000000000000000000000000000000000001111100000000000000000000000000000000
000000000000000000000000000000000001111100000000000000000000000000000000
000000000000000000000000000000000001111000000000000000000000000000000000
000000000000000000000000000000000001111000000000000000000000000000000000
000000000000000000000000000000000001110000000000000000000000000000000000
000000000000000000000000000000000011110000000000000000000000000000000000
000000000000000000000000000000000011100000000000000000000000000000000000
000000000000000000000000000000000111000000000000000000000000000000000000
000000000000000000000000000000000111000000000000000000000000000000000000
000000000000000000000000000000001110000000000000000000000000000000000000
000111111111110000001111111110001000000000000000001111111111000000000000
000111111111110000001111111110000000000000000000111100011111100000000000
000001111110000000000001110000000000000000000001110000000111100000000000
000000111100000000000001100000000000000000000011100000000001100000000000
000000111110000000000011100000000000000000000011100000000001100000000000
000000111110000000000011000000000000000000000111100000000001100000000000
000000011110000000000011000000000000000000000111100000000000000000000000
000000011111000000000110000000000000000000000111110000000000000000000000
000000001111000000000110000000000000000000000111111000000000000000000000
000000001111100000001110000000000000000000000011111111100000000000000000
000000000111100000001100000000000000000000000011111111111110000000000000
000000000111100000001100000000000000000000000000111111111111100000000000
000000000111110000011000000000000000000000000000001111111111110000000000
000000000011110000011000000000000000000000000000000001111111110000000000
000000000011111000110000000000000000000000000000000000000111111000000000
000000000001111000110000000000000000000000000000000000000011111000000000
000000000001111000110000000000000000000000000110000000000001111000000000
000000000001111101100000000000000000000000000110000000000001111000000000
000000000000111111100000000000000000000000000110000000000001110000000000
000000000000111111000000000000000000000000000110000000000001110000000000
000000000000011111000000000000000000000000000111000000000011100000000000
000000000000011110000000000000000000000000000111100000000111000000000000
000000000000011110000000000000000000000000000111111111111100000000000000
000000000000001100000000000000000000000000000001111111110000000000000000
000000000000001100000000000000000000000000000000000000000000000000000000
000000000000001100000000000000000000000000000000000000000000000000000000
000000000000011000000000000000000000000000000000000000000000000000000000
000000000000011000000000000000000000000000000000000000000000000000000000
000000000000110000000000000000000000000000000000000000000000000000000000
000000000000110000000000000000000000000000000000000000000000000000000000
000000000001100000000000000000000000000000000000000000000000000000000000
000000000001100000000000000000000000000000000000000000000000000000000000
000000000011100000000000000000000000000000000000000000000000000000000000
000011000111000000000000000000000000000000000000000000000000000000000000
000011111110000000000000000000000000000000000000000000000000000000000000
000111111100000000000000000000000000000000000000000000000000000000000000
000111111000000000000000000000000000000000000000000000000000000000000000
000000000000000000000000000000000000000000000000000000000000000000000000
000000000000000000000000000000000000000000000000000000000000000000000000
000000000000000000000000000000000000000000000000000000000000000000000000
000000000000000000000000000000000000000000000000000000000000000000000000
000000000000000000000000000000000000000000000000000000000000000000000000
000000000000000000000000000000000000000000000000000000000000000000000000
000000000000000000000000000000000000000000000000000000000000000000000000
000000000000000000000000000000000000000000000000000000000000000000000000
000000000000000000000000000000000000000000000000000000000000000000000000
000000000000000000000000000000000000000000000000000000000000000000000000
000000000000000000000000000000000000000000000000000000000000000000000000
000000000000000000000000000000000000000000000000000000000000000000000000
000000000000000000000000000000000000000000000000000000000000000000000000
000000000000000000000000000000000000000000000000000000000000000000000000
000000000000000000000000000000000000000000000000000000000000000000000000
000000000000000000001111111110000000000000000000111111111110000000000000
000000000000000000000011111111000000000000000000001111111000000000000000
000000000000000000000000111111100000000000000000000011100000000000000000
000000000000000000000000111111100000000000000000000011100000000000000000
000000000000000000000000111111110000000000000000000011100000000000000000
000000000000000000000000111111111000000000000000000011100000000000000000
000000000000000000000000111011111100000000000000000011100000000000000000
000000000000000000000000111001111110000000000000000011100000000000000000
000000000000000000000000111001111110000000000000000011100000000000000000
000000000000000000000000111000111111000000000000000011100000000000000000
000000000000000000000000111000011111100000000000000011100000000000000000
000000000000000000000000111000001111110000000000000011100000000000000011
000000000000000000000000111000000111111000000000000011100000000000001111
000000000000000000000000111000000111111000000000000011100000000000111100
000000000000000000000000111000000011111100000000000011100000000001111000
000000000000000000000000111000000001111110000000000011100000000011110000
000000000000000000000000111000000000111111000000000011100000000011100000
000000000000000000000000111000000000011111100000000011100000000111100000
000000000000000000000000111000000000011111100000000011100000000111100000
000000000000000000000000111000000000001111110000000011100000001111100000
000000000000000000000000111000000000000111111000000011100000001111000000
000000000000000000000000111000000000000011111100000011100000001111000000
000000000000000000000000111000000000000001111110000011100000001111000000
000000000000000000000000111000000000000001111111000011100000001111100000
000000000000000000000000111000000000000000111111000011100000001111100000
000000000000000000000000111000000000000000011111100011100000001111100000
000000000000000000000000111000000000000000001111110011100000001111100000
000000000000000000000000111000000000000000000111111011100000001111100000
000000000000000000000000111000000000000000000111111111100000000111110000
000000000000000000000000111000000000000000000011111111100000000111110000
000000000000000000000000111000000000000000000001111111100000000011111000
000000000000000000000000111000000000000000000000111111100000000011111100
000000000000000000000001111100000000000000000000011111100000000001111110
000000000000000000001111111111100000000000000000011111100000000000011111
000000000000000000000000000000000000000000000000001111100000000000001111
000000000000000000000000000000000000000000000000000000000000000000000000
000000000000000000000000000000000000000000000000000000000000000000000000
000000000000000000000000000000000000000000000000000000000000000000000000
000000000000000000000000000000000000000000000000000000000000000000000000
000000000000000000000000000000000000000000000000000000000000000000000000
000000000000000000000000000000000000000000000000000000000000000000000000
000000000000000000000000000000000000000000000000000000000000000000000000
000000000000000000000000000000000000000000000000000000000000000000000000
000000000000000000000000000000000000000000000000000000000000000000000000
000000000000000000000000000000000000000000000000000000000000000000000000
000000000000000000000000000000000000000000000000000000000000000000000000
000000000000000000000000000000000000000000000000000000000000000000000000
000000000000000000000000000000000000000000000000000000000000000000000000
000000000000000000000000000000000000000000000000000000000000000000000000
000000000000000000000000000000000000000000000000000000000000000000000000
000000000000000000000000000000000000000000000000000000000000000000000000
000000000000000000000000000000000000000000000000000000000000000000000000
000000000000000000000000000000000000000000000000000000000000000000000000
000000000000000000000000000000000000000000000000000000000000000000000000
