111000000000000000000000000001110000000000000000000000000001111111100000
111000000000000000000000000011111000000000000000000000000000000111100000
111000000000000000000000000011111000000000000000000000000000000111100000
111000000000000000000000000011111000000000000000000000000000000111100000
111000000000000000000000000001110000000000000000000000000000000111100000
111000000000000000000000000000000000000000000000000000000000000111100000
111000000000000000000000000000000000000000000000000000000000000111100000
111000000000000000000000000000000000000000000000000000000000000111100000
111000000000000000000000000000000000000000000000000000000000000111100000
111000000000000000000000000000000000000000000000000000000000000111100000
111000000011000000000000000000000000000000000000000000100000000111100000
111000011111111100000000000001111000000000001110000111111000000111100000
111000111111111110000000011111111000000011111110001111110000000111100000
111001111111111111000000011111111000000111111110011111110000000111100000
111011000000011111000000000011111000000000011110111111110000000111100000
111110000000001111100000000001111000000000011111110000110000000111100000
111100000000001111100000000001111000000000011111100000010000000111100000
111000000000000111100000000001111000000000011111000000000000000111100000
111000000000000111100000000001111000000000011111000000000000000111100000
111000000000000111100000000001111000000000011110000000000000000111100000
111000000000000111100000000001111000000000011110000000000000000111100000
111000000000000111100000000001111000000000011110000000000000000111100000
111000000000000111100000000001111000000000011110000000000000000111100000
111000000000000111100000000001111000000000011110000000000000000111100000
111000000000000111100000000001111000000000011110000000000000000111100000
111000000000000111100000000001111000000000011110000000000000000111100000
111000000000000111100000000001111000000000011110000000000000000111100000
111000000000000111100000000001111000000000011110000000000000000111100000
111000000000000111100000000001111000000000011110000000000000000111100000
111000000000000111100000000001111000000000011110000000000000000111100000
111000000000000111100000000001111000000000011110000000000000000111100000
111000000000000111100000000011111000000000011111000000000000000111100000
111111100000000111111110011111111111100111111111111100000001111111111110
111111100000000111111110011111111111100111111111111100000001111111111110
000000000000000000000000000000000000000000000000000000000000000000000000
000000000000000000000000000000000000000000000000000000000000000000000000
000000000000000000000000000000000000000000000000000000000000000000000000
000000000000000000000000000000000000000000000000000000000000000000000000
000000000000000000000000000000000000000000000000000000000000000000000000
000000000000000000000000000000000000000000000000000000000000000000000000
000000000000000000000000000000000000000000000000000000000000000000000000
000000000000000000000000000000000000000000000000000000000000000000000000
000000000000000000000000000000000000000000000000000000000000000000000000
000000000000000000000000000000000000000000000000000000000000000000000000
000000000000000000000000000000000000000000000000000000000000000000000000
000000000000000000000000000000000000000000000000000000000000000000000000
000000000000000000000000000000000000000000000000000000000000000000000000
000000000000000000000000000000000000000000000000000000000000000000000000
000000000000000000000000000000000000000000000000000000000000000000000000
000000000000000000000000000000000000000000000000000000000000000000000000
000000000000000000000000000000000000000000000000000000000000000000000000
000000000000000000000000000000000000000000000000000000000000000000000000
000000000000000000000000000000000000000000000000000000000000000000000000
000000000000000000000000000000000000000000000000000000000000000000000000
000000000000000000000000000000000000000000000000000000000000000000000000
000000000000000000000000000000000000000000000000000000000000000000000000
000000000000000000000000000000000000000000000000000000000000000000000000
000000000000000000000000000000000000000000000000000000000000000000000000
000000000000000000000000000000000000000000000000000000000000000000000000
000000000000000000000000000000000000000000000000000000000000000000000000
000000000000000000000000000000000000000000000000000000000000000000000000
000000000000000000000000000000000000000000000000000000000000000000000000
000000000000000000000000000000000000000000000000000000000000000000000000
000000000000000000000000000000000000000000000000000000000000000000000000
000000000000000000000000000000000000000000000000000000000000000000000000
000000000000000000000000000000000000000000000000000000000000000000000000
000000000000000000000000000000000000000000000000000000000000000000000000
000000000000000000000000000000000000000000000000000000000000000000000000
000000000000000000000000000000000000000000000000000000000000000000000000
000000000000000000000000000000000000000000000000000000000000000000000000
000000000000000000000000000000000000000000000000000000000000000000000000
000000000000000000000000000000000000000000000000000000000000000000000000
000000000000000000000000000000000000000000000000000000000000000000000000
000000000000000000000000000000000000000000000000000000000000000000000000
110000111111111000000000000000001111111100000000000001110000111111110000
110001111111111110000000000000111100011111000000011111110001111111111000
110011111111111111000000000001110000000111100001111111110111111111111100
110111000000111111100000000111100000000011110000000111111110000001111110
111100000000001111100000000111000000000011110000000111111000000000111110
111000000000001111110000001111000000000011111000000111110000000000011110
110000000000000111110000011110000000000001111000000111110000000000011110
110000000000000011111000011110000000000001111000000111110000000000011111
110000000000000011111000011110000000000001111000000111110000000000011111
110000000000000011111000011110000000000001111000000111110000000000011111
110000000000000011111000111111111111111111111000000111110000000000011111
110000000000000011110000111111111111111000000000000111110000000000011111
110000000000000011110000111110000000000000000000000111110000000000011111
110000000000000011110000111110000000000000000000000111110000000000011111
110000000000000011110000011110000000000000000000000111110000000000011111
110000000000000011100000011111000000000000000000000111110000000000011111
110000000000000111100000011111000000000000000000000111110000000000011111
110000000000000111000000011111000000000000000000000111110000000000011111
110000000000001110000000001111100000000000000000000111110000000000011111
111100000000011100000000001111110000000000011000000111110000000000011111
111110000001110000000000000111111100000001110000000111110000000000011111
111111111111100000000000000011111111111111110000011111111000000000011111
111111111110000000000000000000111111111111000001111111111111000000011111
110001111000000000000000000000001111111000000000000000000000000000000000
110000000000000000000000000000000000000000000000000000000000000000000000
110000000000000000000000000000000000000000000000000000000000000000000000
110000000000000000000000000000000000000000000000000000000000000000000000
110000000000000000000000000000000000000000000000000000000000000000000000
110000000000000000000000000000000000000000000000000000000000000000000000
110000000000000000000000000000000000000000000000000000000000000000000000
110000000000000000000000000000000000000000000000000000000000000000000000
110000000000000000000000000000000000000000000000000000000000000000000000
110000000000000000000000000000000000000000000000000000000000000000000000
110000000000000000000000000000000000000000000000000000000000000000000000
110000000000000000000000000000000000000000000000000000000000000000000000
111111000000000000000000000000000000000000000000000000000000000000000000
111111000000000000000000000000000000000000000000000000000000000000000000
000000000000000000000000000000000000000000000000000000000000000000000000
000000000000000000000000000000000000000000000000000000000000000000000000
000000000000000000000000000000000000000000000000000000000000000000000000
000000000000000000000000000000000000000000000000000000000000000000000000
000000000000000000000000000000000000000000000000000000000000000000000000
000000000000000000000000000000000000000000000000000000000000000000000000
000000000000000000000000000000000000000000000000000000000000000000000000
000000000000000000000000000000000000000000000000000000000000000000000000
000000000000000000000000000000000000000000000000000000000000000000000000
000000000000000000000000000000000000000000000000000000000000000000000000
000000000000000000000000000000000000000000000000000000000000000000000000
000000000000000000000000000000000000000000000000000000000000000000000000
000000000000000000000000000000000000000000000000000000000000000000000000
000000000000000000000000000000000000000000000000000000000000000000000000
000000000000000000000000000000000000000000000000000000000000000000000000
000000000000000000000000000000000000000000000000000000000000000000000000
000000000000000000000000000000000000000000000000000000000000000000000000
000000000000000000000000000000000000000000000000000000000000000000000000
000000000000000000000000000000000000000000000000000000000000000000000000
000000000000000000000000000000000000000000000000000000000000000000000000
000000000000000000000000000000000000000000000000000000000000000000000000
000000000000000000000000000000000000000000000000000000000000000000000000
000000000000000000000000000000000000000000000000000000000000000000000000
000000000000000000000000000000000000000000000000000000000000000000000000
000000000000000000000000000000000000000000000000000000000000000000000000
000000000000000000000000000000000000000000000000000000000000000000000000
000000000000000110000000000000011000000000000000000000000000000011111100
100000000001111110000000000111111000000000000000000000000000011111111111
110000000111111110000000011111111000000000000000000000000001111100111111
111000000000111110000000000011111000000000000000000000000011100000000111
111100000000011110000000000001111000000000000000000000000111000000000011
111110000000011110000000000001111000000000000000000000001110000000000011
111110000000011110000000000001111000000000000000000000011110000000000001
011111000000011110000000000001111000000000000000000000011100000000000001
011111000000011110000000000001111000000000000000000000111100000000000000
011111000000011110000000000001111000000000000000000000111100000000000000
001111000000011110000000000001111000000000000000000000111100000000000000
001111000000011110000000000001111000000000000000000000111100000000000000
001111000000011110000000000001111000000000000000000001111100000000000000
001111000000011110000000000001111000000000000000000001111100000000000000
001111000000011110000000000001111000000000000000000000111100000000000000
001111000000011110000000000001111000000000000000000000111110000000000000
011110000000011110000000000011111000000000000000000000111110000000000000
011110000000011110000000000011111000000000000000000000111111000000000000
011100000000011111000000000111111000000000000000000000011111000000000000
111100000000011111000000001101111000000000000000000000011111100000000000
111000000000011111110000111001111000000000000000000000001111111000000000
110000000000001111111111110001111100000000000000000000000111111111001111
000000000000000111111111100001111111100000000000000000000001111111111111
000000000000000001111100000000000000000000000000000000000000011111111000
000000000000000000000000000000000000000000000000000000000000000000000000
000000000000000000000000000000000000000000000000000000000000000000000000
000000000000000000000000000000000000000000000000000000000000000000000000
000000000000000000000000000000000000000000000000000000000000000000000000
000000000000000000000000000000000000000000000000000000000000000000000000
000000000000000000000000000000000000000000000000000000000000000000000000
000000000000000000000000000000000000000000000000000000000000000000000000
000000000000000000000000000000000000000000000000000000000000000000000000
000000000000000000000000000000000000000000000000000000000000000000000000
000000000000000000000000000000000000000000000000000000000000000000000000
000000000000000000000000000000000000000000000000000000000000000000000000
000000000000000000000000000000000000000000000000000000000000000000000000
000000000000000000000000000000000000000000000000000000000000000000000000
000000000000000000000000000000000000000000000000000000000000000000000000
000000000000000000000000000000000000000000000000000000000000000000000000
000000000000000000000000000000000000000000000000000000000000000000000000
000000000000000000000000000000000000000000000000000000000000000000000000
000000000000000000000000000000000000000000000000000000000000000000000000
