001111111111110000000011111111111000000000000000000011100000000000000110
000000000000000000000000011111000000000000000000000000000000000000000000
000000000000000000000000000000000000000000000000000000000000000000000000
000000000000000000000000000000000000000000000000000000000000000000000000
000000000000000000000000000000000000000000000000000000000000000000000000
000000000000000000000000000000000000000000000000000000000000000000000000
000000000000000000000000000000000000000000000000000000000000000000000000
000000000000000000000000000000000000000000000000000000000000000000000000
000000000000000000000000000000000000000000000000000000000000000000000000
000000000000000000000000000000000000000000000000000000000000000000000000
000000000000000000000000000000000000000000000000000000000000000000000000
000000000000000000000000000000000000000000000000000000000000000000000000
000000000000000000000000000000000000000000000000000000000000000000000000
000000000000000000000000000000000000000000000000000000000000000000000000
000000000000000000000000000000000000000000000000000000000000000000000000
000000000000000000000000000000000000000000000000000000000000000000000000
000000000000000000000000000000000000000000000000000000000000000000000000
000000000000000000000000000000000000000000000000000000000000000000000000
000000000000000000000000000000000000000000000000000000000000000000000000
000000000000000000000000000000000000000000000000000000000000000000000000
000000000000000000000000000000000000000000000000000000000000000000000000
000000000000000000000000000000000000000000000000000000000000000000000000
000000000000000000000000000000000000000000000000000000000000000000000000
000000000000000000000000000000000000000000000000000000000000000000000000
000000000000000000000000000000000000000000000000000000000000000000000000
000000000000000000000000000000000000000000000000000000000000000000000000
000000000000000000000000000000000000000000000000000000000000000000000000
000000000000000000000000000000000000000000000000000000000000000000000000
000000000000000000000000000000000000000000000000111110000000000000000000
111000000000000000000000000000000000000000000001111110000000000000000001
111110000000000000000000000000000000000000000011111110000000000000000011
111111000000000000000000000000000000000000000110000110000000000000000000
001110000000000000000000000000000000000000001100000000000000000000000000
000110000000000000000000000000000000000000011100000000000000010000000000
000110000000000000000000000000000000000000011100000000000011110000000000
000110000000000000000000000000000000000000111100000000000011110000000000
000110000000000000000000000000000000000000111100000000000011110000000000
000010000000000000000000000000000000000000111100000000000011110000000000
000000000000000000000000000000000000000001111100000000000011110000000000
000000000000000000000000000000000000000001111100000000000011110000000000
000000000000000000000000000000000000000001111100000000000011110000000000
000000000000000000111111111100000000000001111100000000000011110000000000
000000000000000011110000111111000000000001111111111100000111111111110000
000000000000000111000000001111100000000111111111111100011111111111110000
000000000000001110000000000111110000001111111111111100111111111111110000
111000000000011100000000000011111000000001111100000000000011110000000000
111110000000111100000000000011111000000001111100000000000011110000000000
111111000000111100000000000001111100000001111100000000000011110000000000
111111100001111000000000000001111100000001111100000000000011110000000000
111111100001111000000000000001111100000001111100000000000011110000000000
001111110001111000000000000000111100000001111100000000000011110000000000
000111110001111000000000000000111110000001111100000000000011110000000000
000111110001111000000000000000111110000001111100000000000011110000000000
000011110001111000000000000000111100000001111100000000000011110000000000
000011110001111000000000000000111100000001111100000000000011110000000000
000011100001111100000000000000111100000001111100000000000011110000000000
000011100001111100000000000000111100000001111100000000000011110000000000
000111100001111100000000000001111000000001111100000000000011110000000000
000111000000111110000000000001111000000001111100000000000011110000000000
001110000000111110000000000001110000000001111100000000000011110000000000
011110000000011111000000000011110000000001111100000000000011110000000000
111000000000011111100000000111100000000001111100000000000011111111110000
110000000000000111110000001110000000001111111111100000000011111111100001
000000000000000011111111111100000000011111111111110000000001111111000011
000000000000000000111111100000000000000000000000000000000000000000000000
000000000000000000000000000000000000000000000000000000000000000000000000
000000000000000000000000000000000000000000000000000000000000000000000000
000000000000000000000000000000000000000000000000000000000000000000000000
000000000000000000000000000000000000000000000000000000000000000000000000
000000000000000000000000000000000000000000000000000000000000000000000000
000000000000000000000000000000000000000000000000000000000000000000000000
000000000000000000000000000000000000000000000000000000000000000000000000
000000000000000000000000000000000000000000000000000000000000000000000000
000000000000000000000000000000000000000000000000000000000000000000000000
000000000000000000000000000000000000000000000000000000000000000000000000
000000000000000000000000000000000000000000000000000000000000000000000000
000000000000000000000000000000000000000000000000000000000000000000000000
000000000000000000000000000000000000000000000000000000000000000000000000
000000000000000000000000000000000000000000000000000000000000000000000000
000000000000000000000000000000000000000000000000000000000000000000000000
000000000000000000000000000000000000000000000000000000000000000000000000
000000000000000000000000000000000000000000000000000000000000000000000000
000000000000000000000000000000000000000000000000000000000000000000000000
000000000000000000000000000000000000000000000000000000000000000000000000
000000000000000000000000000000000000000000000000000000000000000000000000
000000000000000000000000000000000000000000000000000000000000000000000000
000000000000000000000000000000000000000000000000000000000000000000000000
000000000000000000000000000000000000000000000000000000000000000000000000
000000000000000000000000000000000000000000000000000000000000000000000000
000000000000000000000000000000000000000000000000000000000000000000000000
000000000000000000000000000000000000000000000000000000000000000000000000
000000000000000000000000000000011000000000000000000000000000000000000000
000000000000000000000000001111111000000000000000000000000000000000000000
000000000000000000000000011111111000000000000000000000000000000000000000
000000000000000000000000000011111000000000000000000000000000000000000000
000000000000000000000000000001111000000000000000000000000000000000000000
000000000000000010000000000001111000000000000000000000000000000000000000
000000000000001110000000000001111000000000000000000000000000000000000000
000000000000111110000000000001111000000000000000000000000000000000000000
000000000000111110000000000001111000000000000000000000000000000000000000
000000000000111110000000000001111000000000000000000000000000000000000000
000000000000111110000000000001111000000000000000000000000000000000000000
000000000000111110000000000001111000000000000000000000000000000000000000
000000000000111110000000000001111000000000000000000000000000000000000000
111100000000111110000000000001111000000111111111110000001111111110000000
111111000000111110001110000001111000000111111111110000001111111110000000
111111000011111111111110000001111000000001111110000000000001111000000000
001111000111111111111110000001111000000000111110000000000001110000000000
000110000000111110000000000001111000000000111110000000000001100000000000
000010000000111110000000000001111000000000011110000000000011100000000000
000010000000111110000000000001111000000000011111000000000011000000000000
000010000000111110000000000001111000000000001111000000000011000000000000
000000000000111110000000000001111000000000001111100000000110000000000000
000000000000111110000000000001111000000000001111100000000110000000000000
000000000000111110000000000001111000000000000111100000001100000000000000
000000000000111110000000000001111000000000000111110000001100000000000000
000000000000111110000000000001111000000000000011110000001100000000000000
000000000000111110000000000001111000000000000011111000011000000000000000
000000000000111110000000000001111000000000000001111000011000000000000000
000000000000111110000000000001111000000000000001111000110000000000000000
000000000000111110000000000001111000000000000001111100110000000000000000
000000000000111110000000000001111000000000000000111101100000000000000000
000000000000111110000000000001111000000000000000111111100000000000000000
000000000000111110000000000001111000000000000000011111100000000000000000
000011000000011111101110000001111000000000000000011111000000000000000000
111110000000011111111100000011111100000000000000011111000000000000000000
111110000000001111111000011111111111100000000000001110000000000000000000
110000000000000011100000000000000000000000000000001110000000000000000000
000000000000000000000000000000000000000000000000001100000000000000000000
000000000000000000000000000000000000000000000000001100000000000000000000
000000000000000000000000000000000000000000000000001100000000000000000000
000000000000000000000000000000000000000000000000011000000000000000000000
000000000000000000000000000000000000000000000000011000000000000000000000
000000000000000000000000000000000000000000000000110000000000000000000000
000000000000000000000000000000000000000000000000110000000000000000000000
000000000000000000000000000000000000000000000001100000000000000000000000
000000000000000000000000000000000000000000000011100000000000000000000000
000000000000000000000000000000000000000011100111000000000000000000000000
000000000000000000000000000000000000000011111111000000000000000000000000
000000000000000000000000000000000000000011111110000000000000000000000000
000000000000000000000000000000000000000011111000000000000000000000000000
000000000000000000000000000000000000000000000000000000000000000000000000
000000000000000000000000000000000000000000000000000000000000000000000000
000000000000000000000000000000000000000000000000000000000000000000000000
000000000000000000000000000000000000000000000000000000000000000000000000
000000000000000000000000000000000000000000000000000000000000000000000000
000000000000000000000000000000000000000000000000000000000000000000000000
000000000000000000000000000000000000000000000000000000000000000000000000
000000000000000000000000000000000000000000000000000000000000000000000000
000000000000000000000000000000000000000000000000000000000000000000000000
000000000000000000000000000000000000000000000000000000000000000000000000
000000000000000000000000000000000000000000000000000000000000000000000000
000000000000000000000000000000000000000000000000000000000000000000000000
000000000000000000000000000000000000000000000000000000000000000000000000
000000000000000000000000000000000000000000000000000000000000000000000000
000000000000000000000000000000000000000000000000000000000000000000000000
000000000000000000000000000000000000000000000000000000000000000000000000
000000000000000000000000000000000000000000000000000000000000000000000000
000000000000000000000000000000000000000000000000000000000000000000000000
000000000000000000000000000000000000000000000000000000000000000000000000
000000000000000000000000000000000000000000000000000000000000000000000000
000000000000000000000000000000000000000000000000000000000000000000000000
000000000000000000000000000000000000000000000000000000000000000000000000
000000000000000000000000000000000000000000000000000000000000000000000000
000000000000000000000000000000000000000000000000000000000000000000000000
000000000000000000000000000000000000000000000000000000000000000000000000
000000000000000000000000000000000000000000000000000000000000000000000000
000000000000000000000000000000000000000000000000000000000000000000000000
000000000000000000000000000000000000000000000000000000000000000000000000
000000001111111000000000000000000000000000000000011111100000000000000000
000001111111111111000000000000000000000000000011111111111000000000000000
000011100000001111000000000000000000000000000111111111111100000000000000
000111000000000111000000000000000000000000011110000001111110000000000000
000111000000000011000000000000000000000000011100000000111110000000000000
001110000000000010000000000000000000000000011000000000011111000000000000
001111000000000010000000000000000000000000001000000000001111000000000000
001111000000000000000000000000000000000000000000000000001111000000000000
001111100000000000000000000000000000000000000000000000001111000000000000
001111111100000000000000000000000000000000000000000000111111000000000000
