000000000000000000000000000000000000000000000000000000000000000000000000
000000000000000000000000000000000000000000000000000000000000000000000000
000000000000000000000000000000000000000000000000000000000000000000000000
000000000000000000000000000000000000000000000000000000000000000000000000
000000000000000000000000000000000000000000000000000000000000000000000000
000000000000000000000000000000000000000000000000000000000000000000000000
000000000000000000000000000000000000000000000000000000000000000000000000
000000000000000000000000000000000000000000000000000000000000000000000000
000000000000000000000000000000000000000000000000000000000000000000000000
000000000000000000000000000000000000000000000000000000000000000000000000
000000000000000000000000000000000000000000000000000000000000000000000000
000000000000000000000000000000000000000000000000000000000000000000000000
000000000000000000000000000000000000000000000000000000000000000000000000
000000000000000000000000000000000000000000000000000000000000000000000000
000000000000000000000000000000000000000000000000000000000000000000000000
000000000000000000000000000000000000000000000000000000000000000000000000
000000000000000000000000000000000000000000000000000000000000000000000000
000000000000000000000000000000000000000000000000000000000000000000000000
000000000000000000000000000000000000000000000010000000000000000000000000
000000000000000000000000000000000000000000111110000000000000000000000000
000000000000000000000000000000000000000111111110000000000000000000000000
000000000000000000000000000000000000000000011110000000000000000000000000
000000000000000000000000000000000000000000011110000000000000000000000000
000000000000000000000000000000010000000000011110000000000000000000000000
000000000000000000000000000001110000000000011110000000000000000000000000
000000000000000000000000000011110000000000011110000000000000000000000000
000000000000000000000000000011110000000000011110000000000000000000000000
000000000000000000000000000011110000000000011110000000000000000000000000
000000000000000000000000000011110000000000011110000000000000000000000000
000000000000000000000000000011110000000000011110000000000000000000000000
000000000000000000000000000011110000000000011110000000000000000000000000
000000000000000000000000000011110000000000011110000011111110000000000000
110000000000000000000000000111110000000000011110000111111111100000000000
110000000000000000000000001111111111110000011110001111111111110000000000
110000000000000000000000111111111111110000011110011000001111110000000000
110000000000000000000000000111110000000000011111100000000011111000000000
110000000000000000000000000011110000000000011111000000000011111000000001
010000000000000000000000000011110000000000011111000000000001111000000011
000000000000000000000000000011110000000000011110000000000001111000000011
000000000000000000000000000011110000000000011110000000000001111100000011
000000000000000000000000000011110000000000011110000000000001111100000111
000000000000000000000000000011110000000000011110000000000001111100000111
110000000000000000000000000011110000000000011110000000000001111100000111
111000000000000000000000000011110000000000011110000000000001111100000111
111000000000000000000000000011110000000000011110000000000001111100000111
111100000000000000000000000011110000000000011110000000000001111100000111
111100000000000000000000000011110000000000011110000000000001111100000011
111100000000000000000000000011110000000000011110000000000001111100000011
111100000000000000000000000011110000000000011110000000000001111100000011
111000000000000000000000000011110000000000011110000000000001111100000011
111000000000000000000000000011110000000000011110000000000001111100000001
110000000000000000000000000011111000110000011111000000000001111100000000
100000000000000000000000000011111111100000111111000000000001111100000000
000000000000000000000000000001111111000111111111111100000001111111100000
000000000000000000000000000000011110000000000000000000000000000000000000
000000000000000000000000000000000000000000000000000000000000000000000000
000000000000000000000000000000000000000000000000000000000000000000000000
000000000000000000000000000000000000000000000000000000000000000000000000
000000000000000000000000000000000000000000000000000000000000000000000000
000000000000000000000000000000000000000000000000000000000000000000000000
000000000000000000000000000000000000000000000000000000000000000000000000
000000000000000000000000000000000000000000000000000000000000000000000000
000000000000000000000000000000000000000000000000000000000000000000000000
000000000000000000000000000000000000000000000000000000000000000000000000
000000000000000000000000000000000000000000000000000000000000000000000000
000000000000000000000000000000000000000000000000000000000000000000000000
000000000000000000000000000000000000000000000000000000000000000000000000
000000000000000000000000000000000000000000000000000000000000000000000000
000000000000000000000000000000000000000000000000000000000000000000000000
000000000000000000000000000000000000000000000000000000000000000000000000
000000000000000000000000000000000000000000000000000000000000000000000000
000000000000000000000000000000000000000000000000000000000000000000000000
000000000000000000000000000000000000000000000000000000000000000000000000
000000000000000000000000000000000000000000000000000000000000000000000000
000000000000000000000000000000000000000000000000000000000000000000000000
000000000000000000000000000000000000000000000000000000000000000000000000
000000000000000000000000000000000000000000000000000000000000000000000000
000000000000000000000000000000000000000000000000000000000000000000000000
000000000000000000000000000000000000000000000000000000000000000000000000
000000000000000000000000000000000000000000000000000000000000000000000000
000000000000000000000000000000000000000000000000000000000000000000000000
000000000000000000000000000000000000000000000000000000000000000000000000
000000000000000000000000000000000000000000000000000000000000000000000000
000000000000000000000000000000000000000000000000000000000000000000000000
000000000000000000000000000000000000000000000000000000000000000000000000
000000000000000000000000000000000000000000000000000000000000000000000000
000000000000000000000000000000000000000000000000000000000000000000000000
000000000000000000000000000000000000000000000000000000000000000000000000
000000000000000000000000000000000000000000000000000000000000000000000000
000000000000000000000000000000000000000000000000000000000000000000000000
000000000000000000000000000000000000000000000000000000000000000000000000
000000000000000000000000000000000000000000000000000000000000000000000000
000000000000000000000000000000000000000000000000000000000000000000000000
000000000000000000000000000000000000000000000000000000000000000000000000
000111110000000000000001111111000000000000000000100000000000000010000000
111111111110000000000111111111111000000000001111100000000000111110000000
111111111110000000011110000001111100000001111111100000000111111110000011
000000011110000000111000000000111110000001111111100000000111111110000001
000000001110000001111000000000011111000000000111100000000000011110000000
000000000110000011110000000000001111100000000111100000000000011110000000
000000000110000011110000000000001111100000000111100000000000011110000000
000000000110000111100000000000000111110000000111100000000000011110000000
000000000000000111100000000000000111110000000111100000000000011110000000
000000000000000111100000000000000111110000000111100000000000011110000000
000000000000000111100000000000000011110000000111100000000000011110000000
000000000000001111100000000000000011110000000111100000000000011110000000
000000000000001111100000000000000011110000000111100000000000011110000000
000000000000001111100000000000000011110000000111100000000000011110000000
000000000000000111100000000000000011110000000111100000000000011110000000
000000000000000111110000000000000011110000000111100000000000011110000000
000000000000000111110000000000000111110000000111100000000000011110000000
000000000000000111110000000000000111100000000111100000000000111110000000
000000000000000011111000000000000111100000000111110000000001111110000000
000000000000000011111000000000001111000000000111110000000011111110000000
100000000000000001111100000000001110000000000111111100000110011110000000
111000001110000000111110000000011100000000000011111111111100011111000000
111111111100000000011111100001111000000000000001111111111000011111111011
111111111000000000000111111111000000000000000000011111100000011000111001
000000000000000000000000000000000000000000000000000000000000000000000000
000000000000000000000000000000000000000000000000000000000000000000000000
000000000000000000000000000000000000000000000000000000000000000000000000
000000000000000000000000000000000000000000000000000000000000000000000000
000000000000000000000000000000000000000000000000000000000000000000000000
000000000000000000000000000000000000000000000000000000000000000000000000
000000000000000000000000000000000000000000000000000000000000000000000000
000000000000000000000000000000000000000000000000000000000000000000000000
000000000000000000000000000000000000000000000000000000000000000000000000
000000000000000000000000000000000000000000000000000000000000000000000000
000000000000000000000000000000000000000000000000000000000000000000000000
000000000000000000000000000000000000000000000000000000000000000000000000
000000000000000000000000000000000000000000000000000000000000000000000000
000000000000000000000000000000000000000000000000000000000000000000000000
000000000000000000000000000000000000000000000000000000000000000000000000
000000000000000000000000000000000000000000000000000000000000000000000000
000000000000000000000000000000000000000000000000000000000000000000000000
000000000000000000000000000000000000000000000000000000000000000000000000
000000000000000000000000000000000000000000000000000000000000000000000000
000000000000000000000000000000000000000000000000000000000000000000000000
000000000000000000000000000000000000000000000000000000000000000000000000
000000000000000000000000000000000000000000000000000000000000000000000000
000000000000000000000000000000000000000000000000000000000000000000000000
000000000000000000000000000000000000000000000000000000000000000000000000
000000000000000000000000000000000000000000000000000000000000000000000000
000000000000000000000000000000000000000000000000000000000000000000000000
000000000000000000000000000000000000000000000000000000000000000000000000
000000000000000000000000000000000000000000000000000000000000000000000000
000000000000000000000000000000000000000000000000000000000000000000000000
000000000000000000000000000000000000000000000000000000000000000000000000
000000000000000000000000000000000000000000000000000000000000000000000000
000000000000000000000000000000000000000000000000000000000000000000000000
000000000000000000000000000000000000000000000000000000000000000000000000
000000000000000000000000000000000000000000000000000000000000000000000000
000000000000000000000000000000000000000000000000000000000000000000000000
000000000000000000000000000000000000000000000000000000000000000000000000
000000000000000000000000000000000000000000000000000000000000000000000000
000000000000000000000000000000000000000000000000000000000000000000000000
000000000000000000000000000000000000000000000000000000000000000000000000
100000000000000000000001111000000000000000000111100000000000000000000000
111100000000000000001111111111000000000001111111111110000000000000000000
111111000000000000011100000111100000000011100000011111000000000000000000
001111100000000001111000000011110000000111000000000110000000000000000000
000111110000000011110000000001111000000111000000000110000000000000000000
000011111000000111100000000001111000001110000000000010000000000000000000
000011111000000111100000000001111100001110000000000010000000000000000000
000001111100001111000000000000111100001111000000000000000000000000000000
000001111100001111000000000000111100001111100000000000000000000000000000
000001111100001111000000000000111100001111111000000000000000000000000000
000000111100001111111100000111111100000111111111100000000000000000000000
000000111110011111111111111111111100000111111111111100000000000000000000
000000111110011111000000000000000000000001111111111111000000000000000000
000000111100011111000000000000000000000000011111111111100000000000000000
000000111100011111000000000000000000000000000001111111100000000000000000
000000111100001111000000000000000000000000000000001111100000000000000000
000000111100001111100000000000000000000000000000000111100000000000000000
000001111000001111100000000000000000001100000000000011100000000000000000
000001111000001111110000000000000000001100000000000011100000000000000000
000001110000000111110000000000000000001100000000000011100000000000000000
000011100000000011111100000000001100001100000000000111000000000000000000
000111000000000011111111000000111000001110000000001110000000000000000000
