000000000000000000000000000000000000000000000000000000000000000000000000
000000000000000000000000000000000000000000000000000000000000000000000000
000000000000000000000000000000000000000000000000000000000000000000000000
000000000000000000000000000000000000000000000000000000000000000000000000
000000000000000000000000000000000000000000000000000000000000000000000000
000000000000000000000000000000000000000000000000000000000000000000000000
000000000000000000000000000000000000000000000000000000000000000000000000
000000001000000000000000000000000000000000000000000000000000000000000000
000011111000000000000000000000000000000000000000000000000000000000000000
011111111000000000000000000000000000000000000000000000000000000000000000
011111111000000000000000000000000000000000000000000000000000000000000000
000001111000000000000000000000000000000000000000000000000000000000000000
000001111000000000000000000000000000000000000000000000000000000000000000
000001111000000000000000000000000000000000000000000000000000000000000000
000001111000000000000000000000000000000000000000000000000000000000000000
000001111000000000000000000000000000000000000000000000000000000000000000
000001111000000000000000000000000000000000000000000000000000000000000000
000001111000000000000000000000000000000000000000000000000000000000000000
000001111000000000000000000000000000000000000000000000000000000000000000
000001111000000000000000000000000000000000000000000000000000000000000000
110001111000000000000000111111000000000000000000000000000000000000000000
111111111000000000000111111111110000000011111111111100000111111111100000
111111111000000000001111111111111000000000111111100000000000111100000000
001111111000000000111100000011111100000000011111000000000000011100000000
000011111000000000111000000001111100000000001111100000000000111000000000
000001111000000000110000000000111100000000001111100000000000110000000000
000001111000000000010000000000111110000000000111100000000000110000000000
000001111000000000000000000000011110000000000111110000000001100000000000
000001111000000000000000000000011110000000000111110000000001100000000000
000001111000000000000000000001111110000000000011110000000011100000000000
000001111000000000000000111111111110000000000011111000000011000000000000
000001111000000000000111111000011110000000000001111000000011000000000000
000001111000000000011111000000011110000000000001111100000110000000000000
000001111000000000111100000000011110000000000000111100000110000000000000
000001111000000001111100000000011110000000000000111100001100000000000000
000001111000000001111000000000011110000000000000111110001100000000000000
000001111000000011111000000000011110000000000000011110001100000000000000
000011111000000011111000000000011110000000000000011111011000000000000000
000111111000000011111000000000111110000000000000001111011000000000111100
001101111000000001111000000001111110000000000000001111110000000000111110
011001111000000001111100000110011110000000000000001111110000000001111110
110001111100000001111111111100011110000000000000000111100000000001111110
100001111111100000111111110000011111110000000000000111100000000000111100
000001100001100000001111100000010000110000000000000011100000000000011000
000000000000000000000000000000000000000000000000000011000000000000000000
000000000000000000000000000000000000000000000000000011000000000000000000
000000000000000000000000000000000000000000000000000110000000000000000000
000000000000000000000000000000000000000000000000000110000000000000000000
000000000000000000000000000000000000000000000000000100000000000000000000
000000000000000000000000000000000000000000000000001100000000000000000000
000000000000000000000000000000000000000000000000001000000000000000000000
000000000000000000000000000000000000000000000000011000000000000000000000
000000000000000000000000000000000000000000000000111000000000000000000000
000000000000000000000000000000000000000000110001110000000000000000000000
000000000000000000000000000000000000000000111111100000000000000000000000
000000000000000000000000000000000000000001111111100000000000000000000000
000000000000000000000000000000000000000001111110000000000000000000000000
000000000000000000000000000000000000000000010000000000000000000000000000
000000000000000000000000000000000000000000000000000000000000000000000000
000000000000000000000000000000000000000000000000000000000000000000000000
000000000000000000000000000000000000000000000000000000000000000000000000
000000000000000000000000000000000000000000000000000000000000000000000000
000000000000000000000000000000000000000000000000000000000000000000000000
000000000000000000000000000000000000000000000000000000000000000000000000
000000000000000000000000000000000000000000000000000000000000000000000000
000000000000000000000000000000000000000000000000000000000000000000000000
000000000000000000000000000000000000000000000000000000000000000000000000
000000000000000000000000000000000000000000000000000000000000000000000000
000000000000000000000000000000000000000000000000000000000000000000000000
000000000000000000000000000000000000000000000000000000000000000000000000
000000000000000000000000000000000000000000000000000000000000000000000000
000000000000000000000000000000000000000000000000000000000000000000000000
000000000000000000000000000000000000000000000000000001111111111111100000
000000000000000000000000000000000000000000000000000001111111111111100000
000000000000000000000000000000000000000000000000000000000111111000000000
000000000000000000000000000000000000000000000000000000000111110000000000
000000000000000000000000000000000000000000000000000000000111110000000000
000000000000000000000000000000000000000000000000000000000111110000000000
000000000000000000000000000000000000000000000000000000000111110000000000
000000000000000000000000000000000000000000000000000000000111110000000000
000000000000000000000000000000000000000000000000000000000111110000000000
000000000000000000000000000000000000000000000000000000000111110000000000
000000000000000000000000000000000000000000000000000000000111110000000000
100000000000000000000000000000000000000000000000000000000111110000000000
111100000000000000000000000000000000000000000000000000000111110000000000
111110000000000000000000000000000000000000000000000000000111110000000000
001100000000000000000000000000000000000000000000000000000111110000000011
001100000000000000000000000000000000000000000000000000000111110000000011
000100000000000000000000000000000000000000000000000000000111110000000000
000100000000000000000000000000000000000000000000000000000111110000000000
000000000000000000000000000000000000000000000000000000000111110000000000
000000000000000000000000000000000000000000000000000000000111110000000000
000000000000000000000000000000000000000000000000000000000111110000000000
100000000000000000000000000000000000000000000000000000000111110000000000
111000000000000000000000000000000000000000000000000000000111110000000000
111110000000000000000000000000000000000000000000000000000111110000000000
111111000000000000000000000000000000000000000000000000000111110000000000
111111000000000000000000000000000000000000000000000000000111110000000000
011111000000000000000000000000000000000000000000000000000111110000000000
001111000000000000000000000000000000000000000000000000000111110000000000
000111000000000000000000000000000000000000000000000000000111110000000000
000111000000011100000000000000000000000000000000000000000111110000000000
000111000000111110000000000000000000000000000000000000000111110000000000
001110000001111110000000000000000000000000000000000000000111110000000000
011100000001111110000000000000000000000000000000000000000111111000000000
111000000000111110000000000000000000000000000000000001111111111111100011
100000000000011100000000000000000000000000000000000001111111111111100011
000000000000000000000000000000000000000000000000000000000000000000000000
000000000000000000000000000000000000000000000000000000000000000000000000
000000000000000000000000000000000000000000000000000000000000000000000000
000000000000000000000000000000000000000000000000000000000000000000000000
000000000000000000000000000000000000000000000000000000000000000000000000
000000000000000000000000000000000000000000000000000000000000000000000000
000000000000000000000000000000000000000000000000000000000000000000000000
000000000000000000000000000000000000000000000000000000000000000000000000
000000000000000000000000000000000000000000000000000000000000000000000000
000000000000000000000000000000000000000000000000000000000000000000000000
000000000000000000000000000000000000000000000000000000000000000000000000
000000000000000000000000000000000000000000000000000000000000000000000000
000000000000000000000000000000000000000000000000000000000000000000000000
000000000000000000000000000000000000000000000000000000000000000000000000
000000000000000000000000000000000000000000000000000000000000000000000000
000000000000000000000000000000000000000000000000000000000000000000000000
000000000000000000000000000000000000000000000000000000000000000000000000
000000000000000000000000000000000000000000000000000000000000000000000000
000000000000000000000000000000000000000000000000000000000000000000000000
000000000000000000000000000000000000000000000000000000000000000000000000
000000000000000000000000000000000000000000000000000000000000000000000000
000000000000000000000000000000000000000000000000000000000000000000000000
000000000000000000000000000000000000000000000000000000000000000000000000
000000000000000000000000000000000000000000000000000000000000000000000000
000000000000000000000000000000000000000000000000000000000000000000000000
000000000000000000000000000000000000000000000000000000000000000000000000
000000000000000000000000000000000000000000000000000000000000000000000000
000000000000000000000000000000000000000000000000000000000000000000000000
000000000000000000000000000000000000000000000000000000000000000000000000
000000000000000000000000000000000000000011110000000000000000000000000000
000000000000000000000000000000000000000011111000000000000000000000000000
000000000000000000000000000000000000000011111000000000000000000000000000
000000000000000000000000000000000000000011111000000000000000000000000000
000000000000000000000000000000000000000001110000000000000000000000000000
000000000000000000000000000000000000000000000000000000000000000000000000
000000000000000000000000000000000000000000000000000000000000000000000000
000000000000000000000000000000000000000000000000000000000000000000000000
000000000000000000000000000000000000000000000000000000000000000000000000
000000000000000000000000000000000000000000000000000000000000000000000000
000000000000000000000000000000000000000000000000000000000000000000000000
111111110000011111111110000000000000000001111000000000001111111111100000
111111000000000111111000000000000000011111111000000000111100001111100000
111100000000000001110000000000000000111111111000000001110000000011100000
111100000000000001100000000000000000000011111000000011100000000001100000
111110000000000011100000000000000000000011111000000011100000000000100000
111110000000000011000000000000000000000011111000000011100000000000100000
011110000000000111000000000000000000000011111000000011100000000000000000
011111000000000110000000000000000000000011111000000011110000000000000000
001111000000000110000000000000000000000011111000000011111100000000000000
001111100000001100000000000000000000000011111000000011111111110000000000
001111100000001100000000000000000000000011111000000001111111111111000000
000111100000011000000000000000000000000011111000000000111111111111100000
000111110000011000000000000000000000000011111000000000000111111111110000
000011110000011000000000000000000000000011111000000000000000111111111000
000011110000110000000000000000000000000011111000000000000000000011111000
000001111000110000000000000000000000000011111000000000000000000001111000
000001111001100000000000000000000000000011111000000010000000000001111000
000001111101100000000000000000000000000011111000000010000000000001111000
000000111111000000000000000000000000000011111000000010000000000001111000
000000111111000000000000000000000000000011111000000011000000000001110000
000000011111000000000000000000000000000011111000000011100000000011100000
000000011110000000000000000000000000011111111111000111110000001111000000
000000011110000000000000000000000000111111111111100111111111111100000000
000000001100000000000000000000000000000000000000000000011111100000000000
000000001100000000000000000000000000000000000000000000000000000000000000
000000011000000000000000000000000000000000000000000000000000000000000000
000000011000000000000000000000000000000000000000000000000000000000000000
000000011000000000000000000000000000000000000000000000000000000000000000
000000110000000000000000000000000000000000000000000000000000000000000000
000000110000000000000000000000000000000000000000000000000000000000000000
000001100000000000000000000000000000000000000000000000000000000000000000
000001100000000000000000000000000000000000000000000000000000000000000000
