000111111110011111111111100000000011100000000001111111111100000000000000
000000000000000000000000000000000000000000000000001111000000000000000000
000000000000000000000000000000000000000000000000000000000000000000000000
000000000000000000000000000000000000000000000000000000000000000000000000
000000000000000000000000000000000000000000000000000000000000000000000000
000000000000000000000000000000000000000000000000000000000000000000000000
000000000000000000000000000000000000000000000000000000000000000000000000
000000000000000000000000000000000000000000000000000000000000000000000000
000000000000000000000000000000000000000000000000000000000000000000000000
000000000000000000000000000000000000000000000000000000000000000000000000
000000000000000000000000000000000000000000000000000000000000000000000000
000000000000000000000000000000000000000000000000000000000000000000000000
000000000000000000000000000000000000000000000000000000000000000000000000
000000000000000000000000000000000000000000000000000000000000000000000000
000000000000000000000000000000000000000000000000000000000000000000000000
000000000000000000000000000000000000000000000000000000000000000000000000
000000000000000000000000000000000000000000000000000000000000000000000000
000000000000000000000000000000000000000000000000000000000000000000000000
000000000000000000000000000000000000000000000000000000000000000000000000
000000000000000000000000000000000000000000000000000000000000000000000000
000000000000000000000000000000000000000000000000000000000000000000000000
000000000000000000000000000000000000000000000000000000000000000000000000
000000000000000000000000000000000000000000000000000000000000000000000000
000000000000000000000000000000000000000000000000000000000000000000000000
000000000000000000000000000000000000000000000000000000000000000000000000
000000000000000000000000000000000000000000000000000000000000000000000000
000000000000000000000000000000000000000000000000000000000000000000000000
000000000000000000000000000000000000000000000000000000000000000000000000
000000000000000111000000000000000000000000000000000000000000000000000000
000000000011111111000000000000000000000000000000000000000000000000000000
000000000011111111000000000000000000000000000000000000000000000000000000
000000000000001111000000000000000000000000000000000000000000000000000000
000000000000001111000000000000000000000000000000000000000000000000000000
000000000000001111000000000000000000000000000000000000000000000000000000
000000000000001111000000000000000000000000000000000000000000000000000000
000000000000001111000000000000000000000000000000000000000000000000000000
000000000000001111000000000000000000000000000000000000000000000000000000
000000000000001111000000000000000000000000000000000000000000000000000000
000000000000001111000000000000000000000000000000000000000000000000000000
000000000000001111000000000000000000000000000000000000000000000000000000
000000000000001111000000000000000000000000000000000000000000000000000000
111111100000001111000011111111000000000000000001111111110000000000000001
111111110000001111000111111111110000000000000111100001111000000000000111
001111110000001111001111111111111000000000001110000000111100000000001110
000001110000001111011000000111111000000000011100000000011110000000011100
000001100000001111110000000011111100000000111000000000001111000000111000
000000100000001111100000000001111100000001111000000000001111000001111000
000000100000001111000000000000111100000001111000000000001111100001111000
000000000000001111000000000000111100000011111000000000001111100011110000
000000000000001111000000000000111100000011111000000000001111100011110000
000000000000001111000000000000111100000011111000000000001111100011111000
000000000000001111000000000000111100000011111111111111111111100011111111
000000000000001111000000000000111100000011111000000000000000000011111000
000000000000001111000000000000111100000011110000000000000000000011110000
000000000000001111000000000000111100000011111000000000000000000011110000
000000000000001111000000000000111100000011111000000000000000000011111000
000000000000001111000000000000111100000011111000000000000000000011111000
000000000000001111000000000000111100000011111000000000000000000011111000
000000000000001111000000000000111100000001111100000000000000000001111100
000000000000001111000000000000111100000001111110000000000000000001111110
000000000000001111000000000000111100000000111111000000000001000000111111
000000110000001111000000000000111100000000011111100000000111000000111111
111111100011111111111000000000111111100000001111111111111110000000001111
111111100011111111111100000000111111110000000111111111111000000000000111
111000000000000000000000000000000000000000000000111111000000000000000000
000000000000000000000000000000000000000000000000000000000000000000000000
000000000000000000000000000000000000000000000000000000000000000000000000
000000000000000000000000000000000000000000000000000000000000000000000000
000000000000000000000000000000000000000000000000000000000000000000000000
000000000000000000000000000000000000000000000000000000000000000000000000
000000000000000000000000000000000000000000000000000000000000000000000000
000000000000000000000000000000000000000000000000000000000000000000000000
000000000000000000000000000000000000000000000000000000000000000000000000
000000000000000000000000000000000000000000000000000000000000000000000000
000000000000000000000000000000000000000000000000000000000000000000000000
000000000000000000000000000000000000000000000000000000000000000000000000
000000000000000000000000000000000000000000000000000000000000000000000000
000000000000000000000000000000000000000000000000000000000000000000000000
000000000000000000000000000000000000000000000000000000000000000000000000
000000000000000000000000000000000000000000000000000000000000000000000000
000000000000000000000000000000000000000000000000000000000000000000000000
000000000000000000000000000000000000000000000000000000000000000000000000
000000000000000000000000000000000000000000000000000000000000000000000000
000000000000000000000000000000000000000000000000000000000000000000000000
000000000000000000000000000000000000000000000000000000000000000000000000
000000000000000000000000000000000000000000000000000000000000000000000000
000000000000000000000000000000000000000000000000000000000000000000000000
000000000000000000000000000000000000000000000000000000000000000000000000
000000000000000000000000000000000000000000000000000000000000000000000000
000000000000000000000000000000000000000000000000000000000000000000000000
000000000000000000000000000000000000000000000000000000000000000000000000
000000000000000000000000000000000000000000000000000000000000000000000000
000000000000000000000000000000000000000000000000000000000000000000000000
000000000000000000000000000000000000000001110000000000000000000000000000
000000000000000000000000000000000000000011111000000000000000000000000000
000000000000000000000000000000000000000011111000000000000000000000000000
000000000000000000000000000100000000000011111000000000000000000000000000
000000000000000000000000011110000000000011110000000000000000000000000000
000000000000000000000000111100000000000000000000000000000000000000000000
000000000000000000000000111100000000000000000000000000000000000000000000
000000000000000000000000111100000000000000000000000000000000000000000000
000000000000000000000000111100000000000000000000000000000000000000000000
000000000000000000000000111100000000000000000000000000000000000000000000
000000000000000000000000111100000000000000000000000000000000000000000000
000000000000000000000000111100000000000000111000000000001110000111111100
000111000000000000000000111100011110001111111000000011111110001111111110
111111000000000000000011111111111110111111111000000111111110011111111111
111111000000000000001111111111111110000011111000000000111110110000011111
000000000000000000000000111100000000000011111000000000011111100000001111
000000000000000000000000111100000000000011111000000000011111000000000111
000000000000000000000000111100000000000011111000000000011110000000000111
000000000000000000000000111100000000000011111000000000011110000000000011
000000000000000000000000111100000000000011111000000000011110000000000011
000000000000000000000000111100000000000011111000000000011110000000000011
000000000000000000000000111100000000000011111000000000011110000000000011
000000000000000000000000111100000000000011111000000000011110000000000011
000000000000000000000000111100000000000011111000000000011110000000000011
000000000000000000000000111100000000000011111000000000011110000000000011
000000000000000000000000111100000000000011111000000000011110000000000011
000000000000000000000000111100000000000011111000000000011110000000000011
000000000000000000000000111100000000000011111000000000011110000000000011
000000000000000000000000111100000000000011111000000000011110000000000011
000000000000000000000000111100000000000011111000000000011110000000000011
000000000000000000000000111110000000000011111000000000011110000000000011
111110000000000000000000111111011100000011111000000000111110000000000111
111110000000000000000000011111111000000111111100000001111111000000001111
111100000000000000000000011111111000111111111111100111111111111001111111
110000000000000000000000000011100000000000000000000000000000000000000000
000000000000000000000000000000000000000000000000000000000000000000000000
000000000000000000000000000000000000000000000000000000000000000000000000
000000000000000000000000000000000000000000000000000000000000000000000000
000000000000000000000000000000000000000000000000000000000000000000000000
000000000000000000000000000000000000000000000000000000000000000000000000
000000000000000000000000000000000000000000000000000000000000000000000000
000000000000000000000000000000000000000000000000000000000000000000000000
000000000000000000000000000000000000000000000000000000000000000000000000
000000000000000000000000000000000000000000000000000000000000000000000000
000000000000000000000000000000000000000000000000000000000000000000000000
000000000000000000000000000000000000000000000000000000000000000000000000
000000000000000000000000000000000000000000000000000000000000000000000000
000000000000000000000000000000000000000000000000000000000000000000000000
000000000000000000000000000000000000000000000000000000000000000000000000
000000000000000000000000000000000000000000000000000000000000000000000000
000000000000000000000000000000000000000000000000000000000000000000000000
000000000000000000000000000000000000000000000000000000000000000000000000
000000000000000000000000000000000000000000000000000000000000000000000000
000000000000000000000000000000000000000000000000000000000000000000000000
000000000000000000000000000000000000000000000000000000000000000000000000
000000000000000000000000000000000000000000000000000000000000000000000000
000000000000000000000000000000000000000000000000000000000000000000000000
000000000000000000000000000000000000000000000000000000000000000000000000
000000000000000000000000000000000000000000000000000000000000000000000000
000000000000000000000000000000000000000000000000000000000000000000000000
000000000000000000000000000000000000000000000000000000000000000000000000
000000000000000000000000000000000000000000000000000000000000000000000000
000000000000000000000000000000000000000000000000000000000000000000000000
000000000000000000000000000000000000000000000000000000000000010000000000
000000000000000000000000000000000000000000000000000000000111110000000000
000000000000000000000000000000000000000000000000000000111111110000000000
000000000000000000000000000000000000000000000000000000000111110000000000
000000000000000000000000000000000000000000000000000000000011110000000000
000000000000000000000000000000000000000000000000000000000011110000000000
000000000000000000000000000000000000000000000000000000000011110000000000
000000000000000000000000000000000000000000000000000000000011110000000000
000000000000000000000000000000000000000000000000000000000011110000000000
000000000000000000000000000000000000000000000000000000000011110000000000
000000000000000000000000000000000000000000000000000000000011110000000000
000000000000000000000000000000000000000000000000000000000011110000000000
000000000000000000000000000000000000000000000000000000000011110000000000
001111111000000000000000001100000111100000000000011111100011110000000000
111111111110000000000001111100011111100000000001111111111111110000000000
100000011111100000001111111100111111100000000111100011111111110000000000
000000000111110000000011111100111111100000001110000000011111110000000001
000000000011111000000000111101100011100000111100000000000111110000000011
000000000011111000000000111111000001100001111000000000000011110000000011
000000000001111100000000111110000000000001110000000000000011110000000011
000000000001111100000000111100000000000011110000000000000011110000000011
000000000000111110000000111100000000000011110000000000000011110000000011
000000000000111110000000111100000000000011110000000000000011110000000011
