000111111110000011111111001111111111110001111111111111000000111111111011
000000000000000000000000000000000000000000000000000000000000000000000000
000000000000000000000000000000000000000000000000000000000000000000000000
000000000000000000000000000000000000000000000000000000000000000000000000
000000000000000000000000000000000000000000000000000000000000000000000000
000000000000000000000000000000000000000000000000000000000000000000000000
000000000000000000000000000000000000000000000000000000000000000000000000
000000000000000000000000000000000000000000000000000000000000000000000000
000000000000000000000000000000000000000000000000000000000000000000000000
000000000000000000000000000000000000000000000000000000000000000000000000
000000000000000000000000000000000000000000000000000000000000000000000000
000000000000000000000000000000000000000000000000000000000000000000000000
000000000000000000000000000000000000000000000000000000000000000000000000
000000000000000000000000000000000000000000000000000000000000000000000000
000000000000000000000000000000000000000000000000000000000000000000000000
000000000000000000000000000000000000000000000000000000000000000000000000
000000000000000000000000000000000000000000000000000000000000000000000000
000000000000000000000000000000000000000000000000000000000000000000000000
000000000000000000000000000000000000000000000000000000000000000000000000
000000000000000000000000000000000000000000000000000000000000000000000000
000000000000000000000000000000000000000000000000000000000000000000000000
000000000000000000000000000000000000000000000000000000000000000000000000
000000000000000000000000000000000000000000000000000000000000000000000000
000000000000000000000000000000000000000000000000000000000000000000000000
000000000000000000000000000000000000000000000000000000000000000000000000
000000000000000000000000000000000000000000000000000000000000000000000000
000000000000000000000000000000000000000000000000000000000000000000000000
000000000000000000000000000000000000000000000000000000000000000000000000
000000000000000000000000000000000000000000000000000000000000000000111000
000000000000000000000000000000000000000000000000000000000000011111111000
000000000000000000000000000000000000000000000000000000000000111111111000
000000000000000000000000000000000000000000000000000000000000000011111000
000000000000000000000000000000000000000000000000000000000000000011111000
000000000000000000000000000000000000000000000000000000000000000011111000
000000000000000000000000000000000000000000000000000000000000000011111000
000000000000000000000000000000000000000000000000000000000000000011111000
000000000000000000000000000000000000000000000000000000000000000011111000
000000000000000000000000000000000000000000000000000000000000000011111000
000000000000000000000000000000000000000000000000000000000000000011111000
000000000000000000000000000000000000000000000000000000000000000011111000
000000000000000000000000000000000000000000000000000000000000000011111000
000000000000111111111100000000000000111000011111111000000000000011111000
000000000011110000111111000000011111111000111111111100000000000011111000
000000000111000000001111100000011111111001111111111110000000000011111000
000000001110000000000111110000000011111111000000111111000000000011111000
000000011100000000000011111000000001111100000000011111000000000011111000
000000111100000000000011111000000001111000000000001111100000000011111000
000000111100000000000001111100000001111000000000001111100000000011111000
000001111100000000000001111100000001111000000000000111100000000011111000
000001111000000000000001111100000001111000000000000111100000000011111011
000001111000000000000000111110000001111000000000000111100000000011111111
000001111000000000000000111110000001111000000000000111100000000011111111
000001111000000000000000111110000001111000000000000111100000000011111111
000001111000000000000000111110000001111000000000000111100000000011111011
000001111000000000000000111100000001111000000000000111100000000011111001
000001111100000000000000111100000001111000000000000111100000000011111000
000001111100000000000000111100000001111000000000000111100000000011111000
000001111100000000000000111000000001111000000000000111100000000011111000
000000111110000000000001111000000001111000000000000111100000000011111000
000000111110000000000001110000000001111000000000000111100000000011111000
000000011111000000000011110000000001111000000000000111100000000011111000
000000001111100000000011100000000011111000000000000111100000000011111000
110000000111110000001110000000011111111111000000000111111100011111111111
110000000011111111111100000000011111111111100000000111111110111111111111
000000000000111111100000000000000000000000000000000000000000000000000000
000000000000000000000000000000000000000000000000000000000000000000000000
000000000000000000000000000000000000000000000000000000000000000000000000
000000000000000000000000000000000000000000000000000000000000000000000000
000000000000000000000000000000000000000000000000000000000000000000000000
000000000000000000000000000000000000000000000000000000000000000000000000
000000000000000000000000000000000000000000000000000000000000000000000000
000000000000000000000000000000000000000000000000000000000000000000000000
000000000000000000000000000000000000000000000000000000000000000000000000
000000000000000000000000000000000000000000000000000000000000000000000000
000000000000000000000000000000000000000000000000000000000000000000000000
000000000000000000000000000000000000000000000000000000000000000000000000
000000000000000000000000000000000000000000000000000000000000000000000000
000000000000000000000000000000000000000000000000000000000000000000000000
000000000000000000000000000000000000000000000000000000000000000000000000
000000000000000000000000000000000000000000000000000000000000000000000000
000000000000000000000000000000000000000000000000000000000000000000000000
000000000000000000000000000000000000000000000000000000000000000000000000
000000000000000000000000000000000000000000000000000000000000000000000000
000000000000000000000000000000000000000000000000000000000000000000000000
000000000000000000000000000000000000000000000000000000000000000000000000
000000000000000000000000000000000000000000000000000000000000000000000000
000000000000000000000000000000000000000000000000000000000000000000000000
000000000000000000000000000000000000000000000000000000000000000000000000
000000000000000000000000000000000000000000000000000000000000000000000000
000000000000000000000000000000000000000000000000000000000000000000000000
000000000000000000000000000000000000000000000000000000000000000000000000
000000000000000000000000000000000000000000000000000000000000000000000000
000000000000000000000000000000000000000000000000000000000000000000000000
000111111111111110000000000000000000000000000000000000000000000000000000
000000111111100000000000000000000000000000000000000000000000000000000000
000000011111100000000000000000000000000000000000000000000000000000000000
000000011111000000000000000000000000000000000000000000000000000000000000
000000011111000000000000000000000000000000000000000000000000000000000000
000000011111000000000000000000000000000000000000000000000000000000000000
000000011111000000000000000000000000000000000000000000000000000000000000
000000011111000000000000000000000000000000000000000000000000000000000000
000000011111000000000000000000000000000000000000000000000000000000000000
000000011111000000000000000000000000000000000000000000000000000000000000
000000011111000000000000000000000000000000000000000000000000000000000000
000000011111000000000000000000000000000001111111100000000000001111111111
000000011111000000000000000000000000000111100011111000000000111100011111
000000011111000000000000000000000000011110000001111100000001110000000011
000000011111000000000000000000000000111100000000111110000001100000000001
000000011111000000000000000000000001111000000000011110000011100000000000
000000011111000000000000000000000001110000000000011110000011100000000000
000000011111000000000000000000000011110000000000011111000011100000000000
000000011111000000000000000000000011110000000000001111000011110000000000
000000011111000000000000000000000011110000000000001111000011111100000000
000000011111000000000000000000000111110000000000001111000011111111100000
000000011111000000000000000000000111111111111111111111000001111111111110
000000011111000000000000000000000111111111111111100000000000111111111111
000000011111000000000000000000000111110000000000000000000000001111111111
000000011111000000000000000000000111110000000000000000000000000001111111
000000011111000000000000000001000111110000000000000000000000000000000111
000000011111000000000000000001100011110000000000000000000000000000000001
000000011111000000000000000001000011111000000000000000000010000000000001
000000011111000000000000000011000011111000000000000000000010000000000001
000000011111000000000000000011000011111100000000000000000010000000000001
000000011111000000000000000011000001111110000000000010000011000000000001
000000011111000000000000000111000000111111000000001110000011000000000011
000000111111111111111111111111000000011111111111111100000111110000000111
000001111111111111111111111111000000001111111111111000000111111111111110
000000000000000000000000000000000000000001111111000000000001111111110000
000000000000000000000000000000000000000000000000000000000000000000000000
000000000000000000000000000000000000000000000000000000000000000000000000
000000000000000000000000000000000000000000000000000000000000000000000000
000000000000000000000000000000000000000000000000000000000000000000000000
000000000000000000000000000000000000000000000000000000000000000000000000
000000000000000000000000000000000000000000000000000000000000000000000000
000000000000000000000000000000000000000000000000000000000000000000000000
000000000000000000000000000000000000000000000000000000000000000000000000
000000000000000000000000000000000000000000000000000000000000000000000000
000000000000000000000000000000000000000000000000000000000000000000000000
000000000000000000000000000000000000000000000000000000000000000000000000
000000000000000000000000000000000000000000000000000000000000000000000000
000000000000000000000000000000000000000000000000000000000000000000000000
000000000000000000000000000000000000000000000000000000000000000000000000
000000000000000000000000000000000000000000000000000000000000000000000000
000000000000000000000000000000000000000000000000000000000000000000000000
000000000000000000000000000000000000000000000000000000000000000000000000
000000000000000000000000000000000000000000000000000000000000000000000000
000000000000000000000000000000000000000000000000000000000000000000000000
000000000000000000000000000000000000000000000000000000000000000000000000
000000000000000000000000000000000000000000000000000000000000000000000000
000000000000000000000000000000000000000000000000000000000000000000000000
000000000000000000000000000000000000000000000000000000000000000000000000
000000000000000000000000000000000000000000000000000000000000000000000000
000000000000000000000000000000000000000000000000000000000000000000000000
000000000000000000000000000000000000000000000000000000000000000000000000
000000000000000000000000000000000000000000000000000000000000000000000000
000000000000000000000000000000000000000000000000000000000000000000000000
000000000000000000000000000001000000000000000000000000000000000000000000
000000000000000000000000001111000000000000000000000000000000000000000000
111111111111111111111011111111000000000000000000000000000000000000000000
111111111111111111111000011111000000000000000000000000000000000000000000
000011111000000000111000001111000000000000000000000000000000000000000000
000011111000000000011000001111000000000000000000000000000000000000000000
000011111000000000011000001111000000000000000000000000000000000000000000
000011111000000000011000001111000000000000000000000000000000000000000000
000011111000000000011000001111000000000000000000000000000000000000000000
000011111000000000011000001111000000000000000000000000000000000000000000
000011111000000000000000001111000000000000000000000000000000000000000000
000011111000000000000000001111000000000000000000000000000000000000000000
000011111000000000000000001111000000000000000000000000000000000000000000
000011111000000000000000001111000000111110000000000000000000011111100000
000011111000000000000000001111000011111111110000000000000001111111111000
000011111000000000000000001111000111111111111000000000000111000000111100
000011111000000000000000001111001110000111111000000000001110000000011110
000011111000000000000000001111111000000011111100000000011100000000001111
000011111000000000000000001111110000000001111100000000111100000000001111
000011111000000000000000001111100000000000111100000001111000000000001111
000011111000000000000000001111000000000000111100000001111000000000000111
000011111000000000000000001111000000000000111100000001111000000000000111
000011111000000000000000001111000000000000111110000011111000000000000111
