100000000000000000000000000111110000000000000000000000000000000000000000
100000000000000000000000000111110000000000000000000000000000000000000000
100000000000000000000000000111110000000000000000000000000000000000000000
100000000000000000000000000111110000000000000000000000000000000000000000
100000000000000000000000000111110000000000000000000000000000000000000000
100000000000000000000000000111110000000000000000000000000000000000000000
100000000000000000000000000111110000000000000000000000000000000000000000
100000000000000000000000000111110000000000000000000000000000000000000000
100000000000000000000000000111110000000000000000000000000000000000000000
100000000000000000000000000111110000000000000000000000000000000000000000
100000000000000000000000000111110000111111110000000000000000011111111000
100000000000000000000000000111110011111111111000000000000001111000111110
100000000000000000000000000111110111111111111100000000000111100000001111
100000000000000000000000000111111100000001111110000000001111000000001111
100000000000000000000000000111111000000000111110000000011110000000000111
100000000000000000000000000111110000000000011110000000011110000000000111
100000000000000000000000000111110000000000011111000000111100000000000011
100000000000000000000000000111110000000000011111000000111100000000000011
100000000000000000000000000111110000000000011111000000111100000000000011
100000000000000000000000000111110000000000011111000001111110000000000111
100000000000000000000000000111110000000000011111000001111111111111111111
100000000000000000000000000111110000000000011111000001111100000000000000
100000000000000000000000000111110000000000011111000001111100000000000000
100000000000000000000000000111110000000000011111000001111100000000000000
100000000000000000000000000111110000000000011111000001111100000000000000
100000000000000000000000000111110000000000011111000000111110000000000000
100000000000000000000000000111110000000000011111000000111110000000000000
100000000000000000000000000111110000000000011111000000111110000000000000
100000000000000000000000000111110000000000011111000000011111000000000000
100000000000000000000000000111110000000000011111000000011111100000000000
100000000000000000000000000111110000000000011111000000001111111000000011
111100000000000000000000111111111110000000011111111000000111111111111111
111110000000000000000001111111111111000000011111111000000001111111111100
000000000000000000000000000000000000000000000000000000000000001111100000
000000000000000000000000000000000000000000000000000000000000000000000000
000000000000000000000000000000000000000000000000000000000000000000000000
000000000000000000000000000000000000000000000000000000000000000000000000
000000000000000000000000000000000000000000000000000000000000000000000000
000000000000000000000000000000000000000000000000000000000000000000000000
000000000000000000000000000000000000000000000000000000000000000000000000
000000000000000000000000000000000000000000000000000000000000000000000000
000000000000000000000000000000000000000000000000000000000000000000000000
000000000000000000000000000000000000000000000000000000000000000000000000
000000000000000000000000000000000000000000000000000000000000000000000000
000000000000000000000000000000000000000000000000000000000000000000000000
000000000000000000000000000000000000000000000000000000000000000000000000
000000000000000000000000000000000000000000000000000000000000000000000000
000000000000000000000000000000000000000000000000000000000000000000000000
000000000000000000000000000000000000000000000000000000000000000000000000
000000000000000000000000000000000000000000000000000000000000000000000000
000000000000000000000000000000000000000000000000000000000000000000000000
000000000000000000000000000000000000000000000000000000000000000000000000
000000000000000000000000000000000000000000000000000000000000000000000000
000000000000000000000000000000000000000000000000000000000000000000000000
000000000000000000000000000000000000000000000000000000000000000000000000
000000000000000000000000000000000000000000000000000000000000000000000000
000000000000000000000000000000000000000000000000000000000000000000000000
000000000000000000000000000000000000000000000000000000000000000000000000
000000000000000000000000000000000000000000000000000000000000000000000000
000000000000000000000000000000000000000000000000000000000000000000000000
000000000000000000000000000000000000000000000000000000000000000000000000
000000000000000000000000000000000000000000000000000000000000000000000000
000000000000000000000000000000000000000000000000000000000000000000000000
000000000000000000000000000000000000000000000000000000000000000000000000
000000000000000000000000000000000000000000000000000000000000000000000000
000000000000000000000000000000000000000000000000000000000000000000000000
000000000000000000000000000000000000000000000000000000000000000000000000
000000000000000000000000000000000000000000000000000000000000000000000000
000000000000000000000000000000000000000000000000000000000000000000000000
000000000000000000000000000000000000000000000000000000000000000000000000
000000000000000000000000000000000000000000000000000000000000000000000000
000000000000000000000000000000000000000000000000000000000000000000000000
000000000000000000000000000000000000000000000000000000000000000000000000
100000000000000000000000000000000111111110000000000011111111100000000000
100000000000000000000000000000111111111111000000001111111111110000000001
100000000000000000000000000001111000111111000000111100011111111000000111
100000000000000000000000000111100000000111000000110000000011111000000000
100000000000000000000000001111000000000011000000110000000001111100000000
100000000000000000000000011110000000000011000000100000000000111100000000
100000000000000000000000011100000000000011000000000000000000111100000000
100000000000000000000000111100000000000001000000000000000000111100000000
100000000000000000000000111100000000000000000000000000000000111100000000
100000000000000000000000111100000000000000000000000000001111111100000000
100000000000000000000001111100000000000000000000000011111110111100000000
100000000000000000000001111100000000000000000000011111100000111100000000
100000000000000000000001111100000000000000000000111100000000111100000000
100000000000000000000001111100000000000000000001111000000000111100000000
100000000000000000000001111100000000000000000011111000000000111100000000
100000000000000000000000111100000000000000000011110000000000111100000000
100000000000000000000000111110000000000000000011110000000000111100000000
100000000000000000000000111110000000000000000011110000000000111100000000
100000000000000000000000011111000000000000000011110000000001111100000000
100000000000000000000000011111100000000000000011111000000110111100000000
100000000000000000000000001111111000000001000011111100011100111100000000
110000000000000000000000000111111111111111000001111111111000111110000000
111110000000000000000000000001111111111110000000111111100000111111110111
000000000000000000000000000000011111111000000000001111000000000000000000
000000000000000000000000000000000000000000000000000000000000000000000000
000000000000000000000000000000000000000000000000000000000000000000000000
000000000000000000000000000000000000000000000000000000000000000000000000
000000000000000000000000000000000000000000000000000000000000000000000000
000000000000000000000000000000000000000000000000000000000000000000000000
000000000000000000000000000000000000000000000000000000000000000000000000
000000000000000000000000000000000000000000000000000000000000000000000000
000000000000000000000000000000000000000000000000000000000000000000000000
000000000000000000000000000000000000000000000000000000000000000000000000
000000000000000000000000000000000000000000000000000000000000000000000000
000000000000000000000000000000000000000000000000000000000000000000000000
000000000000000000000000000000000000000000000000000000000000000000000000
000000000000000000000000000000000000000000000000000000000000000000000000
000000000000000000000000000000000000000000000000000000000000000000000000
000000000000000000000000000000000000000000000000000000000000000000000000
000000000000000000000000000000000000000000000000000000000000000000000000
000000000000000000000000000000000000000000000000000000000000000000000000
000000000000000000000000000000000000000000000000000000000000000000000000
000000000000000000000000000000000000000000000000000000000000000000000000
000000000000000000000000000000000000000000000000000000000000000000000000
000000000000000000000000000000000000000000000000000000000000000000000000
000000000000000000000000000000000000000000000000000000000000000000000000
000000000000000000000000000000000000000000000000000000000000000000000000
000000000000000000000000000000000000000000000000000000000000000000000000
000000000000000000000000000000000000000000000000000000000000000000000000
000000000000000000000000000000000000000000000000000000000000000000000000
000000000000000000000000000000000000000000000000000000000000000000000000
000000000000000000000000000000000000000000000000000000000000000000000000
000000000000000000000000000000000000000000000000000000000000000000000000
000000000000000000000000000000000000000000000000000000000000000000000000
000000000000000000000000000000000000000000000000000000000000000000000000
000000000000000000000000000000000000000000000000000000000000000000000000
000000000000000000000000000000000000000000000000000000000000000000000000
000000000000000000000000000000000000000000000000000000000000000000000000
000000000000000000000000000000000000000000000000000000000000000000000000
000000000000000000000000000000000000000000000000000000000000000000000000
000000000000000000000000000000000000000000000000000000000000000000000000
000000000000000000000000000000000000000000000000000000000000000000000000
000000000000000000000000000000000000000000000000000000000000000000000000
111000000000000000000001111110000000000000011111111000000000000000011000
111111000000000000001111111111100000000001111111111110000000000011111000
001111100000000000111111111111100000000111100000011111100000011111111001
000111110000000011110000000111100000001110000000001111110000000011111011
000011110000000111100000000001100000011110000000000111110000000001111110
000011111000000111000000000001100000111100000000000011111000000001111100
000011111000001110000000000001100000111100000000000001111100000001111100
000001111000011110000000000001100000111100000000000001111100000001111000
000001111000011110000000000000000001111000000000000001111100000001111000
000001111000011110000000000000000001111000000000000001111100000001111000
111111111000111110000000000000000001111000000000000000111110000001111000
111111100000111110000000000000000001111000000000000000111110000001111000
000000000000111110000000000000000001111000000000000000111110000001111000
000000000000111110000000000000000001111000000000000000111100000001111000
000000000000111110000000000000000001111100000000000000111100000001111000
000000000000111110000000000000000001111100000000000000111100000001111000
000000000000011111000000000000000001111100000000000000111100000001111000
000000000000011111000000000000000000111100000000000001111000000001111000
000000000000001111100000000000000000111110000000000001111000000001111000
000000000000001111110000000000000000111111000000000001110000000001111000
000000110000000111111000000000100000011111000000000011100000000001111000
000111110000000011111111000011100000001111110000000111000000000011111100
111111000000000001111111111111000000000111111100011100000000011111111111
111100000000000000011111111100000000000001111111110000000000000000000000
000000000000000000000000000000000000000000000000000000000000000000000000
000000000000000000000000000000000000000000000000000000000000000000000000
000000000000000000000000000000000000000000000000000000000000000000000000
000000000000000000000000000000000000000000000000000000000000000000000000
000000000000000000000000000000000000000000000000000000000000000000000000
000000000000000000000000000000000000000000000000000000000000000000000000
000000000000000000000000000000000000000000000000000000000000000000000000
000000000000000000000000000000000000000000000000000000000000000000000000
000000000000000000000000000000000000000000000000000000000000000000000000
000000000000000000000000000000000000000000000000000000000000000000000000
000000000000000000000000000000000000000000000000000000000000000000000000
000000000000000000000000000000000000000000000000000000000000000000000000
000000000000000000000000000000000000000000000000000000000000000000000000
000000000000000000000000000000000000000000000000000000000000000000000000
000000000000000000000000000000000000000000000000000000000000000000000000
000000000000000000000000000000000000000000000000000000000000000000000000
000000000000000000000000000000000000000000000000000000000000000000000000
000000000000000000000000000000000000000000000000000000000000000000000000
000000000000000000000000000000000000000000000000000000000000000000000000
