000000000000111100000000000111100000000000000000000000000000000000000000
000000000000011110000000001110000000000000000000000000000000000000000000
000000000000001111111111111100000000000000000000000000000000000000000000
000000000000000001111111100000000000000000000000000000000000000000000000
000000000000000000000000000000000000000000000000000000000000000000000000
000000000000000000000000000000000000000000000000000000000000000000000000
000000000000000000000000000000000000000000000000000000000000000000000000
000000000000000000000000000000000000000000000000000000000000000000000000
000000000000000000000000000000000000000000000000000000000000000000000000
000000000000000000000000000000000000000000000000000000000000000000000000
000000000000000000000000000000000000000000000000000000000000000000000000
000000000000000000000000000000000000000000000000000000000000000000000000
000000000000000000000000000000000000000000000000000000000000000000000000
000000000000000000000000000000000000000000000000000000000000000000000000
000000000000000000000000000000000000000000000000000000000000000000000000
000000000000000000000000000000000000000000000000000000000000000000000000
000000000000000000000000000000000000000000000000000000000000000000000000
000000000000000011000000000000000000000000000000000000000000000000000000
000000000001111111000000000000000000000000000000000000000000000000000000
000000000011111111000000000000000000000000000000000000000000000000000000
000000000000011111000000000000000000000000000000000000000000000000000000
000000000000001111000000000000000000000000000000000000000000000000000000
000000000000001111000000000000000000000000000000000000000000000000000000
000000000000001111000000000000000000000000000000000000000000000000000000
000000000000001111000000000000000000000000000000000000000000000000000000
000000000000001111000000000000000000000000000000000000000000000000000000
000000000000001111000000000000000000000000000000000000000000000000000000
000000000000001111000000000000000000000000000000000000000000000000000000
000000000000001111000000000000000000000000000000000000000000000000000000
000000000000001111000000000000000000000000000000000000000000000000000000
000011111111001111000000000000000000000111111111110000000011000000000111
001111111111111111000000000000000000000111111111110000000011100000000111
111100000111111111000000000000000000000001111110000000000011100000000000
110000000001111111000000000000000000000000111110000000000111100000000000
100000000000011111000000000000000000000000011110000000000111110000000000
000000000000001111000000000000000000000000011110000000001111110000000000
000000000000001111000000000000000000000000011110000000001111111000000001
000000000000001111000000000000000000000000011111000000011101111000000001
000000000000001111000000000000000000000000001111000000011001111000000001
000000000000001111000000000000000000000000001111000000011001111100000011
000000000000001111000000000000000000000000001111100000110000111100000011
000000000000001111000000000000000000000000000111100000110000111110000011
000000000000001111000000000000000000000000000111100001100000011110000110
000000000000001111000000000000000000000000000111110001100000011110000110
000000000000001111000000000000000000000000000011110011000000011111000100
000000000000011111000000000000000000000000000011110011000000001111001100
000000000000011111000000000000000000000000000011110111000000001111001100
100000000000011111000000000000000000000000000001111110000000000111111000
110000000000111111000000000000000000000000000001111110000000000111111000
111000000011101111000000000000000000000000000001111100000000000111111000
111110001111001111000000000000000000000000000001111100000000000011110000
111111111100001111100000000000000000000000000000111000000000000011110000
111111111000001111111100000000000000000000000000111000000000000001100000
000111100000000000000000000000000000000000000000000000000000000000000000
000000000000000000000000000000000000000000000000000000000000000000000000
000000000000000000000000000000000000000000000000000000000000000000000000
000000000000000000000000000000000000000000000000000000000000000000000000
000000000000000000000000000000000000000000000000000000000000000000000000
000000000000000000000000000000000000000000000000000000000000000000000000
000000000000000000000000000000000000000000000000000000000000000000000000
000000000000000000000000000000000000000000000000000000000000000000000000
000000000000000000000000000000000000000000000000000000000000000000000000
000000000000000000000000000000000000000000000000000000000000000000000000
000000000000000000000000000000000000000000000000000000000000000000000000
000000000000000000000000000000000000000000000000000000000000000000000000
000000000000000000000000000000000000000000000000000000000000000000000000
000000000000000000000000000000000000000000000000000000000000000000000000
000000000000000000000000000000000000000000000000000000000000000000000000
000000000000000000000000000000000000000000000000000000000000000000000000
000000000000000000000000000000000000000000000000000000000000000000000000
000000000000000000000000000000000000000000000000000000000000000000000000
000000000000000000000000000000000000000000000000000000000000000000000000
000000000000000000000000000000000000000000000000000000000000000000000000
000000000000000000000000000000000000000000000000000000000000000000000000
000000000000000000000000000000000000000000000000000000000000000000000000
000000000000000000000000000000000000000000000000000000000000000000000000
000000000000000000000000000000000000000000000000000000000000000000000000
000000000000000000000000000000000000000000000000000000000000000000000000
000000000000000000000000000000000000000000000000000000000000000000000000
000000000000000000000000000000000000000000000000000000000000000000000000
001000000000000000000000000000000000000000000000000000000000000000000000
111000000000000000000000000000000000000000000000000000000000000000000000
111000000000000000000000000000000000000000000000000000000000000000000000
111000000000000000000000000000000000000000000000000000000000000000000000
111000000000000000000000000000000000000000000000000000000000000000000000
111000000000000000000000000000000000000000000000000000000000000000000000
111000000000000000000000000000000000000000000000000000000000000000000000
111000000000000000000000000000000000000000000000000000000000000000000000
111000000000000000000000000000000000000000000000000000000000000000000000
111000000000000000000000000000000000000000000000000000000000000000000000
111000000000000000000000000000000000000000000000000000000000000000000000
111000000000000000000000000000000000000000000000000000000000000000000000
111000000000000000000000000000000000000000000000000000000000000000000000
111000001111111000000000000000000011111100000000000000000000000000000000
111000011111111110000000000000011111111111000000000000000000000000000011
111000111111111111000000000000111000000111100000000000000000000000001111
111011100000111111000000000001110000000011110000000000000000000000011110
111110000000001111100000000111100000000001111000000000000000000000011100
111100000000001111100000000111100000000001111000000000000000000000111100
111100000000000111100000001111000000000001111100000000000000000001111000
111000000000000111100000001111000000000000111100000000000000000001111000
111000000000000111100000001111000000000000111100000000000000000001111000
111000000000000111100000011111000000000000111100000000000000000011111000
111000000000000111100000011111111111111111111100000000000000000011111000
111000000000000111100000011111111111111111100000000000000000000011111000
111000000000000111100000011111000000000000000000000000000000000011111000
111000000000000111100000011111000000000000000000000000000000000011111000
111000000000000111100000011111000000000000000000000000000000000011111000
111000000000000111100000011111000000000000000000000000000000000011111000
111000000000000111100000001111100000000000000000000000000000000001111100
111000000000000111100000001111100000000000000000000000000000000001111100
111000000000000111100000001111110000000000000000000000000000000001111100
111000000000000111100000000111111000000000000000000000000000000000111110
111100000000000111110000000011111100000000011000000000000000000000011111
111100000000000111110000000001111111100011111000000000000000000000001111
111111110000000111111110000000111111111111100000000000000000000000000111
000000000000000000000000000000001111111110000000000000000000000000000001
000000000000000000000000000000000000000000000000000000000000000000000000
000000000000000000000000000000000000000000000000000000000000000000000000
000000000000000000000000000000000000000000000000000000000000000000000000
000000000000000000000000000000000000000000000000000000000000000000000000
000000000000000000000000000000000000000000000000000000000000000000000000
000000000000000000000000000000000000000000000000000000000000000000000000
000000000000000000000000000000000000000000000000000000000000000000000000
000000000000000000000000000000000000000000000000000000000000000000000000
000000000000000000000000000000000000000000000000000000000000000000000000
000000000000000000000000000000000000000000000000000000000000000000000000
000000000000000000000000000000000000000000000000000000000000000000000000
000000000000000000000000000000000000000000000000000000000000000000000000
000000000000000000000000000000000000000000000000000000000000000000000000
000000000000000000000000000000000000000000000000000000000000000000000000
000000000000000000000000000000000000000000000000000000000000000000000000
000000000000000000000000000000000000000000000000000000000000000000000000
000000000000000000000000000000000000000000000000000000000000000000000000
000000000000000000000000000000000000000000000000000000000000000000000000
000000000000000000000000000000000000000000000000000000000000000000000000
000000000000000000000000000000000000000000000000000000000000000000000000
000000000000000000000000000000000000000000000000000000000000000000000000
000000000000000000000000000000000000000000000000000000000000000000000000
000000000000000000000000000000000000000000000000000000000000000000000000
000000000000000000000000000000000000000000000000000000000000000000000000
000000000000000000000000000000000000000000000000000000000000000000000000
000000000000000000000000000000000000000000000000000000000000000000000000
000000000000000000000000000000000000000000000000000000000000000000000000
000000000000000000000000000000000000000000000000000000000000000000000000
000000000000000000000000000000000000000000000000000000000000000000000000
000000000000000000000000000000000000000000000000000000000000000000000000
000000000000000000000000000000000000000000000000000000000000000000000000
000000000000000000000000000000000000000000000000000000000000000000000000
000000000000000000000000000000000000000000000000000000000000000000000000
000000000000000000000000000000000000000000000000000000000000000000000000
000000000000000000000000000000000000000000000000000000000000000000000000
000000000000000000000000000000000000000000000000000000000000000000000000
000000000000000000000000000000000000000000000000000000000000000000000000
000000000000000000000000000000000000000000000000000000000000000000000000
000000000000000000000000000000000000000000000000000000000000000000000000
000000000000000000000000000000000000000000000000000000000000000000000000
000000000000000000000000000000000000000000000000000000000000000000000000
000000000000000000000000000000000000000000000000000000000000000000000000
000000000000000000000000000000000000000000000000000000000000000000000000
000000000000000000000000000000000000000000000000000000000000000000000000
000000000000000000000000000000000000000000000000000000000000000000000000
000000000000000000000000000000000000000000000000000000000000000000000000
000000000000000000000000000000000000000000000000000000000000000000000000
000000000000000000000000000000000000000000000000000000000000000000000000
000000000000000000000000000000000000000000000000000000000000000000000000
000000000000000000000000000000000000000000000000000000000000000000000000
000000000000000000000000000000000000000000000000000000000000000000000000
000000000000000000000000000000000000000000000000000000000000000000000000
000000000000000000000000000000000000000000000000000000000000000000000000
000000000000000000000000000000000000000000000000000000000000000000000000
000000000000000000000000000000000000000000000000000000000000000000000000
000000000000000000000000000000000000000000000000000000000000000000000000
000000000000000000000000000000000000000000000000000000000000000000000000
000000000000000000000000000000000000000000000000000000000000000000000000
000000000000000000000000000000000000000000000000000000000000000000000000
000000000000000000000000000000000000000000000000000000000000000000000000
000000000000000000000000000000000000000000000000000000000000000000000000
000000000000000000000000000000000000000000000000000000000000000000000000
