000001111000000000011111000000000000000000000000000000000000000000000000
000001111000000000011111000000000000000000000000000000000000000000000000
000001111000000000011111000000000000000000000000000000000000000000000000
000001111000000000011111000000000000000000000000000000000000000000000000
000001111000000000011111000000000000000000000000000000000000000000000000
000001111000000000011111000000000000000000000000000000000000000000000000
000001111000000000011111000000000000000000000000000000000000000000000000
000001111000000000011111000000000000000000000000000000000000000000000000
000001111000000000011111000000000000000000000000000000000000000000000000
000001111000000000011111000000000000000000000000000000000000000000000000
000001111000000000011111000000000011111100000000000000000000000000011111
000001111000000000011111000000000111111000000000000000000000000001111000
000001111000000000011111000000001111000000000000000000000000000011100000
000001111000000000011111000000011110000000000000000000000000000111100000
000001111000000000011111000000111000000000000000000000000000001111000000
000001111000000000011111000001110000000000000000000000000000001110000000
000001111000000000011111000011100000000000000000000000000000011110000000
000001111000000000011111000111000000000000000000000000000000011110000000
000001111000000000011111011100000000000000000000000000000000111110000000
000001111000000000011111111100000000000000000000000000000000111110000000
000001111000000000011111111110000000000000000000000000000000111110000000
000001111000000000011111111111000000000000000000000000000000111110000000
000001111000000000011111011111100000000000000000000000000000111110000000
000001111000000000011111001111110000000000000000000000000000111110000000
000001111000000000011111000111111000000000000000000000000000111110000000
000001111000000000011111000011111100000000000000000000000000111110000000
000001111000000000011111000001111110000000000000000000000000011111000000
000001111000000000011111000000011111000000000000000000000000011111000000
000001111000000000011111000000001111100000000000000000000000001111100000
000001111000000000011111000000000111111000000000000000000000001111100000
000001111000000000011111000000000011111100000000000000000000000111110000
011111111111100011111111111000000001111111000000000000000000000011111100
011111111111100111111111111100000000111100000000000000000000000001111111
000000000000000000000000000000000000000000000000000000000000000000001111
000000000000000000000000000000000000000000000000000000000000000000000000
000000000000000000000000000000000000000000000000000000000000000000000000
000000000000000000000000000000000000000000000000000000000000000000000000
000000000000000000000000000000000000000000000000000000000000000000000000
000000000000000000000000000000000000000000000000000000000000000000000000
000000000000000000000000000000000000000000000000000000000000000000000000
000000000000000000000000000000000000000000000000000000000000000000000000
000000000000000000000000000000000000000000000000000000000000000000000000
000000000000000000000000000000000000000000000000000000000000000000000000
000000000000000000000000000000000000000000000000000000000000000000000000
000000000000000000000000000000000000000000000000000000000000000000000000
000000000000000000000000000000000000000000000000000000000000000000000000
000000000000000000000000000000000000000000000000000000000000000000000000
000000000000000000000000000000000000000000000000000000000000000000000000
000000000000000000000000000000000000000000000000000000000000000000000000
000000000000000000000000000000000000000000000000000000000000000000000000
000000000000000000000000000000000000000000000000000000000000000000000000
000000000000000000000000000000000000000000000000000000000000000000000000
000000000000000000000000000000000000000000000000000000000000000000000000
000000000000000000000000000000000000000000000000000000000000000000000000
000000000000000000000000000000000000000000000000000000000000000000000000
000000000000000000000000000000000000000000000000000000000000000000000000
000000000000000000000000000000000000000000000000000000000000000000000000
000000000000000000000000000000000000000000000000000000000000000000000000
000000000000000000000000000000000000000000000000000000000000000000000000
000000000000000000000000000000000000000000000000000000000000000000000000
000000000000000000000000000000000000000000000000000000011111000000000000
000000000000000000000000000000000000000000000000000000111111000000000000
000000000000000000000000000000000000000000000000000001111111000000000000
100000000000000000000000000000000000000000000000000011000011000000000000
100000000000000000000000000000000000000000000000000110000000000000000000
100000000000000000000000000000000000000000000000001110000000000000000000
000000000000000000000000000000000000000000000000011110000000000000000000
000000000000000000000000000000000000000000000000011110000000000000000000
000000000000000000000000000000000000000000000000011100000000000000000000
000000000000000000000000000000000000000000000000111100000000000000000000
000000000000000000000000000000000000000000000000111100000000000000000000
000000000000000000000000000000000000000000000000111100000000000000000000
000000000000000000000000000000000000000000000000111100000000000000000000
100000000000111111111100000000000000000000000000111100000000000000111000
100000000011110001111110000000000000000000000000111111111110001111111000
100000000111000000001110000000000000000000000011111111111110111111111000
100000000110000000000110000000000000000000000111111111111110000011111000
100000001110000000000010000000000000000000000000111100000000000011111000
100000001110000000000010000000000000000000000000111100000000000011111000
100000001110000000000010000000000000000000000000111100000000000011111000
100000001111000000000000000000000000000000000000111100000000000011111000
100000001111110000000000000000000000000000000000111100000000000011111000
100000001111111110000000000000000000000000000000111100000000000011111000
100000000111111111111000000000000000000000000000111100000000000011111000
100000000011111111111110000000000000000000000000111100000000000011111000
100000000000111111111111000000000000000000000000111100000000000011111000
100000000000000111111111100000000000000000000000111100000000000011111000
100000000000000000011111100000000000000000000000111100000000000011111000
100000000000000000000111100000000000000000000000111100000000000001111000
100000001000000000000111100000000000000000000000111100000000000001111000
100000001000000000000011100000000000000000000000111100000000000001111000
100000001000000000000111100000000000000000000000111100000000000001111000
100000001100000000000111000000000000000000000000111100000000000001111100
100000001100000000001110000000000000000000000000111110000000000001111111
110000011111000000011100000000000000000000000001111111000000000000111111
111110011111111111111000000000000000000000001111111111111000000000011111
000000000111111111000000000000000000000000000000000000000000000000000111
000000000000000000000000000000000000000000000000000000000000000000000000
000000000000000000000000000000000000000000000000000000000000000000000000
000000000000000000000000000000000000000000000000000000000000000000000000
000000000000000000000000000000000000000000000000000000000000000000000000
000000000000000000000000000000000000000000000000000000000000000000000000
000000000000000000000000000000000000000000000000000000000000000000000000
000000000000000000000000000000000000000000000000000000000000000000000000
000000000000000000000000000000000000000000000000000000000000000000000000
000000000000000000000000000000000000000000000000000000000000000000000000
000000000000000000000000000000000000000000000000000000000000000000000000
000000000000000000000000000000000000000000000000000000000000000000000000
000000000000000000000000000000000000000000000000000000000000000000000000
000000000000000000000000000000000000000000000000000000000000000000000000
000000000000000000000000000000000000000000000000000000000000000000000000
000000000000000000000000000000000000000000000000000000000000000000000000
000000000000000000000000000000000000000000000000000000000000000000000000
000000000000000000000000000000000000000000000000000000000000000000000000
000000000000000000000000000000000000000000000000000000000000000000000000
000000000000000000000000000000000000000000000000000000000000000000000000
000000000000000000000000000000000000000000000000000000000000000000000000
000000000000000000000000000000000000000000000000000000000000000000000000
000000000000000000000000000000000000000000000000000000000000000000000000
000000000000000000000000000000000000000000000000000000000000000000000000
000000000000000000000000000000000000000000000000000000000000000000000000
000000000000000000000000000000000000000000000000000000000000000000000000
000000000000000000000000000000000000000000000000000000000000000000000000
000000000000000000000000000000000000000000000000000000000000000000000000
000000000000000000000000000000000000000000000000000000000000000000000000
000000000000000000000000000000000000000000000000000000000000000000000000
000000000000000000000000000000000000000000000000000000000000000000000000
000000000000000000000000000000000000000000000000000000000000000000000000
000000000000000000000000000000000000000000000000000000000000000000000000
000000000000000000000000000000000000000000000000000000000000000110000000
000000000000000000000000000000000000000000000000000000000000011110000000
000000000000000000000000000000000000000000000000000000000000011110000000
000000000000000000000000000000000000000000000000000000000000011110000000
000000000000000000000000000000000000000000000000000000000000011110000000
000000000000000000000000000000000000000000000000000000000000011110000000
000000000000000000000000000000000000000000000000000000000000011110000000
000001111111000000000000000011111111000000000000000000000000011110000000
000011111111110000000000001111111111111000000000000000000000011110000000
001111111111111000000000011100000001111000000000000000000001111111111111
011100000111111100000000111000000000111000000000000000000111111111111110
110000000001111110000000111000000000011000000000000000000000111110000000
100000000000111111000001110000000000010000000000000000000000011110000000
000000000000011111000001111000000000010000000000000000000000011110000000
000000000000001111000001111000000000000000000000000000000000011110000000
000000000000001111100001111100000000000000000000000000000000011110000000
000000000000001111100001111111110000000000000000000000000000011110000000
000000000000001111100000111111111111000000000000000000000000011110000000
000000000000001111100000011111111111110000000000000000000000011110000000
000000000000001111000000000111111111111000000000000000000000011110000000
000000000000001111000000000000111111111100000000000000000000011110000000
000000000000001111000000000000000011111100000000000000000000011110000000
000000000000001110000000000000000000111110000000000000000000011110000000
000000000000011110000001100000000000011110000000000000000000011110000000
000000000000011100000001100000000000011100000000000000000000011110000000
000000000000111000000001100000000000011100000000000000000000011110000000
100000000001110000000001100000000000111100000000000000000000011110000000
111000000011100000000001110000000000111000000000000000000000011111000110
111111111110000000000001111000000001110000000000000000000000011111111100
111111111100000000000001111111111111100000000000000000000000001111111100
001111110000000000000000111111111100000000000000000000000000000011110000
000000000000000000000000000000000000000000000000000000000000000000000000
000000000000000000000000000000000000000000000000000000000000000000000000
000000000000000000000000000000000000000000000000000000000000000000000000
000000000000000000000000000000000000000000000000000000000000000000000000
000000000000000000000000000000000000000000000000000000000000000000000000
000000000000000000000000000000000000000000000000000000000000000000000000
000000000000000000000000000000000000000000000000000000000000000000000000
000000000000000000000000000000000000000000000000000000000000000000000000
000000000000000000000000000000000000000000000000000000000000000000000000
000000000000000000000000000000000000000000000000000000000000000000000000
000000000000000000000000000000000000000000000000000000000000000000000000
100000000000000000000000000000000000000000000000000000000000000000000000
111100000000000000000000000000000000000000000000000000000000000000000000
000000000000000000000000000000000000000000000000000000000000000000000000
000000000000000000000000000000000000000000000000000000000000000000000000
000000000000000000000000000000000000000000000000000000000000000000000000
000000000000000000000000000000000000000000000000000000000000000000000000
000000000000000000000000000000000000000000000000000000000000000000000000
000000000000000000000000000000000000000000000000000000000000000000000000
