000000000000000000000000000000000000000000000000000000000000000000000000
000000000000000000000000000000000000000000000000000000000000000000000000
000000000000000000000000000000000000000000000000000000000000000000000000
000000000000000000000000000000000000000000000000000000000000000000000000
000000000000000000000000000000000000000000000000000000000000000000000000
000000000000000000000000000000000000000000000000000000000000000000000000
000000000000000000000000000000000000000000000000000000000000000000000000
000000000000000000000000000000000000000000000000000000000000000000000000
000000000000000000000000000000000000000000000000000000000000000000000000
000000000000000000000000000000000000000000000000000000000000000000000000
000000000000000000000000000000000000000000000000000000000000000000000000
000000000000000000000000000000000000000000000000000000000000000000000000
000000000000000000000000000000000000000000000000000000000000000000000000
000000000000000000000000000000000000000000000000000000000000000000000000
000000000000000000000000000000000000000000000000000000000000000000000000
000000000000000000000000000000000000000000000000000000000000000000000000
000000000000000000000000000000000000000000000000000000000000000000000000
000000000000000000000000000000000000000000000000000000000000000000000000
000000000000000000000000000000010000000000000000000000000000000000000000
000000000000000000000000000111111000000000000000000000000000000000000000
000000000000000000000000111111111000000000000000000000000000000000000000
000000000000000000000000000011111000000000000000000000000000000000000000
000000000000000000000000000011111000000000000000000000000000000000000000
000000000000000010000000000011111000000000000000000000000000000000000000
000000000000001110000000000011111000000000000000000000000000000000000000
000000000000011110000000000011111000000000000000000000000000000000000000
000000000000011110000000000011111000000000000000000000000000000000000000
000000000000011110000000000011111000000000000000000000000000000000000000
000000000000011110000000000011111000000000000000000000000000000000000000
000000000000011110000000000011111000000000000000000000000000000000000000
000000000000011110000000000011111000000000000000000000000000000000000000
000000000000011110000000000011111000011111110000000000000000000111111000
000000000000011110000000000011111000111111111100000000000000111111111111
000000000001111111111110000011111001111111111110000000000001110000001111
000000000111111111111110000011111011000001111111000000000011100000000111
000000000000111110000000000011111110000000011111000000000111000000000011
000000000000011110000000000011111000000000011111000000001111000000000011
000000000000011110000000000011111000000000001111000000011110000000000011
000000000000011110000000000011111000000000001111000000011110000000000001
000000000000011110000000000011111000000000001111100000011110000000000001
000000000000011110000000000011111000000000001111100000111110000000000001
000000000000011110000000000011111000000000001111100000111111111111111111
000000000000011110000000000011111000000000001111100000111111111111111111
000000000000011110000000000011111000000000001111100000111110000000000000
000000000000011110000000000011111000000000001111100000111110000000000000
000000000000011110000000000011111000000000001111100000111110000000000000
000000000000011110000000000011111000000000001111100000011110000000000000
000000000000011110000000000011111000000000001111100000011111000000000000
000000000000011110000000000011111000000000001111100000011111000000000000
000000000000011110000000000011111000000000001111100000011111100000000000
000000000000011110000000000011111000000000001111100000001111110000000000
000000000000011111000110000011111000000000001111100000000111111000000000
000000000000011111111100000011111000000000001111100000000011111111000111
000000000000001111111000111111111111100000001111111100000001111111111111
000000000000000011110000000000000000000000000000000000000000011111111100
000000000000000000000000000000000000000000000000000000000000000000000000
000000000000000000000000000000000000000000000000000000000000000000000000
000000000000000000000000000000000000000000000000000000000000000000000000
000000000000000000000000000000000000000000000000000000000000000000000000
000000000000000000000000000000000000000000000000000000000000000000000000
000000000000000000000000000000000000000000000000000000000000000000000000
000000000000000000000000000000000000000000000000000000000000000000000000
000000000000000000000000000000000000000000000000000000000000000000000000
000000000000000000000000000000000000000000000000000000000000000000000000
000000000000000000000000000000000000000000000000000000000000000000000000
000000000000000000000000000000000000000000000000000000000000000000000000
000000000000000000000000000000000000000000000000000000000000000000000000
000000000000000000000000000000000000000000000000000000000000000000000000
000000000000000000000000000000000000000000000000000000000000000000000000
000000000000000000000000000000000000000000000000000000000000000000000000
000000000000000000000000000000000000000000000000000000000000000000000000
000000000000000000000000000000000000000000000000000000000000000000000000
000000000000000000000000000000000000000000000000000000000000000000000000
000000000000000000000000000000000000000000000000000000000000000000000000
000000000000000000000000000000000000000000000000000000000000000000000000
000000000000000000000000000000000000000000000000000000000000000000000000
000000000000000000000000000000000000000000000000000000000000000000000000
000000000000000000000000000000000000000000000000000000000000000000000000
000000000000000000000000000000000000000000000000000000000000000000000000
000000000000000000000000000000000000000000000000000000000000000000000000
000000000000000000000000000000000000000000000000000000000000000000000000
000000000000000000000000000000000000000000000000000000000000000000000000
000000000000000000000000000000000000000000000000000000000000000000000000
000000000000000000000000000000000000000000000000000000000000000000000000
000000000000000000000000000000000000000000000000000000000000000000000000
000000000000000000000000000000000000000000000000000000000000000000000000
000000000000000000000000000000000000000000000000000000000000000000000000
000000000000000000000000000000000000000000000000000000000000000000000000
000000000000000000000000000000000000000000000000000000000000000000000000
000000000000000000000000000000000000000000000000000000000000000000000000
000000000000000000000000000000000000000000000000000000000000000000000000
000000000000000000000000000000000000000000000000000000000000000000000000
000000000000000000000000000000000000000000000000000000000000000000000000
000000000000000000000000000000000000000000000000000000000000000000000000
000000000000111110000000000000001000000111110000000000000000001111111000
000000000111111111100000000001111100011111111110000000000001111111111110
000000011110000011111000011111111100111111111111000000000011100000001111
000000111000000001111100001111111101110000111111000000000111000000000110
000001110000000000111100000001111111000000011111100000001110000000000010
000011110000000000111110000001111110000000001111100000001110000000000010
000011110000000000011110000001111100000000000111100000001110000000000010
000111100000000000011110000001111100000000000111110000001111000000000000
000111100000000000011110000001111100000000000111110000001111100000000000
000111100000000000011110000001111100000000000111110000001111111100000000
000111111111111111111110000001111100000000000111110000000111111111110000
001111111111111111111100000001111100000000000111110000000011111111111110
001111100000000000000000000001111100000000000111110000000001111111111111
001111100000000000000000000001111100000000000111110000000000001111111111
000111100000000000000000000001111100000000000111110000000000000000111111
000111110000000000000000000001111100000000000111110000000000000000000111
000111110000000000000000000001111100000000000111110000001000000000000111
000111110000000000000000000001111100000000000111110000001100000000000011
000011111000000000000000000001111100000000000111110000001100000000000011
000011111100000000000000000001111100000000000111110000001100000000000111
000001111110000000001110000001111100000000000111110000001100000000000111
000000111111100000111100000001111100000000000111110000001110000000001110
100000011111111111111000011111111111110000000111111110001111110001111100
000000000111111111000000001110000011100000000011000110001111111111110000
000000000000000000000000000000000000000000000000000000000000000000000000
000000000000000000000000000000000000000000000000000000000000000000000000
000000000000000000000000000000000000000000000000000000000000000000000000
000000000000000000000000000000000000000000000000000000000000000000000000
000000000000000000000000000000000000000000000000000000000000000000000000
000000000000000000000000000000000000000000000000000000000000000000000000
000000000000000000000000000000000000000000000000000000000000000000000000
000000000000000000000000000000000000000000000000000000000000000000000000
000000000000000000000000000000000000000000000000000000000000000000000000
000000000000000000000000000000000000000000000000000000000000000000000000
000000000000000000000000000000000000000000000000000000000000000000000000
000000000000000000000000000000000000000000000000000000000000000000000000
000000000000000000000000000000000000000000000000000000000000000000000000
000000000000000000000000000000000000000000000000000000000000000000000000
000000000000000000000000000000000000000000000000000000000000000000000000
000000000000000000000000000000000000000000000000000000000000000000000000
000000000000000000000000000000000000000000000000000000000000000000000000
000000000000000000000000000000000000000000000000000000000000000000000000
000000000000000000000000000000000000000000000000000000000000000000000000
000000000000000000000000000000000000000000000000000000000000000000000000
000000000000000000000000000000000000000000000000000000000000000000000000
000000000000000000000000000000000000000000000000000000000000000000000000
000000000000000000000000000000000000000000000000000000000000000000000000
000000000000000000000000000000000000000000000000000000000000000000000000
000000000000000000000000000000000000000000000000000000000000000000000000
000000000000000000000000000000000000000000000000000000000000000000000000
000000000000000000000000000000000000000000000000000000000000000000000000
000000000000000000000000000000000000000000000000000000000000000000000000
000000000000000000000000000000000000000000000000000000000000000000000000
000000000000000000000000000000000000000000000000000000000000000000000000
000000000000000000000000000000000000000000000000000000000000000000000000
000000000000000000000000000000000000000000000000000000000000000000000000
000000000000000000000000000000000000000000000000000000000000000000000000
000000000000000000000000000000000000000000000000000000000000000000000000
000000000000000000000000000000000000000000000000000000000000000000000000
000000000000000000000000000000000000000000000000000000000000000000000000
000000000000000000000000000000000000000000000000000000000000000000000000
000000000000000000000000000000000000000000000000000000000000000000000000
000000000000000000000000000000000000000000000000000000000000000000000000
000000000000000000010000000000000000000011110000000000011110000000000000
111100000000000011110000000000111110001111111100000001111111100000000000
111100000000111111110000000111111110011111111111000011111111110000000011
111100000000111111110000001111111110111100111111000111100111111000000011
111100000000000011110000000000111111100000011111101100000011111100000000
111100000000000011110000000000111111000000001111111000000001111100000000
111100000000000011110000000000111110000000000111110000000000111100000000
111100000000000011110000000000111110000000000111110000000000111100000000
111100000000000011110000000000111110000000000111100000000000111100000000
111100000000000011110000000000111110000000000111100000000000111100000000
111100000000000011110000000000111110000000000111100000000000111100000000
111100000000000011110000000000111110000000000111100000000000111100000000
111100000000000011110000000000111110000000000111100000000000111100000000
111100000000000011110000000000111110000000000111100000000000111100000000
111100000000000011110000000000111110000000000111100000000000111100000000
111100000000000011110000000000111110000000000111100000000000111100000000
111110000000000011110000000000111110000000000111100000000000111100000000
111110000000000011110000000000111110000000000111100000000000111100000000
111110000000000111110000000000111110000000000111100000000000111100000000
011110000000001111110000000000111110000000000111110000000000111100000000
011111000000111011110000000000111110000000000111110000000000111110000000
011111111111110011111000000000111110000000000111110000000000111110000000
