000000000000000000000000000000000000000000000000000000000000011111110000
000000000000000000000000000000000000000000000000000000000000011111100000
000000000000000000000000000000000000000000000000000000000000011111000000
000000000000000000000000000000000000000000000000000000000000000000000000
000000000000000000000000000000000000000000000000000000000000000000000000
000000000000000000000000000000000000000000000000000000000000000000000000
000000000000000000000000000000000000000000000000000000000000000000000000
000000000000000000000000000000000000000000000000000000000000000000000000
000000000000000000000000000000000000000000000000000000000000000000000000
000000000000000000000000000000000000000000000000000000000000000000000000
000000000000000000000000000000000000000000000000000000000000000000000000
000000000000000000000000000000000000000000000000000000000000000000000000
000000000000000000000000000000000000000000000000000000000000000000000000
000000000000000000000000000000000000000000000000000000000000000000000000
000000000000000000000000000000000000000000000000000000000000000000000000
000000000000000000000000000000000000000000000000000000000000000000000000
000000000000000000000000000000000000000000000000000000000000000000000000
000000000000000000000000000000000000000000000000000000000000000000000000
000000000001000000000000000000000000000000000000000000000000000000000000
000000011111000000000000000000000000000000000000000000000000000000000000
000011111111000000000000000000000000000000000000000000000000000000000000
000000011111000000000000000000000000000000000000000000000000000000000000
000000001111000000000000000000000000000000000000000000000000000000000000
000000001111000000000000000000000000000000000000000000000000000000000000
000000001111000000000000000000000000000000000000000000000000000000000000
000000001111000000000000000000000000000000000000000000000000000000000000
000000001111000000000000000000000000000000000000000000000000000000000000
000000001111000000000000000000000000000000000000000000000000000000000000
000000001111000000000000000000000000000000000000000000000000000000000000
000000001111000000000000000000000000000000000000000000000000000000000000
000000001111000000000000000000000000000000000000000000000000000000000000
000000001111000001111111000000000000000000011111100000000000000011111111
110000001111000011111111110000000000000011111111111000000000011111111111
110000001111001111111111110000000000001111000000111100000000111000000011
110000001111011100000111111000000000011110000000011110000001110000000000
110000001111110000000011111100000000111100000000001111000001110000000000
110000001111100000000001111100000000111000000000001111000001110000000000
100000001111100000000000111100000001111000000000001111100011110000000000
100000001111000000000000111100000001111000000000001111100011111000000000
000000001111000000000000111100000011111000000000001111100001111100000000
000000001111000000000000111100000011111000000000001111100001111111100000
000000001111000000000000111100000011111111111111111111100001111111111110
000000001111000000000000111100000011111111111111111100000000011111111111
000000001111000000000000111100000011111000000000000000000000001111111111
000000001111000000000000111100000011111000000000000000000000000001111111
000000001111000000000000111100000011111000000000000000000000000000000011
000000001111000000000000111100000011111000000000000000000000000000000001
000000001111000000000000111100000001111000000000000000000001000000000000
000000001111000000000000111100000001111100000000000000000001000000000000
000000001111000000000000111100000001111110000000000000000001000000000000
000000001111000000000000111100000000111110000000000001000011000000000000
010000001111000000000000111100000000111111100000000011000011100000000001
110000011111100000000000111110000000011111111100011110000011110000000011
100011111111111100000000111111110000000111111111111100000011111111111111
000000000000000000000000000000000000000001111111100000000001111111111000
000000000000000000000000000000000000000000000000000000000000000000000000
000000000000000000000000000000000000000000000000000000000000000000000000
000000000000000000000000000000000000000000000000000000000000000000000000
000000000000000000000000000000000000000000000000000000000000000000000000
000000000000000000000000000000000000000000000000000000000000000000000000
000000000000000000000000000000000000000000000000000000000000000000000000
000000000000000000000000000000000000000000000000000000000000000000000000
000000000000000000000000000000000000000000000000000000000000000000000000
000000000000000000000000000000000000000000000000000000000000000000000000
000000000000000000000000000000000000000000000000000000000000000000000000
000000000000000000000000000000000000000000000000000000000000000000000000
000000000000000000000000000000000000000000000000000000000000000000000000
000000000000000000000000000000000000000000000000000000000000000000000000
000000000000000000000000000000000000000000000000000000000000000000000000
000000000000000000000000000000000000000000000000000000000000000000000000
000000000000000000000000000000000000000000000000000000000000000000000000
000000000000000000000000000000000000000000000000000000000000000000000000
000000000000000000000000000000000000000000000000000000000000000000000000
000000000000000000000000000000000000000000000000000000000000000000000000
000000000000000000000000000000000000000000000000000000000000000000000000
000000000000000000000000000000000000000000000000000000000000000000000000
000000000000000000000000000000000000000000000000000000000000000000000000
000000000000000000000000000000000000000000000000000000000000000000000000
000000000000000000000000000000000000000000000000000000000000000000000000
000000000000000000000000000000000000000000000000000000000000000000000000
000000000000000000000000000000000000000000000000000000000000000000000000
000000000000000000000000000000000000000000000000000000000000000000000000
000000000000000000000000000000100000000000000000000000000000000000000000
000000000000000000000000001111100000000000000000000000000000000000000000
000000000000000000000000001111100000000000000000000000000000000000000000
000000000000000000000000001111000000000000000000000000000000000000000000
000000000000000000000000011111000000000000000000000000000000000000000000
000000000000000000000000011110000000000001100000000000000000000000000000
000000000000000000000000011100000000000111100000000000000000000000000000
000000000000000000000000111100000000001111100000000000000000000000000000
000000000000000000000000111000000000001111100000000000000000000000000000
000000000000000000000000111000000000001111100000000000000000000000000000
000000000000000000000001110000000000001111100000000000000000000000000000
000000000000000000000001100000000000001111100000000000000000000000000000
000001111100000000000011000000000000001111100000000000000000000000000000
000111111111000000000000000000000000001111100000000000000000000000000000
001111111111100000000000000000000000011111111111100000000000000000000011
011100011111110000000000000000000001111111111111100000000000000000000111
110000000111111000000000000000000001101111100000000000000000000000011110
000000000011111000000000000000000000001111100000000000000000000000111100
000000000001111000000000000000000000001111100000000000000000000000111000
000000000001111000000000000000000000001111100000000000000000000001111000
000000000001111000000000000000000000001111100000000000000000000001111000
000000000001111000000000000000000000001111100000000000000000000011110000
000000000001111000000000000000000000001111100000000000000000000011110000
000000000001111000000000000000000000001111100000000000000000000011110000
000000000001111000000000000000000000001111100000000000000000000011110000
000000000001111000000000000000000000001111100000000000000000000011111000
000000000001111000000000000000000000001111100000000000000000000011111000
000000000001111000000000000000000000001111100000000000000000000011111000
000000000001111000000000000000000000001111100000000000000000000011111000
000000000001111000000000000000000000001111100000000000000000000001111100
000000000001111000000000000000000000001111100000000000000000000001111110
000000000001111000000000000000000000001111100000000000000000000000111110
000000000001111000000000000000000000000111110001100000000000000000011111
000000000001111100000000000000000000000111111111000000000000000000011111
111000000001111111100000000000000000000011111110000000000000000000000111
111000000001110001100000000000000000000001111100000000000000000000000001
000000000000000000000000000000000000000000000000000000000000000000000000
000000000000000000000000000000000000000000000000000000000000000000000000
000000000000000000000000000000000000000000000000000000000000000000000000
000000000000000000000000000000000000000000000000000000000000000000000000
000000000000000000000000000000000000000000000000000000000000000000000000
000000000000000000000000000000000000000000000000000000000000000000000000
000000000000000000000000000000000000000000000000000000000000000000000000
000000000000000000000000000000000000000000000000000000000000000000000000
000000000000000000000000000000000000000000000000000000000000000000000000
000000000000000000000000000000000000000000000000000000000000000000000000
000000000000000000000000000000000000000000000000000000000000000000000000
000000000000000000000000000000000000000000000000000000000000000000000000
000000000000000000000000000000000000000000000000000000000000000000000000
000000000000000000000000000000000000000000000000000000000000000000000000
000000000000000000000000000000000000000000000000000000000000000000000000
000000000000000000000000000000000000000000000000000000000000000000000000
000000000000000000000000000000000000000000000000000000000000000000000000
000000000000000000000000000000000000000000000000000000000000000000000000
000000000000000000000000000000000000000000000000000000000000000000000000
000000000000000000000000000000000000000000000000000000000000000000000000
000000000000000000000000000000000000000000000000000000000000000000000000
000000000000000000000000000000000000000000000000000000000000000000000000
000000000000000000000000000000000000000000000000000000000000000000000000
000000000000000000000000000000000000000000000000000000000000000000000000
000000000000000000000000000000000000000000000000000000000000000000000000
000000000000000000000000000000000000000000000000000000000000000000000000
000000000000000000000000000000000000000000000000000000000000000000000000
000000000000000000000000000000000000000000000001111000000000000000000000
000000000000000000000000000000000000000000011111111000000000000000000000
000000000000000000000000000000000000000000011111111000000000000000000000
000000000000000000000000000000000000000000000001111000000000000000000000
000000000000000000000000000000000000000000000001111000000000000000000000
000000000000000000000000000000000000000000000001111000000000000000000000
000000000000000000000000000000000000000000000001111000000000000000000000
000000000000000000000000000000000000000000000001111000000000000000000000
000000000000000000000000000000000000000000000001111000000000000000000000
000000000000000000000000000000000000000000000001111000000000000000000000
000000000000000000000000000000000000000000000001111000000000000000000000
000000000000000000000000000000000000000000000001111000000000000000000000
000000000000000000000000000000000000000111100001111000000000000000000111
011111111100000000000000000000000000011111111101111000000000000001111111
000111111000000000000000000000000001111111111111111000000000000011100000
000011110000000000000000000000000111000000011111111000000000001111000000
000011100000000000000000000000001110000000000111111000000000011110000000
000011000000000000000000000000011100000000000001111000000000011100000000
000011000000000000000000000000111100000000000001111000000000111100000000
000111000000000000000000000001111000000000000001111000000000111100000000
000110000000000000000000000001111000000000000001111000000001111000000000
000110000000000000000000000001111000000000000001111000000001111000000000
001100000000000000000000000011111000000000000001111000000001111000000000
001100000000000000000000000011111000000000000001111000000001111000000000
011000000000000000000000000011111000000000000001111000000001111000000000
011000000000000000000000000011111000000000000001111000000001111000000000
010000000000000000000000000011111000000000000001111000000001111000000000
110000000000000000000000000011111000000000000001111000000001111100000000
110000000000000000000000000001111100000000000001111000000001111100000000
100000000000000000000000000001111100000000000011111000000001111100000000
100000000000000000000000000001111110000000000011111000000000111110000000
100000000000000000000000000000111111000000000111111000000000111110000000
000000000000000000000000000000111111100000011101111000000000011111000000
000000000000000000000000000000011111111111111001111100000000001111100000
