000000000000000000000000000000000000000000000000000000000000000000000000
000000000000000000000000000000000000000000000000000000000000000000000000
000000000000000000000000000000000000000000000000000000000000000000000000
000000000000000000000000000000000000000000000000000000000000000000000000
000000000000000000000000000000000000000000000000000000000000000000000000
000000000000000000000000000000000000000000000000000000000000000000000000
000000000000000000000000000000000000000000000000000000000000000000000000
000000000000000000000000000000000000000000000000000000000000000000000000
000000000000000000000000000000000000000000000000000000000000000000000000
000000000000000000000000000000000000000000000000000000000000000000000000
000000000000000000000000000000000000000000000000000000000000000000000000
000000000000000000000000000000000000000000000000000000000000000000000000
000000000000000000000000000000000000000000000000000000000000000000000000
000000000001110000000000000000000000000000000000000000000000000000000000
000000000111110000000000000000000000000000000000000000000000000000000000
000000000111110000000000000000000000000000000000000000000000000000000000
000000000111100000000000000000000000000000000000000000000000000000000000
000000000111100000000000000000000000000000000000000000000000000000000000
000000000111100000000000000000000000000000000000000000000000000000000000
000000000111100000000000000000000000000000000000000000000000000000000000
000000000111100000000000000000000000000000000000111111000000000000100000
110000000111100000000000000000000000000000000111111111110000001111100000
000000001111111111110000000000000000000000011111111111111001111111100000
000000111111111111110000000000000000000000111000000011110000111111100000
000000100111110000000000000000000000000001110000000000110000000111100000
000000000111100000000000000000000000000011100000000000110000000111100000
000000000111100000000000000000000000000111100000000000010000000111100000
000000000111100000000000000000000000000111000000000000010000000111100000
000000000111100000000000000000000000001111000000000000000000000111100000
000000000111100000000000000000000000001111000000000000000000000111100000
000000000111100000000000000000000000001111000000000000000000000111100000
000000000111100000000000000000000000001111000000000000000000000111100000
000000000111100000000000000000000000001111000000000000000000000111100000
000000000111100000000000000000000000001111000000000000000000000111100000
000000000111100000000000000000000000001111000000000000000000000111100000
000000000111100000000000000000000000001111100000000000000000000111100000
000000000111100000000000000000000000001111100000000000000000000111100000
000000000111100000000000000000000000001111100000000000000000000111110000
000000000111100000000000000000000000000111110000000000000000000111110000
000000000111110000000000000000000000000111111000000000000000000011111000
000000000111111000100000000000000000000011111100000000000000000011111100
100000000011111111100000000000000000000001111111100001111000000011111111
111000000011111111000000000000000000000000111111111111110000000001111111
001000000000111110000000000000000000000000001111111111000000000000011111
000000000000000000000000000000000000000000000000000000000000000000000000
000000000000000000000000000000000000000000000000000000000000000000000000
000000000000000000000000000000000000000000000000000000000000000000000000
000000000000000000000000000000000000000000000000000000000000000000000000
000000000000000000000000000000000000000000000000000000000000000000000000
000000000000000000000000000000000000000000000000000000000000000000000000
000000000000000000000000000000000000000000000000000000000000000000000000
000000000000000000000000000000000000000000000000000000000000000000000000
000000000000000000000000000000000000000000000000000000000000000000000000
000000000000000000000000000000000000000000000000000000000000000000000000
000000000000000000000000000000000000000000000000000000000000000000000000
000000000000000000000000000000000000000000000000000000000000000000000000
000000000000000000000000000000000000000000000000000000000000000000000000
000000000000000000000000000000000000000000000000000000000000000000000000
000000000000000000000000000000000000000000000000000000000000000000000000
000000000000000000000000000000000000000000000000000000000000000000000000
000000000000000000000000000000000000000000000000000000000000000000000000
000000000000000000000000000000000000000000000000000000000000000000000000
000000000000000000000000000000000000000000000000000000000000000000000000
000000000000000000000000000000000000000000000000000000000000000000000000
000000000000000000000000000000000000000000000000000000000000000000000000
000000000000000000000000000000000000000000000000000000000000000000000000
000000000000000000000000000000000000000000000000000000000000000000000000
000000000000000000000000000000000000000000000000000000000000000000000000
000000000000000000000000000000000000000000000000000000000000000000000000
000000000000000000000000000000000000000000000000000000000000000000000000
000000000000000000000000000000000000000000000000000000000000000000000000
000000000000000000000000000000000000000000000000000000000000000000000000
000000000000000000000000000000000000000000000000000000000000000000000000
000000000000000000000000000000000000000000000000000000000000000000000000
000000000000000000000000000000000000000000000000000000000000000000000000
000000000000000000000000000000000000000000000000000000000000000000000000
000000000000000000000000000000000000000000000000000000000000000000000000
000000000000000000000000000000000000000000000000000000000000000000000000
000000000000000000000000000000000000000000000000000000000000000000000000
000000000000000000000000000000000000000000000000000000000000000000000000
000000000000000000000000000000000000000000000000000000000000000000000000
000000000000000000000000000000000000000000000000000000000000000000000000
000000000000000000000000000000000000000000000000000000000000000000000000
000000000000000000000000000000111100000000000000000000000111100000000000
000000000000000000000000000111111111100000000000000000111111111100000000
000000000000000000000000011100001111111111111000000011110000011110000000
000000000000000000000000111000000011111111111000000111000000001111000000
000000000000000000000001110000000001111111110000001110000000000111100001
000000000000000000000011110000000001111100000000011110000000000111100000
000000000000000000000011100000000000111100000000011100000000000111110000
000000000000000000000111100000000000111100000000111100000000000011110000
000000000000000000000111100000000000111100000000111100000000000011110000
000000000000000000000111100000000000111100000000111100000000000011110000
000000000000000000000111110000000000111100000001111111111111111111110000
000000000000000000000111110000000001111000000001111111111111111111110000
000000000000000000000011111000000001110000000001111100000000000000000000
000000000000000000000001111100000011100000000001111100000000000000000000
000000000000000000000001111111111111000000000001111100000000000000000000
000000000000000000000000011111111000000000000000111100000000000000000000
000000000000000000000000001100000000000000000000111110000000000000000000
000000000000000000000000011000000000000000000000111110000000000000000000
000000000000000000000000111000000000000000000000111111000000000000000000
000000000000000000000001111000000000000000000000011111000000000000000000
000000000000000000000011111100000000000000000000011111110000000000110000
000000000000000000000011111111111111111110000000001111111100000111100000
000000000000000000000001111111111111111111000000000011111111111111000000
000000000000000000000000111111111111111111100000000001111111111100000000
000000000000000000000000011110000001111111110000000000000111000000000000
000000000000000000000001110000000000000111110000000000000000000000000000
000000000000000000000111100000000000000011110000000000000000000000000000
000000000000000000000111000000000000000011110000000000000000000000000000
000000000000000000001111000000000000000011110000000000000000000000000000
000000000000000000001111000000000000000011110000000000000000000000000000
000000000000000000001111000000000000000011100000000000000000000000000000
000000000000000000001111000000000000000111100000000000000000000000000000
000000000000000000001111000000000000000111000000000000000000000000000000
000000000000000000000111100000000000001110000000000000000000000000000000
000000000000000000000011110000000000011100000000000000000000000000000000
000000000000000000000001111100000001111000000000000000000000000000000000
000000000000000000000000111111111111100000000000000000000000000000000000
000000000000000000000000000011111000000000000000000000000000000000000000
000000000000000000000000000000000000000000000000000000000000000000000000
000000000000000000000000000000000000000000000000000000000000000000000000
000000000000000000000000000000000000000000000000000000000000000000000000
000000000000000000000000000000000000000000000000000000000000000000000000
000000000000000000000000000000000000000000000000000000000000000000000000
000000000000000000000000000000000000000000000000000000000000000000000000
000000000000000000000000000000000000000000000000000000000000000000000000
000000000000000000000000000000000000000000000000000000000000000000000000
000000000000000000000000000000000000000000000000000000000000000000000000
000000000000000000000000000000000000000000000000000000000000000000000000
000000000000000000000000000000000000000000000000000000000000000000000000
000000000000000000000000000000000000000000000000000000000000000000000000
000000000000000000000000000000000000000000000000000000000000000000000000
000000000000000000000000000000000000000000000000000000000000000000000000
000000000000000000000000000000000000000000000000000000000000000000000000
000000000000000000000000000000000000000000000000000000000000000000000000
000000000000000000000000000000000000000000000000000000000000000000000000
000000000000000000000000000000000000000000000000000000000000000000000000
000000000000000000000000000000000000000000000000000000000000000000000000
000000000000000000000000000000000000000000000000000000000000000000000000
000000000000000000000000000000000000000000000000000000000000000000000000
000000000000000000000000000000000000000000000000000000000000000000000000
000000000000000000000000000000000000000000000000000000000000000000000000
000000000000000000000000000000000000000000000000000000000000000000000000
000000000000000000000000000000000000000000000000000000000000000000000000
000000000000000000000000000000000000000000000000000000000000000000000000
111111100000000000000000000000111111111100000000000001111111111100000000
001111100000000000000000000011111111111110000000000011100000111110000000
000011100000000000000000000111000001111110000000000111000000001110000000
000001100000000000000000001110000000011111000000001110000000000110000000
000000100000000000000000001100000000001111000000001110000000000110000000
000000100000000000000000001100000000001111000000011110000000000110000000
000000000000000000000000000000000000001111100000011110000000000000000000
000000000000000000000000000000000000000111100000011111000000000000000000
000000000000000000000000000000000000001111100000001111110000000000000000
110000000000000000000000000000000111111111100000001111111111000000000000
111111000000000000000000000000111111000111100000000111111111111000000000
111111100000000000000000000011110000000111100000000011111111111110000000
111111110000000000000000001111000000000111100000000000111111111111000000
111111111000000000000000011111000000000111100000000000000011111111100000
000011111000000000000000011110000000000111100000000000000000001111100000
000001111000000000000000111110000000000111100000000000000000000111100000
000001111000000000000000111110000000000111100000001000000000000111100000
000001111000000000000000111110000000001111100000001000000000000111100000
000001110000000000000000111110000000011111100000011000000000000111000000
000001110000000000000000011111000001110111100000011100000000000111000000
000011100000000000000000011111100111000111100000011100000000001110000000
001111000000000000000000001111111110000111111100011111000000111100000000
111100000000000000000000000111111000000111111100011111111111110000000000
100000000000000000000000000000000000000000000000000011111110000000000000
000000000000000000000000000000000000000000000000000000000000000000000000
000000000000000000000000000000000000000000000000000000000000000000000000
000000000000000000000000000000000000000000000000000000000000000000000000
000000000000000000000000000000000000000000000000000000000000000000000000
000000000000000000000000000000000000000000000000000000000000000000000000
000000000000000000000000000000000000000000000000000000000000000000000000
000000000000000000000000000000000000000000000000000000000000000000000000
000000000000000000000000000000000000000000000000000000000000000000000000
