000000000000000111111111111111100000000000001111000111111000000001111111
000000000000011110000011111111100000000000111100000001111100000011111111
000000000001111000000000111111100000000001111000000000111110000000011111
000000000011110000000000001111100000000011110000000000011111000000001111
000000000011100000000000001111100000000011100000000000011111100000001111
000000000111100000000000001111100000000111100000000000001111100000001111
000000000111000000000000001111100000000111100000000000001111100000001111
000000001111000000000000001111100000001111100000000000000111110000001111
000000001111000000000000001111100000001111100000000000000111110000001111
000000001111000000000000001111100000001111100000000000000111110000001111
000000001111000000000000001111100000001111100000000000000111110000001111
000000001111000000000000001111100000001111100000000000000111110000001111
000000001111000000000000001111100000001111100000000000000111110000001111
000000001111100000000000001111100000001111100000000000000111110000001111
000000001111100000000000001111100000001111100000000000000111100000001111
000000001111100000000000001111100000000111110000000000000111100000001111
000000000111110000000000011111100000000111110000000000000111000000001111
000000000111111000000000111111100000000111110000000000001111000000001111
000000000011111100000001110111100000000011111000000000001110000000001111
000000000011111111000111000111100000000001111100000000011100000000001111
000000000001111111111110001111110000000000111110000000111000000000011111
000000000000011111111100001111111110000000011111111111100000000011111111
000000000000000011110000000000000000000000000111111110000000000000000000
000000000000000000000000000000000000000000000000000000000000000000000000
000000000000000000000000000000000000000000000000000000000000000000000000
000000000000000000000000000000000000000000000000000000000000000000000000
000000000000000000000000000000000000000000000000000000000000000000000000
000000000000000000000000000000000000000000000000000000000000000000000000
000000000000000000000000000000000000000000000000000000000000000000000000
000000000000000000000000000000000000000000000000000000000000000000000000
000000000000000000000000000000000000000000000000000000000000000000000000
000000000000000000000000000000000000000000000000000000000000000000000000
000000000000000000000000000000000000000000000000000000000000000000000000
000000000000000000000000000000000000000000000000000000000000000000000000
000000000000000000000000000000000000000000000000000000000000000000000000
000000000000000000000000000000000000000000000000000000000000000000000000
000000000000000000000000000000000000000000000000000000000000000000000000
000000000000000000000000000000000000000000000000000000000000000000000000
000000000000000000000000000000000000000000000000000000000000000000000000
000000000000000000000000000000000000000000000000000000000000000000000000
000000000000000000000000000000000000000000000000000000000000000000000000
000000000000000000000000000000000000000000000000000000000000000000000000
000000000000000000000000000000000000000000000000000000000000000000000000
000000000000000000000000000000000000000000000000000000000000000000000000
000000000000000000000000000000000000000000000000000000000000000000000000
000000000000000000000000000000000000000000000000000000000000000000000000
000000000000000000000000000000000000000000000000000000000000000000000000
000000000000000000000000000000000000000000000000000000000000000000000000
000000000000000000000000000000000000000000000000000000000000000000000000
000000000000000000000000000000000000000000000000000000000000000000000000
000000000000000000000000000000000000000000000000000000000000000000000000
000000000000000001000000000000000000000000000000000000000000000000000000
000000000000011111000000000000000000000000000000000000000000000000000000
000000000011111111000000000000000000000000000000000000000000000000000000
000000000000011111000000000000000000000000000000000000000000000000000000
000000000000001111000000000000000000000000000000000000000000000000000000
000000000000001111000000000000000000000000000000000000000000000000000000
000000000000001111000000000000000000000000000000000000000000000000000000
000000000000001111000000000000000000000000000000000000000000000000000000
000000000000001111000000000000000000000000000000000000000000000000000000
000000000000001111000000000000000000000000000000000000000000000000000000
000000000000001111000000000000000000000000000000000000000000000000000000
000000000000001111000000000000000000000000000000000000000000000000000000
000000000000001111000000000000000000000000000000000000000000000000000000
100000000000001111000000111111000000000000000000111111110000000000000000
111000000000001111000011111111110000000000000011111111111100000000000000
111110000000001111000111111111111000000000001111000000111111000000000000
011111000000001111001110000111111100000000011110000000001111100000000001
001111100000001111111000000001111110000000111100000000000111110000000011
001111100000001111110000000000111110000000111000000000000111110000000111
000111110000001111100000000000111110000001111000000000000011111000000111
000111110000001111000000000000011111000001111000000000000011111000001111
000011111000001111000000000000011111000011111000000000000011111000001111
000011111000001111000000000000011111000011110000000000000001111100001111
000011111000001111000000000000001111000011110000000000000001111100011111
000011111000001111000000000000001111000011110000000000000001111100011111
000011111000001111000000000000001111000011111000000000000001111100011111
000011111000001111000000000000001110000011111000000000000001111100011111
000011111000001111000000000000011110000011111000000000000001111000011111
000011111000001111000000000000011110000011111000000000000001111000011111
000011110000001111000000000000011100000011111000000000000001111000001111
000011110000001111000000000000111100000001111100000000000001110000001111
000011100000001111000000000000111000000001111100000000000011110000001111
000111100000001111100000000001110000000000111110000000000011100000000111
001111000000001111110000000011000000000000111111000000000111000000000011
011110000000001111111111111110000000000000011111100000001110000000000011
111000000000001101111111111100000000000000001111111000111100000000000000
100000000000001000011111110000000000000000000011111111110000000000000000
000000000000000000000000000000000000000000000000000000000000000000000000
000000000000000000000000000000000000000000000000000000000000000000000000
000000000000000000000000000000000000000000000000000000000000000000000000
000000000000000000000000000000000000000000000000000000000000000000000000
000000000000000000000000000000000000000000000000000000000000000000000000
000000000000000000000000000000000000000000000000000000000000000000000000
000000000000000000000000000000000000000000000000000000000000000000000000
000000000000000000000000000000000000000000000000000000000000000000000000
000000000000000000000000000000000000000000000000000000000000000000000000
000000000000000000000000000000000000000000000000000000000000000000000000
000000000000000000000000000000000000000000000000000000000000000000000000
000000000000000000000000000000000000000000000000000000000000000000000000
000000000000000000000000000000000000000000000000000000000000000000000000
000000000000000000000000000000000000000000000000000000000000000000000000
000000000000000000000000000000000000000000000000000000000000000000000000
000000000000000000000000000000000000000000000000000000000000000000000000
000000000000000000000000000000000000000000000000000000000000000000000000
000000000000000000000000000000000000000000000000000000000000000000000000
000000000000000000000000000000000000000000000000000000000000000000000000
000000000000000000000000000000000000000000000000000000000000000000000000
000000000000000000000000000000000000000000000000000000000000000000000000
000000000000000000000000000000000000000000000000000000000000000000000000
000000000000000000000000000000000000000000000000000000000000000000000000
000000000000000000000000000000000000000000000000000000000000000000000000
000000000000000000000000000000000000000000000000000000000000000000000000
000000000000000000000000000000000000000000000000000000000000000000000000
000000000000000000000000000000000000000000000000000000000000000000000000
000000000000000000000000000000000000000000000000000000000000000000000000
000000000000000000000000000000000000000000000000000000000000000000000000
000000000000000000000000000000000000000000000000000000000000000000000000
000000000000000000000000000000000000000000000000000000000000000000000000
000000000000000000000000000000000000000000000000000000000000000000000000
000000000000000000000000000000000000000000000001100000000000000000000000
000000000000000000000000000000000000000000000111100000000000000000000000
000000000000000000000000000000000000000000000111100000000000000000000000
000000000000000000000000000000000000000000000111100000000000000000000000
000000000000000000000000000000000000000000000111100000000000000000000000
000000000000000000000000000000000000000000000111100000000000000000000000
000000000000000000000000000000000000000000000111100000000000000000000000
000000000000000000100000011111000000000000000111100000000000000010000001
111000000000000111100001111111110000000000000111100000000000011110000111
111110000001111111100011111111111000000000001111111111110111111110001111
011111000001111111100111000111111100000001111111111111100111111110011111
001111100000000111111100000001111110000001111111111111100000011110111111
001111110000000111111000000000111110000000000111100000000000011111100000
000111110000000111110000000000011110000000000111100000000000011111100000
000011111000000111110000000000011110000000000111100000000000011111000000
000011111000000111100000000000011110000000000111100000000000011111000000
000011111000000111100000000000011110000000000111100000000000011110000000
000011111000000111100000000000011110000000000111100000000000011110000000
000001111000000111100000000000011110000000000111100000000000011110000000
000001111000000111100000000000011110000000000111100000000000011110000000
000001111000000111100000000000011110000000000111100000000000011110000000
000001111000000111100000000000011110000000000111100000000000011110000000
000001111000000111100000000000011110000000000111100000000000011110000000
000011110000000111100000000000011110000000000111100000000000011110000000
000011110000000111100000000000011110000000000111100000000000011110000000
000011110000000111100000000000011110000000000111100000000000011110000000
000111100000000111100000000000011110000000000111100000000000011110000000
000111000000000111110000000000011111000000000111110000100000011111000000
001110000000000111110000000000011111000000000111111111100000011111000000
111100000001111111111110000000011111111000000011111111000111111111111100
110000000001111111111110000000011111111000000001111110000111111111111100
000000000000000000000000000000000000000000000000000000000000000000000000
000000000000000000000000000000000000000000000000000000000000000000000000
000000000000000000000000000000000000000000000000000000000000000000000000
000000000000000000000000000000000000000000000000000000000000000000000000
000000000000000000000000000000000000000000000000000000000000000000000000
000000000000000000000000000000000000000000000000000000000000000000000000
000000000000000000000000000000000000000000000000000000000000000000000000
000000000000000000000000000000000000000000000000000000000000000000000000
000000000000000000000000000000000000000000000000000000000000000000000000
000000000000000000000000000000000000000000000000000000000000000000000000
000000000000000000000000000000000000000000000000000000000000000000000000
000000000000000000000000000000000000000000000000000000000000000000000000
000000000000000000000000000000000000000000000000000000000000000000000000
000000000000000000000000000000000000000000000000000000000000000000000000
000000000000000000000000000000000000000000000000000000000000000000000000
000000000000000000000000000000000000000000000000000000000000000000000000
000000000000000000000000000000000000000000000000000000000000000000000000
000000000000000000000000000000000000000000000000000000000000000000000000
000000000000000000000000000000000000000000000000000000000000000000000000
000000000000000000000000000000000000000000000000000000000000000000000000
000000000000000000000000000000000000000000000000000000000000000000000000
000000000000000000000000000000000000000000000000000000000000000000000000
000000000000000000000000000000000000000000000000000000000000000000000000
000000000000000000000000000000000000000000000000000000000000000000000000
000000000000000000000000000000000000000000000000000000000000000000000000
000000000000000000000000000000000000000000000000000000000000000000000000
000000000000000000000000000000000000000000000000000000000000000000000000
000000000000000000000000000000000000000000000000000000000000000000000000
