000000000000000000000000000000000000000000000000000000000000000000000000
000000000000000000000000000000000000000000000000000000000000000000000000
000000000000000000000000000000000000000000000000000000000000000000000000
000000000000000000000000000000000000000000000000000000000000000000000000
000000000000000000000000000000000000000000000000000000000000000000000000
000000000000000000000000000000000000000000000000000000000000000000000000
000000000000000000000000000000000000000000000000000000000000000000000000
000000000000000000000000000000000000000000000000000000000000000000000000
000000000000000000000000000000000000000000000000000000000000000000000000
000000000000000000000000000000000000000000000000000000000000000000000000
000000000000000000000000000000000000000000000000000000000000000000000000
000000000000000000000000000000000000000000000000000000000000000000000000
000000000000000000000000000000000000000000000000000000000000000000000000
000000000000000000000000000000000000000000000000000000000000000000000000
000000000000000000000000000000000000000000000000000000000000000000000000
000000000000000000000000000000000000000000000000000000000000000000000000
000000000000000000000000000000000000000000000000000000000000000000000000
000000000000000000000000000000000000000000000000000000000000000000000000
000000000000000000000000000000000000000000000000000000000000000000000000
000000000000000000000000000000000000000000000000000000000000000000000000
000000000000000000000000000000000000000000000000000000000000000000000000
000000000000000000000000000000000000000000000000000000000000000000000000
000000000000000000000000000000000000000000000000000000000000000000000000
000000000000000000000000000000000000000000000000000000000000000000000000
000000000000000000000000000000000000000000000000000000000000000000000000
000000000000000000000000000000000000000000000000000000000000000000000000
000000000000000000000000000000000000000000000000000000000000000000000000
000000000000000000000000000000000000000000000000000000000000000000000000
000000000000000000000000000000000000000000000000000000000000000000000000
000000000000000000000000000000000000000000000000000000000000000000000000
000000000000000000000000000000000000000000000000000000000000000000000000
000000000000000000000000000000000000000000000000000000000000000000000000
000000000000000000000000000000000000000000000000000000000000000000000000
000000000000000000000000000000000000000000000000000000000000000000000000
000000000000000000000000000000000000000000000000000000000000000000000000
000000000000000000000000000000000000000000000000000000000000000000000000
000000000000000000000000000000000000000000000000000000000000000000000000
000000000000000000000000000000000000000000000000000000000000000000000000
000000000000000000000000000000000000000000000000000000000000000000000000
000000000000000000000000000000000000000000000000000000000000000000000000
000000000000000000000000000000000000000000000000000000000000000000000000
000000000000000000000000000000000000000000000000000000000000000000000000
000000000000000000000000000000000000000000000000000000000000000000000000
000000000000000000000000000000000000000000000000000000000000000000000000
000000000000000000000000000000000000000000000000000000000000000000000000
000000000000000000000000000000000000000000000000000000000000000000000000
000000000000000000000000000000000000000000000000000000000000000000000000
000000000000000000000000000000000000000000000000000000000000000000000000
000000000000000000000000000000000000000000000000000000000000000000000000
001111100000000000000000000000000000100000000000000000000000000001111110
111111111000000011111111111000000001100000000011111111110000001111111111
100000111110000000111111000000000001110000000000111111000000011100000011
000000011111000000011111000000000011110000000000011110000000111000000000
000000001111000000011111000000000011111000000000011100000001110000000000
000000000111100000001111000000000011111000000000011100000001110000000000
000000000111100000001111000000000111111000000000011000000001110000000000
000000000111110000001111100000000111111100000000111000000001111000000000
000000000111110000000111100000001100111100000000110000000001111100000000
000000000111110000000111100000001100111110000000110000000001111111000000
111111111111110000000111110000011000011110000001100000000000111111111110
111111111111100000000011110000011000011110000001100000000000111111111111
000000000000000000000011110000011000011111000001000000000000001111111111
000000000000000000000011110000110000001111000011000000000000000011111111
000000000000000000000011111000110000001111000011000000000000000000001111
000000000000000000000001111001100000000111100110000000000000000000000001
000000000000000000000001111001100000000111100110000000000001000000000000
000000000000000000000001111111000000000111110100000000000001000000000000
000000000000000000000000111111000000000011111100000000000001000000000000
000000000000000000000000111111000000000011111100000000000001100000000000
100000000001100000000000111110000000000001111000000000000001100000000000
111000000111000000000000011110000000000001111000000000000001110000000001
111111111110000000000000011100000000000001111000000000000011111110001111
111111111000000000000000011100000000000000110000000000000001111111111110
001110000000000000000000000000000000000000000000000000000000000111100000
000000000000000000000000000000000000000000000000000000000000000000000000
000000000000000000000000000000000000000000000000000000000000000000000000
000000000000000000000000000000000000000000000000000000000000000000000000
000000000000000000000000000000000000000000000000000000000000000000000000
000000000000000000000000000000000000000000000000000000000000000000000000
000000000000000000000000000000000000000000000000000000000000000000000000
000000000000000000000000000000000000000000000000000000000000000000000000
000000000000000000000000000000000000000000000000000000000000000000000000
000000000000000000000000000000000000000000000000000000000000000000000000
000000000000000000000000000000000000000000000000000000000000000000000000
000000000000000000000000000000000000000000000000000000000000000000000000
000000000000000000000000000000000000000000000000000000000000000000000000
000000000000000000000000000000000000000000000000000000000000000000000000
000000000000000000000000000000000000000000000000000000000000000000000000
000000000000000000000000000000000000000000000000000000000000000000000000
000000000000000000000000000000000000000000000000000000000000000000000000
000000000000000000000000000000000000000000000000000000000000000000000000
000000000000000000000000000000000000000000000000000000000000000000000000
000000000000000000000000000000000000000000000000000000000000000000000000
000000000000000000000000000000000000000000000000000000000000000000000000
000000000000000000000000000000000000000000000000000000000000000000000000
000000000000000000000000000000000000000000000000000000000000000000000000
000000000000000000000000000000000000000000000000000000000000000000000000
000000000000000000000000000000000000000000000000000000000000000000000000
000000000000000000000000000000000000000000000000000000000000000000000000
000000000000000000000000000000000000000000000000000000000000000000000000
000000000000000000000000000000000000000000000000000000000000000000000000
000000000000000000000000000000000000000000000000000000000000000000000000
000000000000000000000000011111000000000000000000000000000000000000000000
000000000000000000000000111111000000000000000000000000000000000000000000
000000000000000000000001111111000000000000000000000000000000000000000000
000000000000000000000011000001000000000000000000000000000000000000000000
000000000000000000000111000000000000000000000000000000000000000000000000
000000000000000000001110000000000000000000000000000000000000000000000000
000000000000000000001110000000000000000000000000000000000000000000000000
000000000000000000011110000000000000000000000000000000000000000000000000
000000000000000000011110000000000000000000000000000000000000000000000000
000000000000000000011110000000000000000000000000000000000000000000000000
000000000000000000011110000000000000000000000000000000000000000000000000
000000000000000000011110000000000000000000000000000000000000000000000000
000000000000000000011110000000000000000000000000000000000000000000000000
111111100000000000011110000000000000000000000000000000001111111111000000
000011111000000000111111111110000000000000000000000000111100001111110000
000001111100000011111111111110000000000000000000000001110000000011111000
000000111100000111111111111110000000000000000000000011100000000001111100
000000011110000000011110000000000000000000000000000111100000000000111110
000000011110000000011110000000000000000000000000000111000000000000011111
000000011111000000011110000000000000000000000000001111000000000000011111
000000011111000000011110000000000000000000000000001111000000000000011111
000000011111000000011110000000000000000000000000011111000000000000001111
000000011111000000011110000000000000000000000000011111000000000000001111
111111111111000000011110000000000000000000000000011111000000000000001111
000000000000000000011110000000000000000000000000011111000000000000001111
000000000000000000011110000000000000000000000000011111000000000000001111
000000000000000000011110000000000000000000000000011111000000000000001111
000000000000000000011110000000000000000000000000011111000000000000001111
000000000000000000011110000000000000000000000000011111000000000000001111
000000000000000000011110000000000000000000000000001111100000000000001111
000000000000000000011110000000000000000000000000001111100000000000001110
000000000000000000011110000000000000000000000000001111110000000000011110
000000000010000000011110000000000000000000000000000111110000000000011100
000000001110000000111110000000000000000000000000000011111000000000111000
111111111100000011111111110000000000000000000000000001111110000011110000
111111110000000111111111111000000000000000000000000000111111111111000000
111110000000000000000000000000000000000000000000000000000111111000000000
000000000000000000000000000000000000000000000000000000000000000000000000
000000000000000000000000000000000000000000000000000000000000000000000000
000000000000000000000000000000000000000000000000000000000000000000000000
000000000000000000000000000000000000000000000000000000000000000000000000
000000000000000000000000000000000000000000000000000000000000000000000000
000000000000000000000000000000000000000000000000000000000000000000000000
000000000000000000000000000000000000000000000000000000000000000000000000
000000000000000000000000000000000000000000000000000000000000000000000000
000000000000000000000000000000000000000000000000000000000000000000000000
000000000000000000000000000000000000000000000000000000000000000000000000
000000000000000000000000000000000000000000000000000000000000000000000000
000000000000000000000000000000000000000000000000000000000000000000000000
000000000000000000000000000000000000000000000000000000000000000000000000
000000000000000000000000000000000000000000000000000000000000000000000000
000000000000000000000000000000000000000000000000000000000000000000000000
000000000000000000000000000000000000000000000000000000000000000000000000
000000000000000000000000000000000000000000000000000000000000000000000000
000000000000000000000000000000000000000000000000000000000000000000000000
000000000000000000000000000000000000000000000000000000000000000000000000
000000000000000000000000000000000000000000000000000000000000000000000000
000000000000000000000000000000000000000000000000000000000000000000000000
000000000000000000000000000000000000000000000000000000000000000000000000
000000000000000000000000000000000000000000000000000000000000000000000000
000000000000000000000000000000000000000000000000000000000000000000000000
000000000000000000000000000000000000000000000000000000000000000000000000
000000000000000000000000000000000000000000000000000000000000000000000000
000000000000000000000000000000000000000000000000000110000000000000000000
000000000000000000000000000000000000000000000001111110000000000000000000
000000000000000000000000000000000000000000000111111110000000000000000000
000000000000000000000000000000000000000000000000111110000000000000000000
000000000000000000000000000000000000000000000000011110000000000000000000
000000000000000000000000000000000000010000000000011110000000000000000000
000000000000000000000000000000000001110000000000011110000000000000000000
000000000000000000000000000000000111110000000000011110000000000000000000
000000000000000000000000000000000111110000000000011110000000000000000000
000000000000000000000000000000000111100000000000011110000000000000000000
000000000000000000000000000000000111100000000000011110000000000000000000
000000000000000000000000000000000111100000000000011110000000000000000000
000000000000000000000000000000000111100000000000011110000000000000000000
000000000011111111100000000000000111100000000000011110000111111110000000
