000000000000000000000000000000000000000000000000000000000000000000000000
000000000000000000000000000000000000000000000000000000000000000000000000
000000000000000000000000000000000000000000000000000000000000000000000000
000000000000000000000000000000000000000000000000000000000000000000000000
000000000000000000000000000000000000000000000000000000000000000000000000
000000000000000000000000000000000000000000000000000000000000000000000000
000000000000000000000000000000000000000000000000000000000000000000000000
000000000000000000000000000000000000000000000000000000000000000000000000
000000000000000000000000000000000000000000000000000000000000001111100000
000000000000000000000000000001111111111111111111111111111001111111100000
000000000000000000000000000001111111111111111111111111111001111111100000
000000000000000000000000000001110000000011111100000000111000001111100000
000000000000000000000000000001100000000011111000000000011000000111100000
000000000000000000000000000001100000000001111000000000011000000111100000
000000000000000000000000000001100000000001111000000000011000000111100000
000000000000000000000000000001100000000001111000000000011000000111100000
000000000000000000000000000001100000000001111000000000011000000111100000
000000000000000000000000000000000000000001111000000000000000000111100000
000000000000000000000000000000000000000001111000000000000000000111100000
000000000000000000000000000000000000000001111000000000000000000111100000
000000000000000000000000000000000000000001111000000000000000000111100000
000000000000000000000000000000000000000001111000000000000000000111100011
000000000000000000000000000000000000000001111000000000000000000111100111
000000000000000000000000000000000000000001111000000000000000000111101110
000000000000000000000000000000000000000001111000000000000000000111111000
000000000000000000000000000000000000000001111000000000000000000111110000
000000000000000000000000000000000000000001111000000000000000000111100000
000000000000000000000000000000000000000001111000000000000000000111100000
000000000000000000000000000000000000000001111000000000000000000111100000
000000000000000000000000000000000000000001111000000000000000000111100000
000000000000000000000000000000000000000001111000000000000000000111100000
000000000000000000000000000000000000000001111000000000000000000111100000
000000000000000000000000000000000000000001111000000000000000000111100000
000000000000000000000000000000000000000001111000000000000000000111100000
000000000000000000000000000000000000000001111000000000000000000111100000
000000000000000000000000000000000000000001111000000000000000000111100000
000000000000000000000000000000000000000001111000000000000000000111100000
000000000000000000000000000000000000000001111000000000000000000111100000
000000000000000000000000000000000000000001111000000000000000000111100000
000000000000000000000000000000000000000001111000000000000000000111100000
000000000000000000000000000000000000000011111100000000000000000111100000
000000000000000000000000000000000000000011111100000000000000001111100000
000000000000000000000000000000000000111111111111110000000001111111111110
000000000000000000000000000000000000110000000000110000000001100000001110
000000000000000000000000000000000000000000000000000000000000000000000000
000000000000000000000000000000000000000000000000000000000000000000000000
000000000000000000000000000000000000000000000000000000000000000000000000
000000000000000000000000000000000000000000000000000000000000000000000000
000000000000000000000000000000000000000000000000000000000000000000000000
000000000000000000000000000000000000000000000000000000000000000000000000
000000000000000000000000000000000000000000000000000000000000000000000000
000000000000000000000000000000000000000000000000000000000000000000000000
000000000000000000000000000000000000000000000000000000000000000000000000
000000000000000000000000000000000000000000000000000000000000000000000000
000000000000000000000000000000000000000000000000000000000000000000000000
000000000000000000000000000000000000000000000000000000000000000000000000
000000000000000000000000000000000000000000000000000000000000000000000000
000000000000000000000000000000000000000000000000000000000000000000000000
000000000000000000000000000000000000000000000000000000000000000000000000
000000000000000000000000000000000000000000000000000000000000000000000000
000000000000000000000000000000000000000000000000000000000000000000000000
000000000000000000000000000000000000000000000000000000000000000000000000
000000000000000000000000000000000000000000000000000000000000000000000000
000000000000000000000000000000000000000000000000000000000000000000000000
000000000000000000000000000000000000000000000000000000000000000000000000
000000000000000000000000000000000000000000000000000000000000000000000000
000000000000000000000000000000000000000000000000000000000000000000000000
000000000000000000000000000000000000000000000000000000000000000000000000
000000000000000000000000000000000000000000000000000000000000000000000000
000000000000000000000000000000000000000000000000000000000000000000000000
000000000011000000000000000000000000000000000000000000000000000000000000
000000001111100000000000000000000000000000000000000000000000000000000000
000000111111100000000000000000000000000000000000000000000000000000000000
000000111111100000000000000000000000000000000000000000000000000000000000
000001100000100000000000000000000000000000000000000000000000000000000000
000011000000000000000000000000000000000000000000000000000000000000000000
000111000000000000000000000000000000000000000000000000000000000000000000
001111000000000000000000000000000000000000000000000000000000000000000000
001111000000000000000000000000000000000000000000000000000000000000000000
001111000000000000000000000000000000000000000000000000000000000000000000
001111000000000000000000000000000000000000000000000000000000000000000000
001111000000000000000000000000000000000000000000000000000000000000000000
001111000000000000000000000000000000000000000000000000000000000000000000
001111000000000000000000000000000000000000000000000000000000000000000011
001111000000000000000000000000011111111111100000111111111100000000111111
111111111111000000000000000000000111111100000000001111110000000001111000
111111111111000000000000000000000011111000000000000111100000000111100000
111111000000000000000000000000000011111000000000000111000000000111000000
001111000000000000000000000000000001111100000000000110000000001110000000
001111000000000000000000000000000001111100000000001110000000011110000000
001111000000000000000000000000000000111100000000001100000000011110000000
001111000000000000000000000000000000111110000000001100000000111110000000
001111000000000000000000000000000000011110000000011000000000111100000000
001111000000000000000000000000000000011110000000011000000000111100000000
001111000000000000000000000000000000011111000000111000000000111100000000
001111000000000000000000000000000000001111000000110000000000111100000000
001111000000000000000000000000000000001111100000110000000000111100000000
001111000000000000000000000000000000000111100001100000000000111110000000
001111000000000000000000000000000000000111100001100000000000111110000000
001111000000000000000000000000000000000111110011000000000000111110000000
001111000000000000000000000000000000000011110011000000000000011110000000
001111000000000000000000000000000000000011111011000000000000011111000000
001111000000000000000000000000000000000001111110000000000000011111100000
011111000000000000000000000000000000000001111110000000000000001111100000
011111000000000000000000000000000000000001111100000000000000000111110000
111111111100000000000000000000000000000000111100000000000000000011111100
111111111100000000000000000000000000000000111000000000000000000000111111
000000000000000000000000000000000000000000011000000000000000000000000111
000000000000000000000000000000000000000000111000000000000000000000000000
000000000000000000000000000000000000000000110000000000000000000000000000
000000000000000000000000000000000000000000110000000000000000000000000000
000000000000000000000000000000000000000001100000000000000000000000000000
000000000000000000000000000000000000000001100000000000000000000000000000
000000000000000000000000000000000000000011000000000000000000000000000000
000000000000000000000000000000000000000011000000000000000000000000000000
000000000000000000000000000000000000000110000000000000000000000000000000
000000000000000000000000000000000100001110000000000000000000000000000000
000000000000000000000000000000000111111100000000000000000000000000000000
000000000000000000000000000000001111111100000000000000000000000000000000
000000000000000000000000000000001111110000000000000000000000000000000000
000000000000000000000000000000000111000000000000000000000000000000000000
000000000000000000000000000000000000000000000000000000000000000000000000
000000000000000000000000000000000000000000000000000000000000000000000000
000000000000000000000000000000000000000000000000000000000000000000000000
000000000000000000000000000000000000000000000000000000000000000000000000
000000000000000000000000000000000000000000000000000000000000000000000000
000000000000000000000000000000000000000000000000000000000000000000000000
000000000000000000000000000000000000000000000000000000000000000000000000
000000000000000000000000000000000000000000000000000000000000000000000000
000000000000000000000000000000000000000000000000000000000000000000000000
000000000000000000000000000000000000000000000000000000000000000000000000
000000000000000000000000000000000000000000000000000000000000000000000000
000000000000000000000000000000000000000000000000000000000000000000000000
000000000000000000000000000000000000000000000000000000000000000000000000
000000000000000000000011111100000000000000000000000000000000000000000000
000000000000000000000111111100000000000000000000000000000000000000000111
000000000000000000001111111100000000000000000000000000000000000000000111
000000000000000000011100001100000000000000000000000000000000000000000000
000000000000000000111000000000000000000000000000000000000000000000000000
000000000000000000110000000000000000000000000000000000000000110000000000
000000000000000001110000000000000000000000000000000000000011110000000000
000000000000000001110000000000000000000000000000000000000111110000000000
000000000000000011110000000000000000000000000000000000000111100000000000
000000000000000011110000000000000000000000000000000000000111100000000000
000000000000000011110000000000000000000000000000000000000111100000000000
000000000000000011110000000000000000000000000000000000000111100000000000
000000000000000011110000000000000000000000000000000000000111100000000000
000000000000000011110000000000000001111111110000000000000111100000000000
000000000000000111111111111000000111111111111000000000000111111111110000
000000000000011111111111110000011110000111111100000000111111111111110000
000000000000011111111111110000011000000001111110000001111111111111110000
000000000000000011110000000000011000000000111110000000000111100000000000
000000000000000011110000000000011000000000011110000000000111100000000000
000000000000000011110000000000000000000000011110000000000111100000000000
000000000000000011110000000000000000000000011110000000000111100000000000
000000000000000011110000000000000000000000011110000000000111100000000000
000000000000000011110000000000000000001111111110000000000111100000000000
000000000000000011110000000000000011111110011110000000000111100000000000
000000000000000011110000000000001111100000011110000000000111100000000000
000000000000000011110000000000011110000000011110000000000111100000000000
000000000000000011110000000000111100000000011110000000000111100000000000
000000000000000011110000000001111100000000011110000000000111100000000000
000000000000000011110000000001111000000000011110000000000111100000000000
000000000000000011110000000001111000000000011110000000000111100000000000
000000000000000011110000000001111000000000011110000000000111100000000000
000000000000000011110000000001111100000000111110000000000111100000000000
000000000000000011110000000001111100000011011110000000000111110000000000
000000000000000011110000000000111111001110011111000000000111111111100000
000000000000111111111111000000111111111000011111110000000011111111000111
000000000000111111111111000000011111110000011111111000000001111110000111
000000000000000000000000000000000000000000000000000000000000000000000000
000000000000000000000000000000000000000000000000000000000000000000000000
000000000000000000000000000000000000000000000000000000000000000000000000
000000000000000000000000000000000000000000000000000000000000000000000000
000000000000000000000000000000000000000000000000000000000000000000000000
000000000000000000000000000000000000000000000000000000000000000000000000
000000000000000000000000000000000000000000000000000000000000000000000000
000000000000000000000000000000000000000000000000000000000000000000000000
000000000000000000000000000000000000000000000000000000000000000000000000
