000000000000011111000000000000011111100000000111111100011111111100000111
000000000000011111000000000001111111100000011111111101111111111110001111
000000000000011111000000000000000111100000000001111111100000111111011100
000000000000011111000000000000000111100000000001111110000000011111110000
000000000000011111000000000000000111100000000001111100000000001111100000
000000000000011111000000000000000111100000000000111100000000001111100000
000000000000011111000000000000000111100000000000111100000000001111100000
000000000000011111000000000000000111100000000000111100000000001111100000
000000000000011111000000000000000111100000000000111100000000000111100000
000000000000011111000000000000000111100000000000111100000000000111100000
000000000000011111000000000000000111100000000000111100000000000111100000
000000000000011111000000000000000111100000000000111100000000000111100000
000000000000011111000000000000000111100000000000111100000000000111100000
000000000000011111000000000000000111100000000000111100000000000111100000
000000000000011111000000000000000111100000000000111100000000000111100000
000000000000011111000000000000000111100000000000111100000000000111100000
000000000000011111000000000000000111100000000000111100000000000111100000
000000000000011111000000000000000111100000000000111100000000001111100000
000000000000011111000000000000000111100000000001111100000000001111100000
000000000000011111000000000000000111110000000001111100000000001111100000
000000000001111111110000000000001111111000000011111110000000011111110000
000000001111111111111110000001111111111111011111111111110011111111111110
000000000000000000000000000000000000000000000000000000000000000000000000
000000000000000000000000000000000000000000000000000000000000000000000000
000000000000000000000000000000000000000000000000000000000000000000000000
000000000000000000000000000000000000000000000000000000000000000000000000
000000000000000000000000000000000000000000000000000000000000000000000000
000000000000000000000000000000000000000000000000000000000000000000000000
000000000000000000000000000000000000000000000000000000000000000000000000
000000000000000000000000000000000000000000000000000000000000000000000000
000000000000000000000000000000000000000000000000000000000000000000000000
000000000000000000000000000000000000000000000000000000000000000000000000
000000000000000000000000000000000000000000000000000000000000000000000000
000000000000000000000000000000000000000000000000000000000000000000000000
000000000000000000000000000000000000000000000000000000000000000000000000
000000000000000000000000000000000000000000000000000000000000000000000000
000000000000000000000000000000000000000000000000000000000000000000000000
000000000000000000000000000000000000000000000000000000000000000000000000
000000000000000000000000000000000000000000000000000000000000000000000000
000000000000000000000000000000000000000000000000000000000000000000000000
000000000000000000000000000000000000000000000000000000000000000000000000
000000000000000000000000000000000000000000000000000000000000000000000000
000000000000000000000000000000000000000000000000000000000000000000000000
000000000000000000000000000000000000000000000000000000000000000000000000
000000000000000000000000000000000000000000000000000000000000000000000000
000000000000000000000000000000000000000000000000000000000000000000000000
000000000000000000000000000000000000000000000000000000000000000000000000
000000000000000000000000000000000000000000000000000000000000000000000000
000000000000000000000000000000000000000000000000000000000000000000000000
000000000000000000000000000000000000000000000000000000000000000000000000
000000000000000000000000000000000000000000000000000000000000000000000000
000000000000000000000000000000000000000000000000000000000000000000000000
000000000000000000000000000000000000000000000000000000000000000000000000
000000000000000000000000000000000000000000000000000000000000000000000000
000000000000000000000000000000000000000000000000000000000000000000000000
000000000000000000000000000000000000000000000000000000000000000000000000
000000000000000000000000000000000000000000000000000000000000000000000000
000000000000000000000000000000000000000000000000000000000000000000000000
000000000000000000000000000000000000000000000000000000000000000000000000
000000000000000000000000000000000000000000000000000000000000000000000000
000000000000000000000000000000000000000000000000000000000000000000000000
000000000000000000000000000000000000000000000000000000000000000000000000
000000000000000000000000000000000000000000000000000000000000000000000000
000000000000000000000000000000000000000000000000000000000000000000000000
000111111000000000000011111110000000000000000110000011111100000000000000
111111111110000000001111111111100000000000111110001111111111000000000000
111111111111000000111111111111110000000111111110011111111111100000000000
000000011110000001110000000111110000000001111110111000011111110000000000
000000000110000001100000000011111000000000111111100000000111110000000000
000000000110000001100000000001111000000000011111000000000011110000000000
000000000110000001000000000001111000000000011110000000000011111000000000
000000000010000000000000000001111000000000011110000000000011111000000000
000000000000000000000000000001111000000000011110000000000001111000000000
000000000000000000000000000111111000000000011110000000000001111000000000
000000000000000000000011111111111000000000011110000000000001111000000000
000000000000000000011111100001111000000000011110000000000001111000000000
000000000000000000111100000001111000000000011110000000000001111000000000
000000000000000011111000000001111000000000011110000000000001111000000000
000000000000000011110000000001111000000000011110000000000001111000000000
000000000000000111100000000001111000000000011110000000000001111000000000
000000000000000111100000000001111000000000011110000000000001111000000000
000000000000000111100000000001111000000000011110000000000001111000000000
000000000000000111100000000011111000000000011110000000000001111000000000
000000000000000111110000000111111000000000011110000000000001111000000000
100000000000000111111000011101111000000000111110000000000001111000000000
111100001110000011111111110001111100000000111110000000000001111000000000
111111111110000001111111100001111111101111111111111000000001111111100000
111111111000000000111110000000000000000100000000010000000001000000000000
000000000000000000000000000000000000000000000000000000000000000000000000
000000000000000000000000000000000000000000000000000000000000000000000000
000000000000000000000000000000000000000000000000000000000000000000000000
000000000000000000000000000000000000000000000000000000000000000000000000
000000000000000000000000000000000000000000000000000000000000000000000000
000000000000000000000000000000000000000000000000000000000000000000000000
000000000000000000000000000000000000000000000000000000000000000000000000
000000000000000000000000000000000000000000000000000000000000000000000000
000000000000000000000000000000000000000000000000000000000000000000000000
000000000000000000000000000000000000000000000000000000000000000000000000
000000000000000000000000000000000000000000000000000000000000000000000000
000000000000000000000000000000000000000000000000000000000000000000000000
000000000000000000000000000000000000000000000000000000000000000000000000
000000000000000000000000000000000000000000000000000000000000000000000000
000000000000000000000000000000000000000000000000000000000000000000000000
000000000000000000000000000000000000000000000000000000000000000000000000
000000000000000000000000000000000000000000000000000000000000000000000000
000000000000000000000000000000000000000000000000000000000000000000000000
000000000000000000000000000000000000000000000000000000000000000000000000
000000000000000000000000000000000000000000000000000000000000000000000000
000000000000000000000000000000000000000000000000000000000000000000000000
000000000000000000000000000000000000000000000000000000000000000000000000
000000000000000000000000000000000000000000000000000000000000000000000000
000000000000000000000000000000000000000000000000000000000000000000000000
000000000000000000000000000000000000000000000000000000000000000000000000
000000000000000000000000000000000000000000000000000000000000000000000000
000000000000000000000000000000000000000000000000000000000000000000000000
000000000000000000000000000000000000000000000000000000000000000011110000
000000000000000000000000000000000000000000000000000000000000111111110000
000000000000000000000000000000000000000000000000000000000000111111110000
000000000000000000000000000000000000000000000000000000000000000011110000
000000000000000000000000000000000000000000000000000000000000000011110000
000000000000000000000000000000000000000000000000000000000000000011110000
000000000000000000000000000000000000000000000000000000000000000011110000
000000000000000000000000000000000000000000000000000000000000000011110000
000000000000000000000000000000000000000000000000000000000000000011110000
000000000000000000000000000000000000000000000000000000000000000011110000
000000000000000000000000000000000000000000000000000000000000000011110000
000000000000000000000000000000000000000000000000000000000000000011110000
111110000000000000000010000001111000000000000000000000001111000011110000
111111100000000000011110000111111111000000000000000000111111111011110000
111111110000000111111110001111111111100000000000000011111111111111110000
000111111000000111111110011100011111110000000000001110000000011111110000
000011111000000000011111110000000111110000000000011100000000000111110000
000001111000000000011111000000000011111000000000111000000000000011110000
000001111100000000011111000000000011111000000001111000000000000011110000
000000111100000000011110000000000001111000000011110000000000000011110000
000000111100000000011110000000000001111000000011110000000000000011110000
000011111100000000011110000000000001111000000011110000000000000011110000
111111111100000000011110000000000001111000000011110000000000000011110000
110000111100000000011110000000000001111000000111110000000000000011110000
000000111100000000011110000000000001111000000111110000000000000011110000
000000111100000000011110000000000001111000000111110000000000000011110000
000000111100000000011110000000000001111000000111110000000000000011110000
000000111100000000011110000000000001111000000011110000000000000011110000
000000111100000000011110000000000001111000000011111000000000000011110000
000000111100000000011110000000000001111000000011111000000000000111110000
000001111100000000011110000000000001111000000011111100000000000111110000
000011111100000000011110000000000001111000000001111110000000001111110000
001100111100000000011110000000000001111000000000111111000000111011110000
111000111100000000011111000000000001111100000000111111111111110011111000
110000111111100111111111111000000001111111100000001111111111000011111111
000000111111100111111111111000000001111111100000000011111110000011111111
000000000000000000000000000000000000000000000000000000000000000000000000
000000000000000000000000000000000000000000000000000000000000000000000000
000000000000000000000000000000000000000000000000000000000000000000000000
000000000000000000000000000000000000000000000000000000000000000000000000
000000000000000000000000000000000000000000000000000000000000000000000000
000000000000000000000000000000000000000000000000000000000000000000000000
000000000000000000000000000000000000000000000000000000000000000000000000
000000000000000000000000000000000000000000000000000000000000000000000000
000000000000000000000000000000000000000000000000000000000000000000000000
000000000000000000000000000000000000000000000000000000000000000000000000
000000000000000000000000000000000000000000000000000000000000000000000000
000000000000000000000000000000000000000000000000000000000000000000000000
000000000000000000000000000000000000000000000000000000000000000000000000
000000000000000000000000000000000000000000000000000000000000000000000000
000000000000000000000000000000000000000000000000000000000000000000000000
000000000000000000000000000000000000000000000000000000000000000000000000
000000000000000000000000000000000000000000000000000000000000000000000000
000000000000000000000000000000000000000000000000000000000000000000000000
000000000000000000000000000000000000000000000000000000000000000000000000
000000000000000000000000000000000000000000000000000000000000000000000000
000000000000000000000000000000000000000000000000000000000000000000000000
000000000000000000000000000000000000000000000000000000000000000000000000
000000000000000000000000000000000000000000000000000000000000000000000000
000000000000000000000000000000000000000000000000000000000000000000000000
000000000000000000000000000000000000000000000000000000000000000000000000
000000000000000000000000000000000000000000000000000000000000000000000000
000000000000000000000000000000000000000000000000000000000000000000000000
000000111000000000000000000000000000000000000000000000000000000000000000
