000000000000000000000000000000000000000000011111111111111111111111111110
000000000000000000000000000000000000000000011111111111111111111111111110
000000000000000000000000000000000000000000011000000000111111000000000110
000000000000000000000000000000000000000000011000000000011110000000000110
000000000000000000000000000000000000000000011000000000011110000000000110
000000000000000000000000000000000000000000011000000000011110000000000110
000000000000000000000000000000000000000000011000000000011110000000000110
000000000000000000000000000000000000000000000000000000011110000000000000
000000000000000000000000000000000000000000000000000000011110000000000000
000000000000000000000000000000000000000000000000000000011110000000000000
000000000000000000000000000000000000000000000000000000011110000000000000
000000001111111110000000000000000000000000000000000000011110000000000000
000000000011111100000000000000000000000000000000000000011110000000000000
000000000001111000000000000000000000000000000000000000011110000000000000
000000000001110000000000000000000000000000000000000000011110000000000000
100000000001110000000000000000000000000000000000000000011110000000000000
100000000001100000000000000000000000000000000000000000011110000000000000
110000000011100000000000000000000000000000000000000000011110000000000000
110000000011000000000000000000000000000000000000000000011110000000000000
110000000011000000000000000000000000000000000000000000011110000000000000
111000000110000000000000000000000000000000000000000000011110000000000000
111000000110000000000000000000000000000000000000000000011110000000000000
111100000110000000000000000000000000000000000000000000011110000000000000
111100001100000000000000000000000000000000000000000000011110000000000000
111100001100000000000000000000000000000000000000000000011110000000000000
111110011000000000000000000000000000000000000000000000011110000000000000
011110011000000000000000000000000000000000000000000000011110000000000000
011111010000000000000000000000000000000000000000000000011110000000000000
001111110000000000011000000000000000000000000000000000011110000000000000
001111110000000000111110000000000000000000000000000000011110000000000000
001111100000000000111110000000000000000000000000000000111110000000000000
000111100000000000111110000000000000000000000000000000111111000000000000
000111100000000000111110000000000000000000000000001111111111111100000000
000011000000000000011100000000000000000000000000001111111111111100000000
000000000000000000000000000000000000000000000000000000000000000000000000
000000000000000000000000000000000000000000000000000000000000000000000000
000000000000000000000000000000000000000000000000000000000000000000000000
000000000000000000000000000000000000000000000000000000000000000000000000
000000000000000000000000000000000000000000000000000000000000000000000000
000000000000000000000000000000000000000000000000000000000000000000000000
000000000000000000000000000000000000000000000000000000000000000000000000
000000000000000000000000000000000000000000000000000000000000000000000000
000000000000000000000000000000000000000000000000000000000000000000000000
000000000000000000000000000000000000000000000000000000000000000000000000
000000000000000000000000000000000000000000000000000000000000000000000000
000000000000000000000000000000000000000000000000000000000000000000000000
000000000000000000000000000000000000000000000000000000000000000000000000
000000000000000000000000000000000000000000000000000000000000000000000000
000000000000000000000000000000000000000000000000000000000000000000000000
000000000000000000000000000000000000000000000000000000000000000000000000
000000000000000000000000000000000000000000000000000000000000000000000000
000000000000000000000000000000000000000000000000000000000000000000000000
000000000000000000000000000000000000000000000000000000000000000000000000
000000000000000000000000000000000000000000000000000000000000000000000000
000000000000000000000000000000000000000000000000000000000000000000000000
000000000000000000000000000000000000000000000000000000000000000000000000
000000000000000000000000000000000000000000000000000000000000000000000000
000000000000000000000000000000000000000000000000000000000000000000000000
000000000000000000000000000000000000000000000000000000000000000000000000
000000000000000000000000000000000000000000000000000000000000000000000000
000000000000000000000000000000000000000000000000000000000000000000000000
000000000000000000000000000000000000000000000000000000000000000000000000
000000000000000000000000000000000000000000000000000000000000000000000000
000000000000000000000000000000000000000000000000000000000000000000000000
000000000000000000000000000000000000000000000000000000000000000000000000
000000000000000000000000000000000000000000000000000000000000000000000000
000000000000000000000000000000000000000100000000000000000000000000000000
000000000000000000000000000000000000011100000000000000000000000000000000
000000000000000000000000000000000000111100000000000000000000000000000000
000000000000000000000000000000000000111100000000000000000000000000000000
000000000000000000000000000000000000111100000000000000000000000000000000
000000000000000000000000000000000000111100000000000000000000000000000000
000000000000000000000000000000000000111100000000000000000000000000000000
000000000000000000000000000000000000111100000000000000000000000000000000
001100000111110000000000000000000000111100000000000000001111111111000000
111100011111110000000000000000000001111100111100000000111100001111110000
111100011111110000000000000000000111111111111110000001110000000011111000
111100111111100000000000000000001111111111111100000011100000000001111100
111111100001100000000000000000000000111100000000000111100000000000111110
111111000000100000000000000000000000111100000000001111000000000000111110
111110000000000000000000000000000000111100000000001111000000000000011111
111110000000000000000000000000000000111100000000011111000000000000011111
111110000000000000000000000000000000111100000000011110000000000000011111
111100000000000000000000000000000000111100000000011110000000000000001111
111100000000000000000000000000000000111100000000011110000000000000001111
111100000000000000000000000000000000111100000000011110000000000000001111
111100000000000000000000000000000000111100000000011110000000000000001111
111100000000000000000000000000000000111100000000011111000000000000001111
111100000000000000000000000000000000111100000000011111000000000000001111
111100000000000000000000000000000000111100000000011111000000000000001111
111100000000000000000000000000000000111100000000011111000000000000001111
111100000000000000000000000000000000111100000000001111100000000000011110
111100000000000000000000000000000000111100000000001111100000000000011110
111100000000000000000000000000000000111110000000000111110000000000111100
111110000000000000000000000000000000111111111100000011111000000000111000
111111100000000000000000000000000000111111111000000001111100000011110000
111111111000000000000000000000000000011111110000000000111111111111000000
000000000000000000000000000000000000000011000000000000001111111000000000
000000000000000000000000000000000000000000000000000000000000000000000000
000000000000000000000000000000000000000000000000000000000000000000000000
000000000000000000000000000000000000000000000000000000000000000000000000
000000000000000000000000000000000000000000000000000000000000000000000000
000000000000000000000000000000000000000000000000000000000000000000000000
000000000000000000000000000000000000000000000000000000000000000000000000
000000000000000000000000000000000000000000000000000000000000000000000000
000000000000000000000000000000000000000000000000000000000000000000000000
000000000000000000000000000000000000000000000000000000000000000000000000
000000000000000000000000000000000000000000000000000000000000000000000000
000000000000000000000000000000000000000000000000000000000000000000000000
000000000000000000000000000000000000000000000000000000000000000000000000
000000000000000000000000000000000000000000000000000000000000000000000000
000000000000000000000000000000000000000000000000000000000000000000000000
000000000000000000000000000000000000000000000000000000000000000000000000
000000000000000000000000000000000000000000000000000000000000000000000000
000000000000000000000000000000000000000000000000000000000000000000000000
000000000000000000000000000000000000000000000000000000000000000000000000
000000000000000000000000000000000000000000000000000000000000000000000000
000000000000000000000000000000000000000000000000000000000000000000000000
000000000000000000000000000000000000000000000000000000000000000000000000
000000000000000000000000000000000000000000000000000000000000000000000000
000000000000000000000000000000000000000000000000000000000000000000000000
000000000000000000000000000000000000000000000000000000000000000000000000
000000000000000000000000000000000000000000000000000000000000000000000000
000000000000000000000000000000000000000000000000000000000000000000000000
000000000000000000000000000000000000000000000000000001000000000000000000
000000000000000000000000000000000000000000000000011111100000000000000000
000000000000000000000000000000000000000000000011111111100000000000000000
000000000000000000000000000000000000000000000000001111100000000000000000
000000000000000000000000000000000000000000000000001111100000000000000000
000000000000000000000000000000000000000000000000001111100000000000000000
000000000000000000000000000000000000000000000000001111100000000000000000
000000000000000000000000000000000000000000000000001111100000000000000000
000000000000000000000000000000000000000000000000001111100000000000000000
000000000000000000000000000000000000000000000000001111100000000000000000
000000000000000000000000000000000000000000000000001111100000000000000000
000000000000000000000000000000000000000000000000001111100000000000000000
000000000000000000000000000000000000000000000000001111100000000000000000
000000011000001111111000000000000000000001111111001111100000000000000000
000011111000011111111110000000000000000111111111111111100000000000000000
011111111000111111111111000000000000011110000111111111100000000000000000
000011111011100000111111000000000000111000000000111111100000000000000000
000001111110000000001111100000000001110000000000011111100000000000000000
000001111100000000001111100000000011100000000000001111100000000000000000
000001111100000000000111100000000111100000000000001111100000000000000000
000001111000000000000111100000000111000000000000001111100000000000000000
000001111000000000000111100000001111000000000000001111100000000000000000
000001111000000000000111100000001111000000000000001111100000000000000000
000001111000000000000111100000001111000000000000001111100000000000000000
000001111000000000000111100000001111000000000000001111100000000000000000
000001111000000000000111100000001111000000000000001111100000000000000000
000001111000000000000111100000001111000000000000001111100000000000000000
000001111000000000000111100000001111000000000000001111100000000000000000
000001111000000000000111100000001111100000000000001111100000000000000000
000001111000000000000111100000001111100000000000001111100000000000000000
000001111000000000000111100000001111110000000000011111100000000000000000
000001111000000000000111100000000111110000000000011111100000000001110000
000001111000000000000111110000000111111000000001111111100000000011111000
000001111100000000000111110000000011111110000011101111100000000011111000
000011111100000000000111110000000001111111111110001111100000000011111000
011111111111110000000111111110000000011111111100001111111110000011111000
000000000000000000000000000000000000000111111000000000000000000000000000
000000000000000000000000000000000000000000000000000000000000000000000000
000000000000000000000000000000000000000000000000000000000000000000000000
000000000000000000000000000000000000000000000000000000000000000000000000
000000000000000000000000000000000000000000000000000000000000000000000000
000000000000000000000000000000000000000000000000000000000000000000000000
000000000000000000000000000000000000000000000000000000000000000000000000
000000000000000000000000000000000000000000000000000000000000000000000000
000000000000000000000000000000000000000000000000000000000000000000000000
000000000000000000000000000000000000000000000000000000000000000000000000
000000000000000000000000000000000000000000000000000000000000000000000000
000000000000000000000000000000000000000000000000000000000000000000000000
000000000000000000000000000000000000000000000000000000000000000000000000
000000000000000000000000000000000000000000000000000000000000000000000000
000000000000000000000000000000000000000000000000000000000000000000000000
000000000000000000000000000000000000000000000000000000000000000000000000
000000000000000000000000000000000000000000000000000000000000000000000000
000000000000000000000000000000000000000000000000000000000000000000000000
000000000000000000000000000000000000000000000000000000000000000000000000
