000011110000000000000001111000000001111000000111110000000000000000000001
000011110000000000000001111000000001111000000111110000000000000000000001
000011110000000000000001110000000001111000000111110000000000000000000001
000011110000000000000011110000000001111000000111110000000000000000000001
000011110000000000000011110000000001111000000111110000000000000000000001
000011110000000000000011100000000001111000000011111000000000000000000001
000011110000000000000111000000000001111000000011111000000000000000000001
000011110000000000000111000000000001111000000011111100000000000000000001
000011111000000000001110000000000001111000000001111110000000000000000001
000011111110000000111000000000000011111000000000111111000000000000000001
000011111111111111110000000000000011111000000000011111110000011100000001
000011111111111111000000000000111111111111100000001111111111111100000000
000011110011111100000000000000011000000001000000000011111111110000000000
000011110000000000000000000000000000000000000000000000000000000000000000
000011110000000000000000000000000000000000000000000000000000000000000000
000011110000000000000000000000000000000000000000000000000000000000000000
000011110000000000000000000000000000000000000000000000000000000000000000
000011110000000000000000000000000000000000000000000000000000000000000000
000011110000000000000000000000000000000000000000000000000000000000000000
000011110000000000000000000000000000000000000000000000000000000000000000
000011110000000000000000000000000000000000000000000000000000000000000000
000011110000000000000000000000000000000000000000000000000000000000000000
000011110000000000000000000000000000000000000000000000000000000000000000
000011110000000000000000000000000000000000000000000000000000000000000000
000111111000000000000000000000000000000000000000000000000000000000000000
111111111111000000000000000000000000000000000000000000000000000000000000
000000000000000000000000000000000000000000000000000000000000000000000000
000000000000000000000000000000000000000000000000000000000000000000000000
000000000000000000000000000000000000000000000000000000000000000000000000
000000000000000000000000000000000000000000000000000000000000000000000000
000000000000000000000000000000000000000000000000000000000000000000000000
000000000000000000000000000000000000000000000000000000000000000000000000
000000000000000000000000000000000000000000000000000000000000000000000000
000000000000000000000000000000000000000000000000000000000000000000000000
000000000000000000000000000000000000000000000000000000000000000000000000
000000000000000000000000000000000000000000000000000000000000000000000000
000000000000000000000000000000000000000000000000000000000000000000000000
000000000000000000000000000000000000000000000000000000000000000000000000
000000000000000000000000000000000000000000000000000000000000000000000000
000000000000000000000000000000000000000000000000000000001100000000000000
000000000000000000000000000000000000000000000000000000111110000000000000
000000000000000000000000000000000000000000000000000011111110000000000000
000000000000000000000000000000000000000000000000000011111110000000000000
000000000000000000000000000000000000000000000000000110000010000000000000
000000000000000000000000000000000000000000000000001100000000000000000000
000000000000000000000000000000000000000000000000011100000000000000000000
000000000000000000000000000000000000000000000000011100000000000000000000
000000000000000000000000000000000000000000000000111100000000000000000000
000000000000000000000000000000000000000000000000111100000000000000000000
000000000000000000000000000000000000000000000000111100000000000000000000
000000000000000000000000000000000000000000000000111100000000000000000000
000000000000000000000000000000000000000000000000111100000000000000000000
000000000000011110000000000000000000000000000000111100000000000000000011
000000000011111111110000000000000000000000000000111100000000000000011111
000000001111000011111000000000000000000000000011111111111100000001111000
000000011100000000111100000000000000000000001111111111111100000011110000
000000111000000000111110000000000000000000001111111100000000000111100000
000001111000000000011110000000000000000000000000111100000000000111000000
000011110000000000011111000000000000000000000000111100000000001111000000
000011110000000000011111000000000000000000000000111100000000011111000000
000011110000000000001111000000000000000000000000111100000000011110000000
000111110000000000001111000000000000000000000000111100000000011110000000
000111111111111111111111000000000000000000000000111100000000011110000000
000111111111111111111111000000000000000000000000111100000000111110000000
000111110000000000000000000000000000000000000000111100000000111110000000
000111110000000000000000000000000000000000000000111100000000111110000000
000111110000000000000000000000000000000000000000111100000000011110000000
000111110000000000000000000000000000000000000000111100000000011111000000
000011110000000000000000000000000000000000000000111100000000011111000000
000011111000000000000000000000000000000000000000111100000000011111000000
000011111000000000000000000000000000000000000000111100000000001111100000
000001111100000000000000000000000000000000000000111100000000001111100000
000001111110000000000110000000000000000000000001111100000000000111110000
000000111111100000011110000000000000000000000001111100000000000011111000
000000011111111111111100000000000000000000001111111111110000000001111110
000000000111111111110000000000000000000000001111111111110000000000111111
000000000000011100000000000000000000000000000000000000000000000000000011
000000000000000000000000000000000000000000000000000000000000000000000000
000000000000000000000000000000000000000000000000000000000000000000000000
000000000000000000000000000000000000000000000000000000000000000000000000
000000000000000000000000000000000000000000000000000000000000000000000000
000000000000000000000000000000000000000000000000000000000000000000000000
000000000000000000000000000000000000000000000000000000000000000000000000
000000000000000000000000000000000000000000000000000000000000000000000000
000000000000000000000000000000000000000000000000000000000000000000000000
000000000000000000000000000000000000000000000000000000000000000000000000
000000000000000000000000000000000000000000000000000000000000000000000000
000000000000000000000000000000000000000000000000000000000000000000000000
000000000000000000000000000000000000000000000000000000000000000000000000
000000000000000000000000000000000000000000000000000000000000000000000000
000000000000000000000000000000000000000000000000000000000000000000000000
000000000000000000000000000000000000000000000000000000000000000000000000
000000000000000000000000000000000000000000000000000000000000000000000000
000000000000000000000000000000000000000000000000000000000000000000000000
000000000000000000000000000000000000000000000000000000000000000000000000
000000000000000000000000000000000000000000000000000000000000000000000000
000000000000000000000000000000000000000000000000000000000000000000000000
000000000000000000000000000000000000000000000000000000000000000000000000
000000000000000000000000000000000000000000000000000000000000000000000000
000000000000000000000000000000000000000000000000000000000000000000000000
000000000000000000000000000000000000000000000000000000000000000000000000
000000000000000000000000000000000000000000000000000000000000000000000000
000000000000000000000000000000000000000000000000000000000000000000000000
000000000000000000000000000000000000000000000000000000000000000000000000
000000000000000000000000000000000000000000000000000000000000000000000000
000000000000000000000000000000000000000000000000000000000000000000000000
000000000000000000000000000000000000000000000000000000000000000000000000
000000000000000000000000000000000000000000000000000000000000000000000000
000000000000000000000000000000000000000000000000000000000000000000000000
000000000000000000000000000000000000000000000000000000000000000000000000
000000000000000000000000000000000000000000000000000000000000000000000000
000000000000000000000000000000000000000000000000000000000000000000000000
000000000000000000000000000000000000000000000000000000000000000000000000
000000000000000000000000000000000000000000000000000000000000000000000000
000000000000000000000000000000000000000000000000000000000000000000000000
000100000000000000000000000000100000000000000000000000000000000000000000
111111110000000000001111000011111000000000000000000000000000000000000000
100001111100000011111111000111111000000000000000000000000000000000000000
000000111110000011111111001111111000000000000000000000000000000000000000
000000011111000000011111011111111000000000000000000000000000000000000000
000000001111000000001111110000111000000000000000000000000000000000000000
000000001111000000001111100000011000000000000000000000000000000000000000
000000001111100000001111000000000000000000000000000000000000000000000000
000000001111100000001111000000000000000000000000000000000000000000000000
000000001111100000001111000000000000000000000000000000000000000000000000
000000001111100000001111000000000000000000000000000000000000000000000000
111111111111100000001111000000000000000000000000000000000000000000000000
000000000000000000001111000000000000000000000000000000000000000000000000
000000000000000000001111000000000000000000000000000000000000000000000000
000000000000000000001111000000000000000000000000000000000000000000000000
000000000000000000001111000000000000000000000000000000000000000000000000
000000000000000000001111000000000000000000000000000000000000000000000000
000000000000000000001111000000000000000000000000000000000000000000000000
000000000000000000001111000000000000110000000000000000000000000000000000
000000000000000000001111000000000011111000000000000000000000000000000000
000000000001000000001111000000000011111000000000000000000000000000000000
110000001111000000011111000000000011111100000000000000000000000000000000
111111111110000011111111111100000011111000000000000000000000000000000000
111111111000000011111111111110000001110000000000000000000000000000000000
111111000000000000000000000000000000000000000000000000000000000000000000
000000000000000000000000000000000000000000000000000000000000000000000000
000000000000000000000000000000000000000000000000000000000000000000000000
000000000000000000000000000000000000000000000000000000000000000000000000
000000000000000000000000000000000000000000000000000000000000000000000000
000000000000000000000000000000000000000000000000000000000000000000000000
000000000000000000000000000000000000000000000000000000000000000000000000
000000000000000000000000000000000000000000000000000000000000000000000000
000000000000000000000000000000000000000000000000000000000000000000000000
000000000000000000000000000000000000000000000000000000000000000000000000
000000000000000000000000000000000000000000000000000000000000000000000000
000000000000000000000000000000000000000000000000000000000000000000000000
000000000000000000000000000000000000000000000000000000000000000000000000
000000000000000000000000000000000000000000000000000000000000000000000000
000000000000000000000000000000000000000000000000000000000000000000000000
000000000000000000000000000000000000000000000000000000000000000000000000
000000000000000000000000000000000000000000000000000000000000000000000000
000000000000000000000000000000000000000000000000000000000000000000000000
000000000000000000000000000000000000000000000000000000000000000000000000
000000000000000000000000000000000000000000000000000000000000000000000000
000000000000000000000000000000000000000000000000000000000000000000000000
000000000000000000000000000000000000000000000000000000000000000000000000
000000000000000000000000000000000000000000000000000000000000000000000000
000000000000000000000000000000000000000000000000000000000000000000000000
000000000000000000000000000000000000000000000000000000000000000000000000
000000000000000000000000000000000000000000000000000000000000000000000000
000000000000000000000000000000000000000000000000000000000000000000000000
000000000000000000000000000011100000000000000000000000000000000000000000
000000000000000000000000111111100000000000000000000000000000000000000000
000000000000000000000011111111100000000000000000000000000000000000000000
000000000000000000000000001111100000000000000000000000000000000000000000
000000000000000000000000001111100000000000000000000000000000000000000000
000000000000000000000000001111100000000000000000000000000000000000000000
000000000000000000000000001111100000000000000000000000000000000000000000
000000000000000000000000001111100000000000000000000000000000000000000000
000000000000000000000000001111100000000000000000000000000000000000000000
000000000000000000000000001111100000000000000000000000000000000000000000
000000000000000000000000001111100000000000000000000000000000000000000000
000000000000000000000000001111100000000000000000000000000000000000000000
000000000000000000000000001111100000000000000000000000000000000000000000
