000000000000000111111100011111111110000000000000011110001111100000111111
000000000000011111111101111111111111000000000001111000000111110000000111
000000000000000001111111100000011111100000000011110000000011111000000111
000000000000000001111110000000001111100000000111100000000001111000000011
000000000000000001111100000000000111100000000111100000000001111100000011
000000000000000001111100000000000111100000001111000000000001111100000001
000000000000000001111100000000000111110000001111000000000000111100000001
000000000000000001111100000000000111110000001111000000000000111100000000
000000000000000001111100000000000111110000011111000000000000111100000000
000000000000000001111100000000000111110000011111111111111111111100000000
000000000000000001111100000000000111110000011111111111111110000000000000
000000000000000001111100000000000111110000011111000000000000000000000000
000000000000000001111100000000000111110000011111000000000000000000000000
000000000000000001111100000000000111110000011111000000000000000000000000
000000000000000001111100000000000111110000001111000000000000000000000000
000000000000000001111100000000000111110000001111100000000000000000000000
000000000000000001111100000000000111110000001111100000000000000000000000
000000000000000001111100000000000111110000001111110000000000000000000000
000000000000000001111100000000000111110000000111111000000000001000000000
000000000000000001111100000000000111110000000011111110000000111000000000
000000000000000011111110000000000111111000000001111111111111110000000000
000000000000011111111111110000000111111110000000111111111111100000000000
000000000000000000000000000000000000000000000000000111111100000000000000
000000000000000000000000000000000000000000000000000000000000000000000000
000000000000000000000000000000000000000000000000000000000000000000000000
000000000000000000000000000000000000000000000000000000000000000000000000
000000000000000000000000000000000000000000000000000000000000000000000000
000000000000000000000000000000000000000000000000000000000000000000000000
000000000000000000000000000000000000000000000000000000000000000000000000
000000000000000000000000000000000000000000000000000000000000000000000000
000000000000000000000000000000000000000000000000000000000000000000000000
000000000000000000000000000000000000000000000000000000000000000000000000
000000000000000000000000000000000000000000000000000000000000000000000000
000000000000000000000000000000000000000000000000000000000000000000000000
000000000000000000000000000000000000000000000000000000000000000000000000
000000000000000000000000000000000000000000000000000000000000000000000000
000000000000000000000000000000000000000000000000000000000000000000000000
000000000000000000000000000000000000000000000000000000000000000000000000
000000000000000000000000000000000000000000000000000000000000000000000000
000000000000000000000000000000000000000000000000000000000000000000000000
000000000000000000000000000000000000000000000000000000000000000000000000
000000000000000000000000000000000000000000000000000000000000000000000000
000000000000000000000000000000000000000000000000000000000000000000000000
000000000000000000000000000000000000000000000000000000000000000000000000
000000000000000000000000000000000000000000000000000000000000000000000000
000000000000000000000000000000000000000000000000000000000000000000000000
000000000000000000000000000000000000000000000000000000000000000000000000
000000000000000000000000000000000000000000000000000000000000000000000000
000000000000000000000000000000000000000000000000000000000000000000000000
000000000000000000000000000000000000000000000000000000000000000000000000
000000000000000000000000000000000000000000000000000000000000000000000000
000000000000000000000000000000000000000000000000000000000000000000000000
000000000000000000000000000000000000000000000000000000000000000000000000
000000000000000000000000000000000000000000000000000000000000000000000000
000000000000000000000000000000000000000000000000000000000000000000000000
000000000000000000000000000000000000000000000000000000000000000000000000
000000000000000000000000000000000000000000000000000000000000000000000000
000000000000000000000000000000000000000000000000000000000000000000000000
000000000000000000000000000000000000000000000000000000000000000000000000
000000000000000000000000000000000000000000000000000000000000000000000000
000000000000000000000000000000000000000000000000000000000000000000000000
000000000000000000000000000000000000000000000000000000000000000000000000
000000000000000000000000000000000000000000000000000000000000000000000000
000000000000000000000000000000000000000000000000000000000000000000000000
000000000000000000000000000000000000000000000000000000000000000000000000
000000000000000000000000000000000000000000000000000000000000000000000000
000000000000000000000000000000000000000000000000000000000000000000000000
000000000000000000000000000000000000000000000000000000000000000000000000
000000000000000000000000000000000000000000000000000000000000000000000000
000000000000000000000000000000000000000000000000000000000000000000000000
000000000000000000000000000000000000000000000000000000000000000000000000
000000000000000000000000000000000000000000000000000000000000000000000000
000000000000000000000000000000000000000000000000000000000000000000000000
000000000000000000000000000000000000000000000000000000000000000000000000
000000000000000000000000000000000000000000000000000000000000000000000000
000000000000000000000000000000000000000000000000000000000000000000000000
000000000000000000000000000000000000000000000000000000000000000000000000
000000000000000000000000000000000000000000000000000000000000000000000000
000000000000000000000000000000000000000000000000000000000000000000000000
000000000000000000000000000000000000000000000000000000000000000000000000
000000000000000000000000000000000000000000000000000000000000000000000000
000000000000000000000000000000000000000000000000000000000000000000000000
000000000000000000000000000000000000000000000000000000000000000000000000
000000000000000000000000000000000000000000000000000000000000000000000000
000000000000000000000000000000000000000000000000000000000000000000000000
000000000000000000000000000000000000000000000000000000000000000000000000
000000000000000000000000000000000000000000000000000000000000000000000000
000000000000000000000000000000000000000000000000000000000000000000000000
000000000000000000000000000000000000000000000000000000000000000000000000
000000000000000000000000000000000000000000000000000000000000000000000000
000000000000000000000000000000000000000000000000000000000000000000000000
000000000000000000000000000000000000000000000000000000000000000000000000
000000000000000000000000000000000000000000000000000000000000000000000000
000000000000000000000000000000000000000000000000000000000000000000000000
000000000000000000000000000000000000000000000000000000000000000000000000
000000000000000000000000000000000000000000000000000000000000000000000000
000000000000000000000000000000000000000000000000000000000000000000000000
000000000000000000000000000000000000000000000000000000000000000000000000
000000000000000000000000000000000000000000000000000000000000000000000000
000000000000000000000000000000000000000000000000000000000000000000000000
000000000000000000000000000000000000000000000000000000000000000000000000
000000000000000000000000000000000000000000000000000000000000000000000000
000000000000000000000000000000000000000000000000000000000000000000000000
000000000000000000000000000000000000000000000000000000000000000000000000
000000000000000000000000000000000000000000000000000000000000000000000000
000000000000000000000000000000000000000000000000000000000000000000000000
000000000000000000000000000000000000000000000000000000000000000000000000
000000000000000000000000000000000000000000000000000000000000000000000000
000000000000000000000000000000000000000000000000000000000000000000000000
000000000000000000000000000000000000000000000000000000000000000000000000
000000000000000000000000000000000000000000000000000000000000000000000000
000000000000000000000000000000000000000000000000000000000000000000000000
000000000000000000000000000000000000000000000000000000000000000000000000
000000000000000000000000000000000000000000000000000000000000000000000000
000000000000000000000000000000000000000000000000000000000000000000000000
000000000000000000000000000000000000000000000000000000000000000111100000
000000000000000000000000000000000000000000000000000000000001111111100000
000000000000000000000000000000000000000000000000000000000001111111100000
000000000000000000000000000000000000000000000000000000000000000111100000
000000000000000000000000000000000000000000000000000000000000000111100000
000000000000000000000000000000000000000000000000000000000000000111100000
000000000000000000000000000000000000000000000000000000000000000111100000
000000000000000000000000000000000000000000000000000000000000000111100000
000000000000000000000000000000000000000000000000000000000000000111100000
000000000000000000000000000000000000000000000000000000000000000111100000
000000000000000000000000000000000000000000000000000000000000000111100000
000000000000000000000000000000000000000000000000000000000000000111100000
000000000000000000000111111000000000000000000111100000000000000111100000
000000000000000000111111111111000000000000111111111100000000000111100000
000000000000000001110000001111000000000011110000011110000000000111100000
000000000000000011100000000011000000000111000000001111000000000111100000
000000000000000011000000000011000000001111000000000111100000000111100000
000000000000000111000000000001000000011110000000000111100000000111100000
000000000000000111000000000001000000011110000000000111110000000111100000
000000000000000111100000000000000000111100000000000011110000000111100000
000000000000000111110000000000000000111100000000000011110000000111100000
000000000000000111111100000000000000111100000000000011110000000111100000
000000000000000011111111111000000001111111111111111111110000000111100000
000000000000000001111111111110000001111111111111111111110000000111100000
000000000000000000111111111111100001111100000000000000000000000111100000
000000000000000000000111111111110001111100000000000000000000000111100000
000000000000000000000000011111110001111100000000000000000000000111100000
000000000000000000000000000111110000111100000000000000000000000111100000
000000000000000100000000000011110000111110000000000000000000000111100000
000000000000000100000000000001110000111110000000000000000000000111100000
000000000000000100000000000001110000111111000000000000000000000111100000
000000000000000110000000000011110000011111100000000000000000000111100000
000000000000000110000000000011100000001111110000000000110000000111100000
000000000000000111000000000111000000001111111100000111100000000111110000
000000000000000111111000011110000000000011111111111111000001111111111110
000000000000000111111111111000000000000001111111111100000001111111111110
000000000000000000011110000000000000000000000111000000000000000000000000
000000000000000000000000000000000000000000000000000000000000000000000000
000000000000000000000000000000000000000000000000000000000000000000000000
000000000000000000000000000000000000000000000000000000000000000000000000
000000000000000000000000000000000000000000000000000000000000000000000000
000000000000000000000000000000000000000000000000000000000000000000000000
000000000000000000000000000000000000000000000000000000000000000000000000
000000000000000000000000000000000000000000000000000000000000000000000000
000000000000000000000000000000000000000000000000000000000000000000000000
000000000000000000000000000000000000000000000000000000000000000000000000
000000000000000000000000000000000000000000000000000000000000000000000000
000000000000000000000000000000000000000000000000000000000000000000000000
000000000000000000000000000000000000000000000000000000000000000000000000
000000000000000000000000000000000000000000000000000000000000000000000000
000000000000000000000000000000000000000000000000000000000000000000000000
000000000000000000000000000000000000000000000000000000000000000000000000
000000000000000000000000000000000000000000000000000000000000000000000000
000000000000000000000000000000000000000000000000000000000000000000000000
000000000000000000000000000000000000000000000000000000000000000000000000
000000000000000000000000000000000000000000000000000000000000000000000000
000000000000000000000000000000000000000000000000000000000000000000000000
000000000000000000000000000000000000000000000000000000000000000000000000
000000000000000000000000000000000000000000000000000000000000000000000000
000000000000000000000000000000000000000000000000000000000000000000000000
000000000000000000000000000000000000000000000000000000000000000000000000
000000000000000000000000000000000000000000000000000000000000000000000000
000000000000000000000000000000000000000000000000000000000000000000000000
000000000000000000000000000000000000000000000000000000000000000000000000
