000000000000000000000000000000000000000000000000000000000000000000000000
000000000000000000000000000000000000000000000000000000000000000000000000
000000000000000000000000000000000000000000000000000000000000000000000000
000000000000000000000000000000000000000000000000000000000000000000000000
000000000000000000000000000000000000000000000000000000000000000000000000
000000000000000000000000000000000000000000000000000000000000000000000000
000000000000000000000000000000000000000000000000000000000000000000000000
000000000000000000000000000000000000000000000000000000000000000000000000
000000000000000000011000000000000000000000000000000000000000000000000000
110000000000000000111100000000000000000000000000000000000000000000000000
111100000000000001111100000000000000000000000000000000000000000000000000
111111000000000001111110000000000000000000000000000000000000000000000000
011111100000000000111100000000000000000000000000000000000000000000000000
000111110000000000011000000000000000000000000000000000000000000000000000
000111111000000000000000000000000000000000000000000000000000000000000000
000011111100000000000000000000000000000000000000000000000000000000000000
000001111100000000000000000000000000000000000000000000000000000000000000
000001111110000000000000000000000000000000000000000000000000000000000000
000001111110000000000000000000000000000000000000000000000000000000000000
000000111110000000000100000000000001111111000000000000000000011111000000
000000111110000001111100000000000111111111111000000000000011111111110000
000000111111001111111100000000011100000001111000000000001111111111111000
000000111111001111111100000000111000000000111000000000111100000011111000
000000111111000000111100000000111000000000011000000001110000000000111000
000000111111000000111100000001111000000000011000000011110000000000010000
000000111111000000111100000001111000000000011000000111100000000000010000
000000111110000000111100000001111000000000000000000111100000000000010000
000000111110000000111100000001111100000000000000001111000000000000000000
000000111110000000111100000001111111100000000000001111000000000000000000
000000111110000000111100000000111111111110000000001111000000000000000000
000000111100000000111100000000011111111111110000001111000000000000000000
000001111100000000111100000000000111111111111000001111000000000000000000
000001111000000000111100000000000001111111111100001111000000000000000000
000011111000000000111100000000000000000111111100001111000000000000000000
000011110000000000111100000000000000000000111110001111100000000000000000
000111110000000000111100000000000000000000011110001111100000000000000000
001111100000000000111100000001100000000000011110001111110000000000000000
011111000000000000111100000001100000000000011100000111110000000000000000
111110000000000000111100000001100000000000011100000111111000000000000000
111000000000000000111100000001110000000000111000000011111100000000000000
110000000000000001111110000001111000000001110000000001111111000000111000
000000000000001111111111110001111110000111100000000000111111111111110000
000000000000001111111111110001111111111110000000000000001111111111100000
000000000000000000000000000000000001000000000000000000000000100000000000
000000000000000000000000000000000000000000000000000000000000000000000000
000000000000000000000000000000000000000000000000000000000000000000000000
000000000000000000000000000000000000000000000000000000000000000000000000
000000000000000000000000000000000000000000000000000000000000000000000000
000000000000000000000000000000000000000000000000000000000000000000000000
000000000000000000000000000000000000000000000000000000000000000000000000
000000000000000000000000000000000000000000000000000000000000000000000000
000000000000000000000000000000000000000000000000000000000000000000000000
000000000000000000000000000000000000000000000000000000000000000000000000
000000000000000000000000000000000000000000000000000000000000000000000000
000000000000000000000000000000000000000000000000000000000000000000000000
000000000000000000000000000000000000000000000000000000000000000000000000
000000000000000000000000000000000000000000000000000000000000000000000000
000000000000000000000000000000000000000000000000000000000000000000000000
000000000000000000000000000000000000000000000000000000000000000000000000
000000000000000000000000000000000000000000000000000000000000000000000000
000000000000000000000000000000000000000000000000000000000000000000000000
000000000000000000000000000000000000000000000000000000000000000000000000
000000000000000000000000000000000000000000000000000000000000000000000000
000000000000000000000000000000000000000000000000000000000000000000000000
000000000000000000000000000000000000000000000000000000000000000000000000
000000000000000000000000000000000000000000000000000000000000000000000000
000000000000000000000000000000000000000000000000000000000000000000000000
000000000000000000000000000000000000000000000000000000000000000000000000
000000000000000000000000000000000000000000000000000000000000000000000000
000000000000000000000000000000000000000000000000000000000000000000000000
111000000000000000000000000000000000000000000000000000000000000000000000
111000000000000000000000000000000000000000000000000000000000000000000000
111000000000000000000000000000000000000000000000000000000000000000000000
111000000000000000000000000000000000000000000000000000000000000000000000
111000000000000000000000000000000000000000000000000000000000000000000000
111000000000000000000000000000000000000000000000000000000000000000000000
111000000000000000000000000000000000000000000000000000000000000000000000
111000000000000000000000000000000000000000000000000000000000000000000000
111000000000000000000000000000000000000000000000000000000000000000000000
111000000000000000000000000000000000000000000000000000000000000000000000
111000000000000000000000000000000000000000000000000000000000000000000000
111000000000000000000000000000000000000000000000000000000000000000000000
111000000000000000001110000000000000000000000000000000000000000011100000
111000000000000011111111110000000000000000000000000000111100011111111100
111000000000000111000001111000000000000000000000001111111100111111111110
111000000000011110000000111100000000000000000000001111111101111001111111
111000000000111100000000011110000000000000000000000001111111000000011111
111000000001111000000000011111000000000000000000000001111110000000011111
111000000001111000000000001111000000000000000000000000111100000000001111
111000000011110000000000001111000000000000000000000000111100000000001111
111000000011110000000000001111000000000000000000000000111100000000001111
111000000011110000000000001111000000000000000000000000111100000000001111
111000000011111111000001111111000000000000000000000000111100000000000111
111000000011111111111111111111000000000000000000000000111100000000000111
111000000011110000000000000000000000000000000000000000111100000000000111
111000000011110000000000000000000000000000000000000000111100000000000111
111000000011110000000000000000000000000000000000000000111100000000000111
111000000011111000000000000000000000000000000000000000111100000000000111
111000000011111000000000000000000000000000000000000000111100000000000111
111000000011111000000000000000000000000000000000000000111100000000000111
111000000001111100000000000000000000000000000000000000111100000000000111
111000000001111110000000000000000000000000000000000000111100000000001111
111000000000111111000000000011000000000000000000000001111100000000001111
111000000000111111110000001110000000000000000000000001111100000000001111
111111100000001111111111111100000000000000000000001111111111100001111111
111111100000000111111111110000000000000000000000011111111111110011111111
000000000000000000011110000000000000000000000000000000000000000000000000
000000000000000000000000000000000000000000000000000000000000000000000000
000000000000000000000000000000000000000000000000000000000000000000000000
000000000000000000000000000000000000000000000000000000000000000000000000
000000000000000000000000000000000000000000000000000000000000000000000000
000000000000000000000000000000000000000000000000000000000000000000000000
000000000000000000000000000000000000000000000000000000000000000000000000
000000000000000000000000000000000000000000000000000000000000000000000000
000000000000000000000000000000000000000000000000000000000000000000000000
000000000000000000000000000000000000000000000000000000000000000000000000
000000000000000000000000000000000000000000000000000000000000000000000000
000000000000000000000000000000000000000000000000000000000000000000000000
000000000000000000000000000000000000000000000000000000000000000000000000
000000000000000000000000000000000000000000000000000000000000000000000000
000000000000000000000000000000000000000000000000000000000000000000000000
000000000000000000000000000000000000000000000000000000000000000000000000
000000000000000000000000000000000000000000000000000000000000000000000000
000000000000000000000000000000000000000000000000000000000000000000000000
000000000000000000000000000000000000000000000000000000000000000000000000
000000000000000000000000000000000000000000000000000000000000000000000000
000000000000000000000000000000000000000000000000000000000000000000000000
000000000000000000000000000000000000000000000000000000000000000000000000
000000000000000000000000000000000000000000000000000000000000000000000000
000000000000000000000000000000000000000000000000000000000000000000000000
000000000000000000000000000000000000000000000000000000000000000000000000
000000000000000000000000000000000000000000000000000000000000000000000000
000000000000000000000000000000000000000000000000000000000000000000000000
000000000000000000000000000000000000000000000000000000000000000000000000
000000000000000000000000000000000000000000000000000000000000000000000000
000000000000000000000000000000000000000000000000000000000000000000000000
000000000000000000000000000000000000000000000000000000000000000000000000
000000000000000000000000000000000000000000000000000000000000000000000000
000000000000000000000000000000000000000000000000000000000000000000000000
000000000000000000000000000000000000000000000000000000000000000000000000
000000000000000000000000000000000000000000000000000000000000000000000000
000000000000000000000000000000000000000000000000000000000000000000000000
000000000000000000000000000000000000000000000000000000000000000000000000
000000000000000000000000000000000000000000000000000000000000000000000000
000000000000000000000000000000000000000000000000000000000000000000000000
000000000000000000000000000000000000000000000000000000000000000000000000
111111000000000000000111000011111000000000111111111100000000000000011111
111111110000000011111111000111111000000001111000111111000000000001111000
111111111000000011111111001111111000000111100000001111100000000011100000
000011111100000000011111011111111000001111000000000111110000000111000000
000001111110000000001111110000011000011110000000000011111000000111000000
000000111111000000001111100000001000011110000000000001111100000111000000
000000011111000000001111100000000000111100000000000001111100000111000000
000000011111000000001111000000000000111100000000000000111110000111100000
000000001111000000001111000000000000111100000000000000111110000111111000
000000001111000000001111000000000001111100000000000000111110000111111111
000000001111000000001111000000000001111100000000000000111110000011111111
000000001111000000001111000000000001111100000000000000111110000001111111
000000001111000000001111000000000001111100000000000000111110000000001111
000000001111000000001111000000000001111100000000000000111110000000000001
000000001110000000001111000000000001111100000000000000111110000000000000
000000011110000000001111000000000000111110000000000000111100000000000000
000000011100000000001111000000000000111110000000000000111100000100000000
000000111000000000001111000000000000111110000000000000111100000100000000
000001111000000000001111000000000000011111000000000001111000000100000000
000011100000000000001111000000000000011111000000000001110000000110000000
000111000000000000001111000000000000001111100000000011100000000111000000
111100000000000001111111111100000000000111111000000111000000001111100000
111000000000000011111111111110000000000001111111111100000000001111111111
000000000000000000000000000000000000000000011111100000000000000001111111
000000000000000000000000000000000000000000000000000000000000000000000000
000000000000000000000000000000000000000000000000000000000000000000000000
000000000000000000000000000000000000000000000000000000000000000000000000
000000000000000000000000000000000000000000000000000000000000000000000000
000000000000000000000000000000000000000000000000000000000000000000000000
000000000000000000000000000000000000000000000000000000000000000000000000
000000000000000000000000000000000000000000000000000000000000000000000000
000000000000000000000000000000000000000000000000000000000000000000000000
000000000000000000000000000000000000000000000000000000000000000000000000
