000000000000000011111111111100011111111111100000001111111100000011111100
000000000000000000000000000000000000000000000000000000000000000000000000
000000000000000000000000000000000000000000000000000000000000000000000000
000000000000000000000000000000000000000000000000000000000000000000000000
000000000000000000000000000000000000000000000000000000000000000000000000
000000000000000000000000000000000000000000000000000000000000000000000000
000000000000000000000000000000000000000000000000000000000000000000000000
000000000000000000000000000000000000000000000000000000000000000000000000
000000000000000000000000000000000000000000000000000000000000000000000000
000000000000000000000000000000000000000000000000000000000000000000000000
000000000000000000000000000000000000000000000000000000000000000000000000
000000000000000000000000000000000000000000000000000000000000000000000000
000000000000000000000000000000000000000000000000000000000000000000000000
000000000000000000000000000000000000000000000000000000000000000000000000
000000000000000000000000000000000000000000000000000000000000000000000000
000000000000000000000000000000000000000000000000000000000000000000000000
000000000000000000000000000000000000000000000000000000000000000000000000
000000000000000000000000000000000000000000000000000000000000000000000000
000000000000000000000000000000000000000000000000000000000000000000000000
000000000000000000000000000000000000000000000000000000000000000000000000
000000000000000000000000000000000000000000000000000000000000000000000000
000000000000000000000000000000000000000000000000000000000000000000000000
000000000000000000000000000000000000000000000000000000000000000000000000
000000000000000000000000000000000000000000000000000000000000000000000000
000000000000000000000000000000000000000000000000000000000000000000000000
000000000000000000000000000000000000000000000000000000000000000000000000
000000000000000000000000000000000000000000000000000000000000000000000000
000000000000000000000000000000000000000000000000000000000000000000000000
000000000000000000000000000000000000000000000000000000000000000000000000
000000000000000000000000000000000000000000000000000000000000000000000000
000000000000000000000000000000000000000000000000000000000000000000000000
000000000000000000000000000000000000000000000000000000000000000000000000
000000000000000000000000000000000000000000000000000000000000000000000000
000000000000000000000000000000000000000000000000000110000000000000000000
000000000000000000000000000000000000000000000000011110000000000000000000
000000000000000000000000000000000000000000000000111110000000000000000000
000000000000000000000000000000000000000000000000111100000000000000000000
000000000000000000000000000000000000000000000000111100000000000000000000
000000000000000000000000000000000000000000000000111100000000000000000000
000000000000000000000000000000000000000000000000111100000000000000000000
000000000000000000000000000000000000000000000000111100000000000000000000
000000011111111000000000001111111110000000000000111100000000000000000011
000011111111111110000000111111111111000000000000111111111110000000001111
000111100001111100000011110000111111100000000111111111111110000000111100
011100000000011100000011100000001111110000001111111111111110000001110000
111100000000001100000011000000000111110000000000111100000000000011100000
111000000000001100000011000000000011110000000000111100000000000111000000
111000000000000100000000000000000011110000000000111100000000001111000000
110000000000000000000000000000000011110000000000111100000000001110000000
110000000000000000000000000000000011110000000000111100000000011110000000
110000000000000000000000000001111111110000000000111100000000011110000000
110000000000000000000000001111110011110000000000111100000000011110000000
110000000000000000000001111100000011110000000000111100000000011110000000
110000000000000000000011110000000011110000000000111100000000011110000000
110000000000000000000111100000000011110000000000111100000000011110000000
110000000000000000000111100000000011110000000000111100000000011111000000
111000000000000000001111000000000011110000000000111100000000011111000000
111000000000000000001111000000000011110000000000111100000000011111000000
111100000000000000001111000000000011110000000000111100000000001111100000
111110000000000000001111100000000111110000000000111100000000001111110000
111111000000000000001111100000011011110000000000111110000000000111111000
011111100000000110000111111001110011111000000000111111111100000011111110
001111111111111100000111111111100011111110000000011111111000000001111111
000111111111111000000011111110000011111111000000001111111000000000111111
000000111111000000000000000000000000000000000000000000000000000000000111
000000000000000000000000000000000000000000000000000000000000000000000000
000000000000000000000000000000000000000000000000000000000000000000000000
000000000000000000000000000000000000000000000000000000000000000000000000
000000000000000000000000000000000000000000000000000000000000000000000000
000000000000000000000000000000000000000000000000000000000000000000000000
000000000000000000000000000000000000000000000000000000000000000000000000
000000000000000000000000000000000000000000000000000000000000000000000000
000000000000000000000000000000000000000000000000000000000000000000000000
000000000000000000000000000000000000000000000000000000000000000000000000
000000000000000000000000000000000000000000000000000000000000000000000000
000000000000000000000000000000000000000000000000000000000000000000000000
000000000000000000000000000000000000000000000000000000000000000000000000
000000000000000000000000000000000000000000000000000000000000000000000000
000000000000000000000000000000000000000000000000000000000000000000000000
000000000000000000000000000000000000000000000000000000000000000000000000
000000000000000000000000000000000000000000000000000000000000000000000000
000000000000000000000000000000000000000000000000000000000000000000000000
000000000000000000000000000000000000000000000000000000000000000000000000
000000000000000000000000000000000000000000000000000000000000000000000000
000000000000000000000000000000000000000000000000000000000000000000000000
000000000000000000000000000000000000000000000000000000000000000000000000
000000000000000000000000000000000000000000000000000000000000000000000000
000000000000000000000000000000000000000000000000000000000000000000000000
000000000000000000000000000000000000000000000000000000000000000000000000
000000000000000000000000000000000000000000000000000000000000000000000000
000000000000000000000000000000000000000000000000000000000000000000000000
000000000000000000000000000000000000000000000000000000000000000000000000
000000000000000000000000000000000000000000000000000000000000000000000000
000000001111000000000000000000000000000000000000000000000000000000000000
000000011111000000000000000000000000000000000000000000000000000000000000
000000011111100000000000000000000000000000000000000000000000000000000000
000000011111000000000000000000000000000000000000000000000000000000000001
000000001111000000000000000000000000000000000000000000000000000000000111
000000000000000000000000000000000000000000000000000000000000000000011111
000000000000000000000000000000000000000000000000000000000000000000011111
000000000000000000000000000000000000000000000000000000000000000000011110
000000000000000000000000000000000000000000000000000000000000000000011110
000000000000000000000000000000000000000000000000000000000000000000011110
000000000000000000000000000000000000000000000000000000000000000000011110
000000000011000000000000000111111100000000000000111111111000000000011110
000000111111000000000000111110011111000000000011110001111110000000011111
000011111111000000000001110000000111100000000111000000011110000001111111
000000011111000000000011100000000011110000001110000000001110000111111111
000000001111000000000111000000000011111000001110000000000110000000011110
000000001111000000001111000000000001111000011110000000000110000000011110
000000001111000000001111000000000001111000011110000000000000000000011110
000000001111000000011110000000000001111100011110000000000000000000011110
000000001111000000011110000000000001111100011111100000000000000000011110
000000001111000000011111000000000001111100001111111110000000000000011110
000000001111000000011111111111111111111100001111111111110000000000011110
000000001111000000011111111111111100000000000111111111111110000000011110
000000001111000000011110000000000000000000000000111111111111000000011110
000000001111000000011110000000000000000000000000000111111111000000011110
000000001111000000011111000000000000000000000000000000011111100000011110
000000001111000000011111000000000000000000000000000000001111100000011110
000000001111000000011111000000000000000000011000000000000111100000011110
000000001111000000001111100000000000000000011000000000000111000000011110
000000001111000000001111100000000000000000011000000000000111000000011111
000000001111000000001111110000000000001000011000000000001111000000011111
000000001111000000000111111100000000111000011100000000001110000000011111
000000011111110000000011111111111111110000011110000000111100000000001111
110011111111111100000000111111111111000000011111111111110000000000000111
000000000000000000000000001111111000000000000111111110000000000000000001
000000000000000000000000000000000000000000000000000000000000000000000000
000000000000000000000000000000000000000000000000000000000000000000000000
000000000000000000000000000000000000000000000000000000000000000000000000
000000000000000000000000000000000000000000000000000000000000000000000000
000000000000000000000000000000000000000000000000000000000000000000000000
000000000000000000000000000000000000000000000000000000000000000000000000
000000000000000000000000000000000000000000000000000000000000000000000000
000000000000000000000000000000000000000000000000000000000000000000000000
000000000000000000000000000000000000000000000000000000000000000000000000
000000000000000000000000000000000000000000000000000000000000000000000000
000000000000000000000000000000000000000000000000000000000000000000000000
000000000000000000000000000000000000000000000000000000000000000000000000
000000000000000000000000000000000000000000000000000000000000000000000000
000000000000000000000000000000000000000000000000000000000000000000000000
000000000000000000000000000000000000000000000000000000000000000000000000
000000000000000000000000000000000000000000000000000000000000000000000000
000000000000000000000000000000000000000000000000000000000000000000000000
000000000000000000000000000000000000000000000000000000000000000000000000
000000000000000000000000000000000000000000000000000000000000000000000000
000000000000000000000000000000000000000000000000000000000000000000000000
000000000000000000000000000000000000000000000000000000000000000000000000
000000000000000000000000000000000000000000000000000000000000000000000000
000000000000000000000000000000000000000000000000000000000000000000000000
000000000000000000000000000000000000000000000000000000000000000000000000
000000000000000000000000000000000000000000000000000000000000000000000000
000000000000000000000000000000000000000000000000000000000000000000000000
000000000000000000000000000000000000000000000000000000000000000000000000
000000000000000000000000000000000000000000000000000000000000000000000000
000000000000000000000000000000000000000000000000000000000000000000000000
000000000000000000000000000000000000000000000000000000000000000000000000
000000000000000000000000000000000000000000000000000000000000000000000000
000000000000000000000000000000000000000000000000000000000000000000000000
000000000000000000000000000000000000000000000000000000000000000000000000
000000000000000000000000000000000000000000000000000000000000000000000000
000000000000000000000000000000000000000000000000000000000000000000000000
000000000000000000000000000000000000000000000000000000000000000000000000
000000000000000000000000000000000000000000000000000000000000000000000000
000000000000000000000000000000000000000000000000000000000000000000000000
000000000000000000000000000000000000000000000000000000000000000000000000
000000000000000000000000000000000000000000000000000000000000000000000000
000000000000000000000000000000000000000000000000000000000000000000000000
000000000000000000000000000000000000000000110000000000000000000000000000
000000000000000000000011111111111100000000110000000011111111110000000001
000000000000000000000000011111100000000001110000000000011111000000000011
000000000000000000000000011111000000000001111000000000001110000000000111
000000000000000000000000001111000000000001111000000000001110000000001110
000000000000000000000000001111100000000011111100000000001100000000011110
000000000000000000000000000111100000000011111100000000011100000000111100
000000000000000000000000000111100000000110111100000000011000000000111100
000000000000000000000000000111110000000110111110000000011000000000111100
000000000000000000000000000011110000001100011110000000110000000001111100
