101111000000000000000000000000000000000000000000000000000000000000000000
111110000000000000000000000000000000000000000000000000000000000000000000
111100000000000000000000000000000000000000000000000000000000000000000000
110000000000000000000000000000000000000000000000000000000000000000000000
000000000000000000000000000000000000000000000000000000000000000000000000
000000000000000000000000000000000000000000000000000000000000000000000000
000000000000000000000000000000000000000000000000000000000000000000000000
000000000000000000000000000000000000000000000000000000000000000000000000
000000000000000000000000000000000000000000000000000000000000000000000000
000000000000000000000000000000000000000000000000000000000000000000000000
000000000000000000000000000000000000000000000000000000000000000000000000
000000000000000000000000000000000000000000000000000000000000000000000000
000000000000000000000000000000000000000000000000000000000000000000000000
000000000000000000000000000000000000000000000000000000000000000000000000
000000000000000000000000000000000000000000000000000000000000000000000000
000000000000000000000000000000000000000000000000000000000000000000000000
000000000000000000000000000000000000000000000000000000000000000000000000
000000000000000000000000000000000000000000000000000000000000000000000000
000000000000000000000000000000000000000000000000000000000000000000000000
000000000000000000000000000000000000000000000000000000000000000000000000
000000000000000000000000000000000000000000000000000000000000000000000000
000000000000000000000000000000000000000000000000000000000000000000000000
000000000000000000000000000000000000000000000000000000000000000000000000
000000000000000000000000000000000000000000000000000000000000000000000000
000000000000000000000000000000000000000000000000000000000000000000000000
000000000000000000000000000000000000000000000000000000000000000000000000
000000000000000000000000000000000000000000000000000000000000000000000000
000000000000000000000000000000000000000000000000000000000000000000000000
000000000000000000000000000000000000000000000000000000000000000000000000
000000000000000000000000000000000000000000000000000000000000000000000000
000011000001111100000001111111111000000000000001111111100000000000000000
111111000111111100000111100001111100000000000111100011111000000000000000
111111000111111100001110000000011100000000011110000001111100000000000000
001111001111111100001110000000001100000000111100000000111110000000000000
001111111000011000011100000000000100000001111000000000011110000000000000
001111110000001000011100000000000100000001110000000000011111000000000000
001111100000000000011100000000000100000011110000000000011111000000000000
001111100000000000011110000000000000000011110000000000001111000000000000
001111100000000000011111100000000000000011110000000000001111000000000000
001111000000000000011111111110000000000111110000000000001111000000000000
001111000000000000001111111111110000000111111111111111111111000000000000
001111000000000000000111111111111100000111111111111111000000000000000000
001111000000000000000001111111111110000111110000000000000000000000000000
001111000000000000000000000111111111000111110000000000000000000000000000
001111000000000000000000000000111111000111110000000000000000000000000000
001111000000000000000000000000001111000011110000000000000000000000000000
001111000000000000010000000000001111000011111000000000000000000000000000
001111000000000000010000000000000111000011111000000000000000000000000000
001111000000000000010000000000001111000011111100000000000000000000111100
001111000000000000011000000000001110000001111110000000000010000001111110
001111100000000000011100000000011100000000111111100000001110000001111110
011111110000000000011110000000111000000000011111111111111100000001111110
111111111110000000111111111111110000000000001111111111111000000000111100
000000000000000000000111111110000000000000000001111111000000000000000000
000000000000000000000000000000000000000000000000000000000000000000000000
000000000000000000000000000000000000000000000000000000000000000000000000
000000000000000000000000000000000000000000000000000000000000000000000000
000000000000000000000000000000000000000000000000000000000000000000000000
000000000000000000000000000000000000000000000000000000000000000000000000
000000000000000000000000000000000000000000000000000000000000000000000000
000000000000000000000000000000000000000000000000000000000000000000000000
000000000000000000000000000000000000000000000000000000000000000000000000
000000000000000000000000000000000000000000000000000000000000000000000000
000000000000000000000000000000000000000000000000000000000000000000000000
000000000000000000000000000000000000000000000000000000000000000000000000
000000000000000000000000000000000000000000000000000000000000000000000000
000000000000000000000000000000000000000000000000000000000000000000000000
000000000000000000000000000000000000000000000000000000000000000000000000
000000000000000000000000000000000000000000000000000000000000000000000000
000000000000000000000000000000000000000000000000000000000000000000000000
000000000000000000000000000000000000000000000000000000000000000000000000
000000000000000000000000000000000000000000000000000000000000000000000000
000000000000000000000000000000000000000000000000000000000000000000000000
000000000000000000000000000000000000000000000000000000000000000000000000
000000000000000000000000000000000000000000000000000000000000000000000000
000000000000000000000000000000000000000000000000000000000000000000000000
000000000000000000000000000000000000000000000000000000000000000000000000
000000000000000000000000000000000000000000000000000000000000000000000000
000000000000000000000000000000000000000000000000000000000000000000000000
000000000000000000000000000000000000000000000000000000000000000000000000
000000000000000000000000000000000000000000001100000000000000000000000000
000000000000000000000000000000000000000011111100000000000000000000000000
000000000000000000000000000000000000001111111100000000000000000000000000
000000000000000000000000000000000000000001111100000000000000000000000000
000000000000000000000000000000000000000000111100000000000000000000000000
000000000000000000000000000000000000000000111100000000000000000000000000
000000000000000000000000000000000000000000111100000000000000000000000000
000000000000000000000000000000000000000000111100000000000000000000000000
000000000000000000000000000000000000000000111100000000000000000000000000
000000000000000000000000000000000000000000111100000000000000000000000000
000000000000000000000000000000000000000000111100000000000000000000000000
000000000000000000000000000000000000000000111100000000000000000000000000
000000000000000000000000000000000000000000111100000000000000000000000000
000111100000011100011100000000000000000000111100000111111000000000000000
111111100000011111111100000000000000000000111100011111111110000000000000
111100000000000111100000000000000000000000111100111111111111000000000001
111000000000000011100000000000000000000000111101110000011111100000000011
111100000000000011000000000000000000000000111111000000001111100000000011
111100000000000110000000000000000000000000111110000000000111100000000011
111100000000000110000000000000000000000000111100000000000111110000000010
111110000000001110000000000000000000000000111100000000000111110000000000
011110000000001100000000000000000000000000111100000000000011110000000000
011111000000011100000000000000000000000000111100000000000011110000000000
011111000000011000000000000000000000000000111100000000000011110000000000
001111000000011000000000000000000000000000111100000000000011110000000000
001111100000110000000000000000000000000000111100000000000011110000000011
000111100000110000000000000000000000000000111100000000000011110000000111
000111100001100000000000000000000000000000111100000000000011110000000111
000011110001100000000000000000000000000000111100000000000011110000001111
000011110001100000000000000000000000000000111100000000000011110000001111
000011111011000000000000000000000000000000111100000000000011110000001111
000001111111000000000000000000000000000000111100000000000011110000001111
000001111110000000000000000000000000000000111100000000000011110000001111
000000111110000000000000000000000000000001111100000000000011110000001111
000000111100000000000000000000000000000001111110000000000011111000000111
000000111100000000000000000000000000001111111111110000000011111111000011
000000011100000000000000000000000000000000000000000000000000000000000000
000000011000000000000000000000000000000000000000000000000000000000000000
000000011000000000000000000000000000000000000000000000000000000000000000
000000110000000000000000000000000000000000000000000000000000000000000000
000000110000000000000000000000000000000000000000000000000000000000000000
000000100000000000000000000000000000000000000000000000000000000000000000
000001100000000000000000000000000000000000000000000000000000000000000000
000001100000000000000000000000000000000000000000000000000000000000000000
000011000000000000000000000000000000000000000000000000000000000000000000
000111000000000000000000000000000000000000000000000000000000000000000000
001110000000000000000000000000000000000000000000000000000000000000000000
111100000000000000000000000000000000000000000000000000000000000000000000
111000000000000000000000000000000000000000000000000000000000000000000000
110000000000000000000000000000000000000000000000000000000000000000000000
000000000000000000000000000000000000000000000000000000000000000000000000
000000000000000000000000000000000000000000000000000000000000000000000000
000000000000000000000000000000000000000000000000000000000000000000000000
000000000000000000000000000000000000000000000000000000000000000000000000
000000000000000000000000000000000000000000000000000000000000000000000000
000000000000000000000000000000000000000000000000000000000000000000000000
000000000000000000000000000000000000000000000000000000000000000000000000
000000000000000000000000000000000000000000000000000000000000000000000000
000000000000000000000000000000000000000000000000000000000000000000000000
000000000000000000000000000000000000000000000000000000000000000000000000
000000000000000000000000000000000000000000000000000000000000000000000000
000000000000000000000000000000000000000000000000000000000000000000000000
000000000000000000000000000000000000000000000000000000000000000000000000
000000000000000000000000000000000000000000000000000000000000000000000000
000000000000000000000000000000000000000000000000000000000000000000000000
000000000000000000000000000000000000000000000000000000000000000000000000
000000000000000000000000000000000000000000000000000000000000000000000000
000000000000000000000000000000000000000000000000000000000000000000000000
000000000000000000000000000000000000000000000000000000000000000000000000
000000000000000000000000000000000000000000000000000000000000000000000000
000000000000000000000000000000000000000000000000000000000000000000000000
000000000000000000000000000000000000000000000000000000000000000000000000
000000000000000000000000000000000000000000000000000000000000000000000000
000000000000000000000000000000000000000000000000000000000000000000000000
000000000000000000000000000000000000000000000000000000000000000000000000
000000000000000000000000000000000000000000000000000000000000000000000000
000000000000000000000000000000000000000000000000000000000000000000000000
000000000000000000000000000000000000000000000000000000000000000000000000
000000000000000000000000000000000000000000000000000000000000000000000000
000000000000000000000000000000000000000000000000000000000000000000000000
000000000000000000000000000000000000000000000000000000000000000000000000
000000000000000000000000000000000000000000000000000000000000000000000000
000000000000000000000000000000000000000000000000000000000000000000000000
000000000000000000000000000000000000000000000000000000000000000000000000
000000000000000000000000000000000000000000000000000000000000000000000000
000000000000000000000000000000000000000000000000000000000000000000000000
000000000000000000000000000000000000000000000000000000000000000000000000
000000000000000000000000000000000000000000000000000000000000000000000000
000000000000000000000000000000000000000000000000000000000000000000000000
000000000000000000000000000000000000000000000000000000000000000000000000
000000000000000000000000000000000000000000000000000000000000000000000000
000000000000000000000000000000000000000000000000000000000000000000000000
000000000000000000000000000000000000000000000000000000000000000000000000
000000000000000000000000000000000000000000000000000000000000000000000000
000000000000000000000000000000000000000000000000000000000000000000000000
000000000000000000000000000000000000000000000000000000000000000000000000
000000000000000000000000000000000000000000000000000000000000000000000000
000000000000000000000000000000000000000000000000000000000000000000000000
000000000000000000000000000000000000000000000000000000000000000000000000
