000000000000000000000000000000000000011100000011111100000000000001100000
000000000000000000000000000000000000011100000001111110000000000001100000
000000000000000000000000000000000000011100000000111111000000000001100000
000000000000000000000000000000000000011100000000011111100000000001100000
000000000000000000000000000000000000011100000000001111110000000001100000
000000000000000000000000000000000000011100000000001111110000000001100000
000000000000000000000000000000000000011100000000000111111000000001100000
000000000000000000000000000000000000011100000000000011111100000001100000
000000000000000000000000000000000000011100000000000001111110000001100000
000000000000000000000000000000000000011100000000000000111111000001100000
000000000000000000000000000000000000011100000000000000111111000001100000
000000000000000000000000000000000000011100000000000000011111100001100000
000000000000000000000000000000000000011100000000000000001111110001100000
000000000000000000000000000000000000011100000000000000000111111001100000
000000000000000000000000000000000000011100000000000000000011111101100000
000000000000000000000000000000000000011100000000000000000011111111100000
000000000000000000000000000000000000011100000000000000000001111111100000
100000000000000000000000000000000000011100000000000000000000111111100000
100000000000000000000000000000000000011100000000000000000000011111100000
100000000000000000000000000000000001111110000000000000000000001111100000
000000000000000000000000000000001111111111110000000000000000001111100000
000000000000000000000000000000000000000000000000000000000000000011110000
000000000000000000000000000000000000000000000000000000000000000000000000
000000000000000000000000000000000000000000000000000000000000000000000000
000000000000000000000000000000000000000000000000000000000000000000000000
000000000000000000000000000000000000000000000000000000000000000000000000
000000000000000000000000000000000000000000000000000000000000000000000000
000000000000000000000000000000000000000000000000000000000000000000000000
000000000000000000000000000000000000000000000000000000000000000000000000
000000000000000000000000000000000000000000000000000000000000000000000000
000000000000000000000000000000000000000000000000000000000000000000000000
000000000000000000000000000000000000000000000000000000000000000000000000
000000000000000000000000000000000000000000000000000000000000000000000000
000000000000000000000000000000000000000000000000000000000000000000000000
000000000000000000000000000000000000000000000000000000000000000000000000
000000000000000000000000000000000000000000000000000000000000000000000000
000000000000000000000000000000000000000000000000000000000000000000000000
000000000000000000000000000000000000000000000000000000000000000000000000
000000000000000000000000000000000000000000000000000000000000000000000000
000000000000000000000000000000000000000000000000000000000000000000000000
000000000000000000000000000000000000000000000000000000000000000000000000
000000000000000000000000000000000000000000000000000000000000000000000000
000000000000000000000000000000000000000000000000000000000000000000000000
000000000000000000000000000000000000000000000000000000000000000000000000
000000000000000000000000000000000000000000000000000000000000000000000000
000000000000000000000000000000000000000000000000000000000000000000000000
000000000000000000000000000000000000000000000000000000000000000000000000
000000000000000000000000000000000000000000000000000000000000000000000000
000000000000000000000000000000000000000000000000000000000000000000000000
000000000000000000000000000000000000000000000000000000000000000000000000
000000000000000000000000000000000000000000000000000000000000000000000000
000000000000000000000000000000000000000000000000000000000000000000000000
000000000000000000000000000000000000000000000000000000000000000000000000
000000000000000000000000000000000000000000000000000000000000000000000000
000000000000000000000000000000000000000000000000000000000000000000000000
000000000000000000000000000000000000000000000000000000000000000000000000
000000000000000000000000000000000000000000000000000000000000000000000000
000000000000000000000000000000000000000000000000000000000000000000000000
000000000000000000000000000000000000000000000000000000000000000000000000
000000000000000000000000000000000000000000000000000000000000000000000000
000000000000000000000000000000000000000000000000000000000000000000000000
100001111110000000001111110000000000000000000000000000000000000000000000
100011111111100000011111111100000000000000000000000000000000000000000000
100111111111110000111111111110000000000000000000000000000000000000000000
101110000111111001110000111111000000000000000000000000000000000000000000
111000000011111111000000011111000000000000000000000000000000000000000000
110000000001111110000000001111000000000000000000000000000000000000000000
100000000001111100000000001111100000000000000000000000000000000000000000
100000000001111100000000001111100000000000000000000000000000000000000000
100000000001111100000000001111100000000000000000000000000000000000000000
100000000001111100000000001111100000000000000000000000000000000000000000
100000000001111100000000001111100000000000000000000000000000000000000000
100000000001111100000000001111100000000000000000000000000000000000000000
100000000001111100000000001111100000000000000000000000000000000000000000
100000000001111100000000001111100000000000000000000000000000000000000000
100000000001111100000000001111100000000000000000000000000000000000000000
100000000001111100000000001111100000000000000000000000000000000000000000
100000000001111100000000001111100000000000000000000000000000000000000000
100000000001111100000000001111100000000000000000000000000000000000000000
100000000001111100000000001111100000000011100000000000000000000000000000
100000000001111100000000001111100000000111110000000000000000000000000000
100000000001111100000000001111100000000111111000000000000000000000000000
100000000001111100000000001111100000000111110000000000000000000000000000
111110011111111111110000001111111110000011110000000000000000000000000000
000000000000000000000000000000000000000001000000000000000000000000000000
000000000000000000000000000000000000000000000000000000000000000000000000
000000000000000000000000000000000000000000000000000000000000000000000000
000000000000000000000000000000000000000000000000000000000000000000000000
000000000000000000000000000000000000000000000000000000000000000000000000
000000000000000000000000000000000000000000000000000000000000000000000000
000000000000000000000000000000000000000000000000000000000000000000000000
000000000000000000000000000000000000000000000000000000000000000000000000
000000000000000000000000000000000000000000000000000000000000000000000000
000000000000000000000000000000000000000000000000000000000000000000000000
000000000000000000000000000000000000000000000000000000000000000000000000
000000000000000000000000000000000000000000000000000000000000000000000000
000000000000000000000000000000000000000000000000000000000000000000000000
000000000000000000000000000000000000000000000000000000000000000000000000
000000000000000000000000000000000000000000000000000000000000000000000000
000000000000000000000000000000000000000000000000000000000000000000000000
000000000000000000000000000000000000000000000000000000000000000000000000
000000000000000000000000000000000000000000000000000000000000000000000000
000000000000000000000000000000000000000000000000000000000000000000000000
000000000000000000000000000000000000000000000000000000000000000000000000
000000000000000000000000000000000000000000000000000000000000000000000000
000000000000000000000000000000000000000000000000000000000000000000000000
000000000000000000000000000000000000000000000000000000000000000000000000
000000000000000000000000000000000000000000000000000000000000000000000000
000000000000000000000000000000000000000000000000000000000000000000000000
000000000000000000000000000000000000000000000000000000000000000000000000
000000000000000000000000000000000000000000000000000000000000000000000000
000000000000000000000000000000000000000000000000000000000000000000000000
000000000000000000000000000000000000000000000000000000000000000000000000
000000000000000000000000000000000000000000000000000000000000000000000000
000000000000000000000000000000000000000000000000000000000000000000000000
000000000000000000000000000000000000000000000000000000000000000000000000
000000000000000000000000000000000000000000000000000000000000000000000000
000000000000000000000000000000000000000000000000000000000000000000000000
000000000000000000000000000000000000000000000000000000000000000000000000
000000000000000000000000000000000000000000000000000000000000000000000000
000000000000000000000000000000000000000000000000000000000000000000000000
000000000000000000000000000000000000000000000000000000000000000000000000
000000000000000000000000000000000000000000000000000000000000000000000000
000000000000000000000000000000000000000000000000000000000000000000000000
111110000000000000000000000111111000000000000000000000111111000000000000
111111100000000000000000111111111111000000000000000111111111111000000000
000111111111111000000011110000001111100000000000001110000001111110000000
000011111111111000000111100000000111110000000000011100000000011111000000
000001111111110000001111000000000011111000000000111000000000011111100000
000001111100000000001110000000000001111100000001111000000000001111100000
000000111100000000011110000000000000111110000011110000000000000111110000
000000111100000000011110000000000000111110000011110000000000000111110000
000000111100000000111100000000000000111110000111110000000000000111110000
000000111100000000111100000000000000011110000111110000000000000011111000
000000111100000000111100000000000000011111000111110000000000000011111000
000001111000000000111100000000000000011111000111110000000000000011111000
000001110000000000111100000000000000011111000111110000000000000011111000
000011100000000000111100000000000000011111000111110000000000000011111000
111111000000000000111110000000000000011110000111110000000000000011111000
111000000000000000111110000000000000011110000111110000000000000011110000
000000000000000000111110000000000000011110000111110000000000000011110000
000000000000000000011110000000000000111100000011111000000000000011110000
000000000000000000011111000000000000111100000011111000000000000111100000
000000000000000000011111100000000000111000000001111100000000000111000000
000000000000000000001111100000000001110000000001111110000000001111000000
111111111110000000000111110000000011100000000000111111000000011110000000
111111111111100000000011111100001111000000000000011111100000111000000000
111111111111100000000000111111111100000000000000000111111111100000000000
000000111111110000000000000011000000000000000000000000011000000000000000
000000000111110000000000000000000000000000000000000000000000000000000000
000000000011110000000000000000000000000000000000000000000000000000000000
000000000011110000000000000000000000000000000000000000000000000000000000
000000000011110000000000000000000000000000000000000000000000000000000000
000000000011110000000000000000000000000000000000000000000000000000000000
000000000011100000000000000000000000000000000000000000000000000000000000
000000000111100000000000000000000000000000000000000000000000000000000000
000000000111000000000000000000000000000000000000000000000000000000000000
000000001110000000000000000000000000000000000000000000000000000000000000
000000011100000000000000000000000000000000000000000000000000000000000000
000011111000000000000000000000000000000000000000000000000000000000000000
111111100000000000000000000000000000000000000000000000000000000000000000
111000000000000000000000000000000000000000000000000000000000000000000000
000000000000000000000000000000000000000000000000000000000000000000000000
000000000000000000000000000000000000000000000000000000000000000000000000
000000000000000000000000000000000000000000000000000000000000000000000000
000000000000000000000000000000000000000000000000000000000000000000000000
000000000000000000000000000000000000000000000000000000000000000000000000
000000000000000000000000000000000000000000000000000000000000000000000000
000000000000000000000000000000000000000000000000000000000000000000000000
000000000000000000000000000000000000000000000000000000000000000000000000
000000000000000000000000000000000000000000000000000000000000000000000000
000000000000000000000000000000000000000000000000000000000000000000000000
000000000000000000000000000000000000000000000000000000000000000000000000
000000000000000000000000000000000000000000000000000000000000000000000000
000000000000000000000000000000000000000000000000000000000000000000000000
000000000000000000000000000000000000000000000000000000000000000000000000
000000000000000000000000000000000000000000000000000000000000000000000000
000000000000000000000000000000000000000000000000000000000000011100000000
000000000000000000000000000000000000000000000000000000000111111100000000
