000000000000000000000000000000000000000000000000000000000000000000000000
000000000000000000000000000000000000000000000000000000000000000000000000
000000000000000000000000000000000000000000000000000000000000000000000000
000000000000000000000000000000000000000000000000000000000000000000000000
000000000000000000000000000000000000000000000000000000000000000000000000
000000000000000000000000000000000000000000000000000000000000000000000000
000000000000000000000000000000000000000000000000000000000000000000000000
000000000000000000000000000000000000000000000000000000000000000000000000
000000000000000000000000000000000000000000000000000000000000000000000000
000000000000000000000000000000000000000000000000000000000000000000000000
000000000000000000000000000000000000000000000000000000000000000000000000
000000000000000000000000000000000000000000000000000000000000000000000000
000000000000000000000000000000000000000000000000000000000000000000000000
000000000000000000000000000000000000000000000000000000000000000000000000
000000000000000000000000000000000000000000000000000000000000000000000000
000000000000000000000000000000000000000000000000000000000000000000000000
000000000000000000000000000000000000000000000000000000000000000000000000
000000000000000000000000000000000000000000000000000000000000000000000000
000000000000000000000000000000000000000000000000000000000000000000000000
000000000001111110000000000000000011000001111100000000000000000000000000
000000001111111111110000000000011111000111111111100000000000000000000000
000000111100000011111000000011111111001111111111110000000000000000000000
000001111000000001111100000011111111011100001111111000000000000000000000
000011110000000000111110000000011111110000000011111000000000000000000000
000011100000000000011111000000011111100000000011111000000000000000000000
000111100000000000011111000000011111000000000001111100000000000000000000
001111100000000000001111100000011111000000000001111100000000000000000000
001111000000000000001111100000011111000000000001111100000000000000000000
001111000000000000001111100000011111000000000000111100000000000000000000
001111000000000000000111100000011111000000000000111100000000000000000000
001111000000000000000111110000011111000000000000111100000000000000000000
001111000000000000000111100000011111000000000000111100000000000000000000
001111000000000000000111100000011111000000000000111100000000000000000000
001111000000000000000111100000011111000000000000111100000000000000000000
001111100000000000000111100000011111000000000000111100000000000000000000
001111100000000000000111100000011111000000000000111100000000000000000000
001111100000000000001111000000011111000000000000111100000000000000000000
000111110000000000001111000000011111000000000000111100000000000000000000
000111110000000000001110000000011111000000000000111100000000000000000000
000011111000000000011100000000011111000000000000111100000000000000000000
000001111100000000111000000000011111000000000000111100000000000000000000
000000111111000011110000000111111111111100000000111111110000000000000000
000000001111111111000000000011111111111100000000111111100000000000000000
000000000000100000000000000000000000000000000000000000000000000000000000
000000000000000000000000000000000000000000000000000000000000000000000000
000000000000000000000000000000000000000000000000000000000000000000000000
000000000000000000000000000000000000000000000000000000000000000000000000
000000000000000000000000000000000000000000000000000000000000000000000000
000000000000000000000000000000000000000000000000000000000000000000000000
000000000000000000000000000000000000000000000000000000000000000000000000
000000000000000000000000000000000000000000000000000000000000000000000000
000000000000000000000000000000000000000000000000000000000000000000000000
000000000000000000000000000000000000000000000000000000000000000000000000
000000000000000000000000000000000000000000000000000000000000000000000000
000000000000000000000000000000000000000000000000000000000000000000000000
000000000000000000000000000000000000000000000000000000000000000000000000
000000000000000000000000000000000000000000000000000000000000000000000000
000000000000000000000000000000000000000000000000000000000000000000000000
000000000000000000000000000000000000000000000000000000000000000000000000
000000000000000000000000000000000000000000000000000000000000000000000000
000000000000000000000000000000000000000000000000000000000000000000000000
000000000000000000000000000000000000000000000000000000000000000000000000
000000000000000000000000000000000000000000000000000000000000000000000000
000000000000000000000000000000000000000000000000000000000000000000000000
000000000000000000000000000000000000000000000000000000000000000000000000
000000000000000000000000000000000000000000000000000000000000000000000000
000000000000000000000000000000000000000000000000000000000000000000000000
000000000000000000000000000000000000000000000000000000000000000000000000
000000000000000000000000000000000000000000000000000000000000000000000000
000000000000000000000000000000000000000000000000000000000000000000000000
000000000000011110000000000000000000000000000000000000000000000000000000
000000000111111110000000000000000000000000000000000000000000000000000000
000000000111111110000000000000000000000000000000000000000000000000000000
000000000000111110000000000000000000000000000000000000000000000000000000
000000000000011110000000000000000000000000000000000000000000000000000000
000000000000011110000000000000000000000000000000000000000000000000000000
000000000000011110000000000000000000000000000000000000000000000000000000
000000000000011110000000000000000000000000000000000000000000000000000000
000000000000011110000000000000000000000000000000000000000000000000000000
000000000000011110000000000000000000000000000000000000000000000000000000
000000000000011110000000000000000000000000000000000000000000000000000000
000000000000011110000000000000000000000000000000000000000000000000000000
000001110000011110000000000000011111000000000000000000000000000000000000
001111111111111110000000000011111111111100000000000000000000000000000000
111111111111111110000000000111000001111100000000000000000000000000000000
110000000111111110000000001110000000011100000000000000000000000000000000
100000000001111110000000011100000000001100000000000000000000000000000000
000000000000111110000000011100000000001100000000000000000000000000000000
000000000000011110000000111100000000001100000000000000000000000000000000
000000000000011110000000111100000000000000000000000000000000000000000000
000000000000011110000000111110000000000000000000000000000000000000000000
000000000000011110000000011111100000000000000000000000000000000000000000
000000000000011110000000011111111111000000000000000000000000000000000000
000000000000011110000000001111111111111000000000000000000000000000000000
000000000000011110000000000111111111111100000000000000000000000000000000
000000000000011110000000000000111111111110000000000000000000000000000000
000000000000011110000000000000000011111111000000000000000000000000000000
000000000000111110000000000000000000011111000000000000000000000000000000
000000000000111110000000000000000000001111000000000000000000000000000000
000000000000111110000000010000000000001111000000000000000000000000000000
000000000001111110000000110000000000001111000000011000000000000000000000
100000000011111110000000110000000000001110000001111100000000000000000000
110000000110011110000000111000000000001110000001111110000000000000000000
111111111100011110000000111100000000011100000001111110000000000000000000
111111111000011111111000111111000011110000000001111100000000000000000000
111111110000011111111000111111111111100000000000111000000000000000000000
000000000000000000000000000011111000000000000000000000000000000000000000
000000000000000000000000000000000000000000000000000000000000000000000000
000000000000000000000000000000000000000000000000000000000000000000000000
000000000000000000000000000000000000000000000000000000000000000000000000
000000000000000000000000000000000000000000000000000000000000000000000000
000000000000000000000000000000000000000000000000000000000000000000000000
000000000000000000000000000000000000000000000000000000000000000000000000
000000000000000000000000000000000000000000000000000000000000000000000000
000000000000000000000000000000000000000000000000000000000000000000000000
000000000000000000000000000000000000000000000000000000000000000000000000
000000000000000000000000000000000000000000000000000000000000000000000000
000000000000000000000000000000000000000000000000000000000000000000000000
000000000000000000000000000000000000000000000000000000000000000000000000
000000000000000000000000000000000000000000000000000000000000000000000000
000000000000000000000000000000000000000000000000000000000000000000000000
000000000000000000000000000000000000000000000000000000000000000000000000
000000000000000000000000000000000000000000000000000000000000000000000000
000000000000000000000000000000000000000000000000000000000000000000000000
000000000000000000000000000000000000000000000000000000000000000000000000
000000000000000000000000000000000000000000000000000000000000000000000000
000000000000000000000000000000000000000000000000000000000000000000000000
000000000000000000000000000000000000000000000000000000000000000000000000
000000000000000000000000000000000000000000000000000000000000000000000000
000000000000000000000000000000000000000000000000000000000000000000000000
000000000000000000000000000000000000000000000000000000000000000000000000
000000000000000000000000000000000000000000000000000000000000000000000000
000000000000000000000000000000000000000000000000000000000000000000000000
000000000000000000000000000000000000000000000000000000000000000000000000
000000000000000000000000000000000000000000000000000000000000000000000000
000000000000000000000000000000000000000000000000000000000000000000000000
000000000000000000000000000000000000000000000000000000000000000000000000
000000000000000000000000000000000000000000000000000000000000000000000000
000000000000000000000000000000000000000000000000000000000000000000000000
000000000000000000000000000000000000000000000000000000000000000000000000
000000000000000000000000000000000000000000000000000000000000000000000000
000000000000000000000000000000000000000000000000000000000000000000000000
000000000000000000000000000000000000000000000000000000000000000000000000
000000000000000000000000000000000000000000000000000000000000000000000000
000000000000000000000000000000000000000000000000000000000000000000000000
000000000000000000000000000000000000000000000000000000000000000000000000
100001111100000000000000000000000000000000000000000000000000000000000000
100011111100000000000000000000000000000000000000000000000000000000000000
100111111100000000000000000000000000000000000000000000000000000000000000
101111111100000000000000000000000000000000000000000000000000000000000000
111000011100000000000000000000000000000000000000000000000000000000000000
110000001100000000000000000000000000000000000000000000000000000000000000
110000000000000000000000000000000000000000000000000000000000000000000000
100000000000000000000000000000000000000000000000000000000000000000000000
100000000000000000000000000000000000000000000000000000000000000000000000
100000000000000000000000000000000000000000000000000000000000000000000000
100000000000000000000000000000000000000000000000000000000000000000000000
100000000000000000000000000000000000000000000000000000000000000000000000
100000000000000000000000000000000000000000000000000000000000000000000000
100000000000000000000000000000000000000000000000000000000000000000000000
100000000000000000000000000000000000000000000000000000000000000000000000
100000000000000000000000000000000000000000000000000000000000000000000000
100000000000000000000000000000000000000000000000000000000000000000000000
100000000000011000000000000000000000000000000000000000000000000000000000
100000000000111100000000000000000000000000000000000000000000000000000000
100000000001111110000000000000000000000000000000000000000000000000000000
100000000001111110000000000000000000000000000000000000000000000000000000
111110000001111100000000000000000000000000000000000000000000000000000000
111111000000111100000000000000000000000000000000000000000000000000000000
000000000000000000000000000000000000000000000000000000000000000000000000
000000000000000000000000000000000000000000000000000000000000000000000000
000000000000000000000000000000000000000000000000000000000000000000000000
000000000000000000000000000000000000000000000000000000000000000000000000
000000000000000000000000000000000000000000000000000000000000000000000000
000000000000000000000000000000000000000000000000000000000000000000000000
000000000000000000000000000000000000000000000000000000000000000000000000
000000000000000000000000000000000000000000000000000000000000000000000000
000000000000000000000000000000000000000000000000000000000000000000000000
000000000000000000000000000000000000000000000000000000000000000000000000
