111110000000111111110000000001111000111110000000011111100011111100000000
110000000000001111000000000111100000011111000001111111100111111100000000
110000000000001110000000001111000000001111100000001111101111111100000000
110000000000001110000000011110000000000111100000000111111100011100000000
111000000000001100000000011110000000000111110000000111111000001100000000
111000000000001100000000111100000000000111110000000111110000000000000000
111100000000011000000000111100000000000011110000000111100000000000000000
111100000000011000000000111100000000000011110000000111100000000000000000
111110000000110000000001111100000000000011110000000111100000000000000000
111110000000110000000001111111111111111111110000000111100000000000000000
011110000000100000000001111111111111111000000000000111100000000000000000
011111000001100000000001111100000000000000000000000111100000000000000000
001111000001000000000001111100000000000000000000000111100000000000000000
001111100011000000000001111100000000000000000000000111100000000000000000
000111100011000000000000111100000000000000000000000111100000000000000000
000111100110000000000000111110000000000000000000000111100000000000000000
000111110110000000000000111110000000000000000000000111100000000000000000
000011111100000000000000111111000000000000000000000111100000000000000000
000011111100000000000000011111100000000000100000000111100000000000000000
000001111000000000000000001111111000000011100000000111100000000000000000
000001111000000000000000000111111111111111000000001111111000000000000000
000001111000000000000000000011111111111110000001111111111111000000000000
000000000000000000000000000000011111110000000000000000000000000000000000
000000000000000000000000000000000000000000000000000000000000000000000000
000000000000000000000000000000000000000000000000000000000000000000000000
000000000000000000000000000000000000000000000000000000000000000000000000
000000000000000000000000000000000000000000000000000000000000000000000000
000000000000000000000000000000000000000000000000000000000000000000000000
000000000000000000000000000000000000000000000000000000000000000000000000
000000000000000000000000000000000000000000000000000000000000000000000000
000000000000000000000000000000000000000000000000000000000000000000000000
000000000000000000000000000000000000000000000000000000000000000000000000
000000000000000000000000000000000000000000000000000000000000000000000000
000000000000000000000000000000000000000000000000000000000000000000000000
000000000000000000000000000000000000000000000000000000000000000000000000
000000000000000000000000000000000000000000000000000000000000000000000000
000000000000000000000000000000000000000000000000000000000000000000000000
000000000000000000000000000000000000000000000000000000000000000000000000
000000000000000000000000000000000000000000000000000000000000000000000000
000000000000000000000000000000000000000000000000000000000000000000000000
000000000000000000000000000000000000000000000000000000000000000000000000
000000000000000000000000000000000000000000000000000000000000000000000000
000000000000000000000000000000000000000000000000000000000000000000000000
000000000000000000000000000000000000000000000000000000000000000000000000
000000000000000000000000000000000000000000000000000000000000000000000000
000000000000000000000000000000000000000000000000000000000000000000000000
000000000000000000000000000000000000000000000000000000000000000000000000
000000000000000000000000000000000000000000000000000000000000000000000000
000000000000000000000000000000000000000000000000000000000000000000000000
000000000000000000000000000000000000000000000000000000000000000000000000
000000000000000000000000000000000000000000000000000000000000000000000000
000000000000000000000000000000000000000000000000000000000000000000000000
000000000000000000000000000000000000000000000000000000000000000000000000
000000000000000111111111000000000000000000011111111111100000000000000000
000000000000000011111111100000000000000000001111111110000000000000000000
000000000000000000011111110000000000000000000001110000000000000000000000
000000000000000000001111111000000000000000000001110000000000000000000000
000000000000000000001111111000000000000000000000110000000000000000000000
000000000000000000001111111100000000000000000000110000000000000000000000
000000000000000000001101111110000000000000000000110000000000000000000000
000000000000000000001100111111000000000000000000110000000000000000000000
000000000000000000001100111111100000000000000000110000000000000000000000
000000000000000000001100011111100000000000000000110000000000000000000000
000000000000000000001100001111110000000000000000110000000000000000000000
000000000000000000001100000111111000000000000000110000000000000000111111
000000000000000000001100000011111100000000000000110000000000000111111111
000000000000000000001100000001111110000000000000110000000000001110000001
000000000000000000001100000001111110000000000000110000000000011100000000
000000000000000000001100000000111111000000000000110000000000111000000000
000000000000000000001100000000011111100000000000110000000001111000000000
000000000000000000001100000000001111110000000000110000000011110000000000
000000000000000000001100000000000111111000000000110000000011110000000000
000000000000000000001100000000000111111000000000110000000011110000000000
000000000000000000001100000000000011111100000000110000000111110000000000
000000000000000000001100000000000001111110000000110000000111110000000000
000000000000000000001100000000000000111111000000110000000111110000000000
000000000000000000001100000000000000011111100000110000000111110000000000
000000000000000000001100000000000000011111110000110000000111110000000000
000000000000000000001100000000000000001111110000110000000111110000000000
000000000000000000001100000000000000000111111000110000000111110000000000
000000000000000000001100000000000000000011111100110000000011111000000000
000000000000000000001100000000000000000001111110110000000011111000000000
000000000000000000001100000000000000000001111111110000000011111000000000
000000000000000000001100000000000000000000111111110000000001111100000000
000000000000000000011100000000000000000000011111110000000000111110000000
000000000000000000011110000000000000000000001111110000000000111111000000
000000000000000111111111111000000000000000000111110000000000001111110000
000000000000000100000000010000000000000000000011110000000000000011111111
000000000000000000000000000000000000000000000000000000000000000000000000
000000000000000000000000000000000000000000000000000000000000000000000000
000000000000000000000000000000000000000000000000000000000000000000000000
000000000000000000000000000000000000000000000000000000000000000000000000
000000000000000000000000000000000000000000000000000000000000000000000000
000000000000000000000000000000000000000000000000000000000000000000000000
000000000000000000000000000000000000000000000000000000000000000000000000
000000000000000000000000000000000000000000000000000000000000000000000000
000000000000000000000000000000000000000000000000000000000000000000000000
000000000000000000000000000000000000000000000000000000000000000000000000
000000000000000000000000000000000000000000000000000000000000000000000000
000000000000000000000000000000000000000000000000000000000000000000000000
000000000000000000000000000000000000000000000000000000000000000000000000
000000000000000000000000000000000000000000000000000000000000000000000000
000000000000000000000000000000000000000000000000000000000000000000000000
000000000000000000000000000000000000000000000000000000000000000000000000
000000000000000000000000000000000000000000000000000000000000000000000000
000000000000000000000000000000000000000000000000000000000000000000000000
000000000000000000000000000000000000000000000000000000000000000000000000
000000000000000000000000000000000000000000000000000000000000000000000000
000000000000000000000000000000000000000000000000000000000000000000000000
000000000000000000000000000000000000000000000000000000000000000000000000
000000000000000000000000000000000000000000000000000000000000000000000000
000000000000000000000000000000000000000000000000000000000000000000000000
000000000000000000000000000000000000000000000000000000000000000000000000
000000000000000000000000000000000000000000000000000000000000000000000000
000000000000001100000000000000000000000000000000000000000000000000000000
000000000000111110000000000000000000000000000000000000000000000000000000
000000000001111110000000000000000000000000000000000000000000000000000000
000000000011111110000000000000000000000000000000000000000000000000000000
000000000110000010000000000000000000000000000000000000000000000000000000
000000001100000000000000000000000000000000000000000000000000000000000000
000000011100000000000000000000000000000000000000000000000000000000000000
000000011100000000000000000000000000000000000000000000000000000000000000
000000111100000000000000000000000000000000000000000000000000000000000000
000000111100000000000000000000000000000000000000000000000000000000000000
000000111100000000000000000000000000000000000000000000000000000000000000
000000111100000000000000000000000000000000000000000000000000000000000000
000000111100000000000000000000000000000000000000000000000000000000000000
000000111100000000000000000000000000000000000011111000000000000000011111
000000111100000000000000000000000000000000011111111110000000000011111111
000001111111111100000000000000000000000001111111111111000000001111000001
000111111111111100000000000000000000000011100000011111000000011100000000
000111111100000000000000000000000000001111000000000111000000111100000000
000000111100000000000000000000000000011110000000000011000001111000000000
000000111100000000000000000000000000011100000000000010000001111000000000
000000111100000000000000000000000000111100000000000010000011110000000000
000000111100000000000000000000000000111100000000000000000011110000000000
000000111100000000011111111111110001111000000000000000000011110000000000
000000111100000000011111111111110001111000000000000000000111110000000000
000000111100000000111111111111110001111000000000000000000111110000000000
000000111100000000111111111111100001111000000000000000000111110000000000
000000111100000000000000000000000001111000000000000000000111110000000000
000000111100000000000000000000000001111100000000000000000111110000000000
000000111100000000000000000000000001111100000000000000000011111000000000
000000111100000000000000000000000001111100000000000000000011111000000000
000000111100000000000000000000000000111110000000000000000011111000000000
000000111100000000000000000000000000111110000000000000000011111000000000
000000111100000000000000000000000000011111000000000000000001111100000000
000000111100000000000000000000000000011111100000000000000000111110000000
000001111100000000000000000000000000001111111000000111000000111111000000
001111111111110000000000000000000000000111111111111110000000001111110000
001111111111110000000000000000000000000001111111111100000000000111111111
000000000000000000000000000000000000000000000111000000000000000000011100
000000000000000000000000000000000000000000000000000000000000000000000000
000000000000000000000000000000000000000000000000000000000000000000000000
000000000000000000000000000000000000000000000000000000000000000000000000
000000000000000000000000000000000000000000000000000000000000000000000000
000000000000000000000000000000000000000000000000000000000000000000000000
000000000000000000000000000000000000000000000000000000000000000000000000
000000000000000000000000000000000000000000000000000000000000000000000000
000000000000000000000000000000000000000000000000000000000000000000000000
000000000000000000000000000000000000000000000000000000000000000000000000
000000000000000000000000000000000000000000000000000000000000000000000000
000000000000000000000000000000000000000000000000000000000000000000000000
000000000000000000000000000000000000000000000000000000000000000000000000
000000000000000000000000000000000000000000000000000000000000000000000000
000000000000000000000000000000000000000000000000000000000000000000000000
000000000000000000000000000000000000000000000000000000000000000000000000
000000000000000000000000000000000000000000000000000000000000000000000000
000000000000000000000000000000000000000000000000000000000000000000000000
000000000000000000000000000000000000000000000000000000000000000000000000
000000000000000000000000000000000000000000000000000000000000000000000000
000000000000000000000000000000000000000000000000000000000000000000000000
000000000000000000000000000000000000000000000000000000000000000000000000
000000000000000000000000000000000000000000000000000000000000000000000000
000000000000000000000000000000000000000000000000000000000000000000000000
000000000000000000000000000000000000000000000000000000000000000000000000
000000000000000000000000000000000000000000000000000000000000000000000000
000000000000000000000000000000000000000000000000000000000000000000000000
000000000000000000000000000000000000000000000000000000000000000000000000
