000000000000000000000000000000000000000000000000000000000000000000000000
000000000000000000000000000000000000000000000000000000000000000000000000
000000000000000000000000000000000000000000000000000000000000000000000000
000000000000000000000000000000000000000000000000000000000000000000000000
000000000000000000000000000000000000000000000000000000000000000000000000
000000000000000000000000000000000000000000000000000000000000000000000000
000000000000000000000000000000000000000000000000000000000000000000000000
000000000000000000000000000000000000000000000000000000000000000000000000
000000000000000000000000000000000000000000000000000000000000000000000000
000000000000000000000000000000000000000000000000000000000000000000000000
000000000000000000000000000000000000000000000000000000000000000000000000
000000000000000000000000000000000000000000000000000000000000000000000000
000000000000000000000000000000000000000000000000000000000000000000000000
000000000000000000000000000000000000000000000000000000000000000000000000
000000000000000000000000000000000000000000000000000000000000000000000000
000000000000000000000000000000000000000000000000000000000000000000000000
000000000000000000000000000000000000000000000000000000000000000000000000
000000000000000000000000000000000000000000000000000000000000000000000000
000000000000000000000000000000000000000000000000000000000000000000000000
000000000000000000000000000000000000011000000000000000000000000000000000
111111111100000000000000000000000011111000000000000000000000000000000000
111111100000000000000000000000000011111000000000000000000000000000000000
111111000000000000000000000000000011110000000000000000000000000000000000
011111000000000000001000000000000111110000000000000000000000000000000000
011110000000000000111000000000000111100000000000000000000000000000000000
011110000000000011111000000000000111000000000000000000000000000000000000
011110000000000011111000000000001111000000000000000000000000000000000000
011110000000000011111000000000001110000000000000000000000000000000000000
011110000000000011111000000000001110000000000000000000000000000000000000
011110000000000011111000000000011100000000000000000000000000000000000000
011110000000000011111000000000011000000000000000000000000000000000000000
011110000000000011111000000000110000000000000000011111111000000000000000
011110000000000011111000000000000000000000000011111111111110000000000000
011110000000001111111111111000000000000000000111000000011110000000000000
011110000000011111111111111000000000000000001110000000000110000000000000
011110000000000011111000000000000000000000001110000000000110000000000000
011110000000000011111000000000000000000000001110000000000010000000000000
011110000000000011111000000000000000000000011110000000000010000000000000
011110000000000011111000000000000000000000011111000000000000000000000000
011110000000000011111000000000000000000000001111100000000000000000000000
011110000000000011111000000000000000000000001111111100000000000000000000
011110000000000011111000000000000000000000001111111111110000000000000000
011110000000000011111000000000000000000000000011111111111110000000000000
011110000000000011111000000000000000000000000001111111111111000000000000
011110000000000011111000000000000000000000000000000111111111000000000000
011110000000000011111000000000000000000000000000000000011111100000000000
011110000000000011111000000000000000000000000000000000001111100000000000
011110000000000011111000000000000000000000001000000000000111100000000000
011110000000000011111000000000000000000000001000000000000111100000000000
011110000000000011111000000000000000000000001000000000000111100000000000
011110000000000011111000000000000000000000011000000000000111000000000000
111111000000000001111100111000000000000000011100000000001110000000000000
111111100000000001111111110000000000000000011110000000011100000000000000
111111111100000000111111100000000000000000011111111111111000000000000000
000000000000000000011111000000000000000000001111111111000000000000000000
000000000000000000000000000000000000000000000000000000000000000000000000
000000000000000000000000000000000000000000000000000000000000000000000000
000000000000000000000000000000000000000000000000000000000000000000000000
000000000000000000000000000000000000000000000000000000000000000000000000
000000000000000000000000000000000000000000000000000000000000000000000000
000000000000000000000000000000000000000000000000000000000000000000000000
000000000000000000000000000000000000000000000000000000000000000000000000
000000000000000000000000000000000000000000000000000000000000000000000000
000000000000000000000000000000000000000000000000000000000000000000000000
000000000000000000000000000000000000000000000000000000000000000000000000
000000000000000000000000000000000000000000000000000000000000000000000000
000000000000000000000000000000000000000000000000000000000000000000000000
000000000000000000000000000000000000000000000000000000000000000000000000
000000000000000000000000000000000000000000000000000000000000000000000000
000000000000000000000000000000000000000000000000000000000000000000000000
000000000000000000000000000000000000000000000000000000000000000000000000
000000000000000000000000000000000000000000000000000000000000000000000000
000000000000000000000000000000000000000000000000000000000000000000000000
000000000000000000000000000000000000000000000000000000000000000000000000
000000000000000000000000000000000000000000000000000000000000000000000000
000000000000000000000000000000000000000000000000000000000000000000000000
000000000000000000000000000000000000000000000000000000000000000000000000
000000000000000000000000000000000000000000000000000000000000000000000000
000000000000000000000000000000000000000000000000000000000000000000000000
000000000000000000000000000000000000000000000000000000000000000000000000
000000000000000000000000000000000000000000000000000000000000000000000000
000000000000000000000000000000000000000000000000000000000000000000000000
000000000000000000000000000000000000000000000000001111100000000000000000
000000000000000110000000000000000000000000000001111111100000000000000000
000000000000001111000000000000000000000000000001111111100000000000000000
000000000000011111100000000000000000000000000000001111100000000000000000
000000000000011111100000000000000000000000000000000111100000000000000000
000000000000001111000000000000000000000000000000000111100000000000000000
000000000000000110000000000000000000000000000000000111100000000000000000
000000000000000000000000000000000000000000000000000111100000000000000000
000000000000000000000000000000000000000000000000000111100000000000000000
000000000000000000000000000000000000000000000000000111100000000000000000
000000000000000000000000000000000000000000000000000111100000000000000000
000000000000000000000000000000000000000000000000000111100000000000000000
000000000000000001000000000000000001111110000000000111100000000000000000
100000000000011111000000000000000111111111100000000111100000000001111110
110000000011111111000000000000011111111111110000000111100000000011111000
111000000011111111000000000001111000000111110000000111100000000111100000
111100000000001111000000000011100000000001100000000111100000001110000000
111100000000001111000000000111000000000000100000000111100000011100000000
111100000000001111000000001111000000000000100000000111100000111000000000
111100000000001111000000001111000000000000100000000111100011110000000000
111100000000001111000000011110000000000000000000000111100111000000000000
111100000000001111000000011110000000000000000000000111101110000000000000
111100000000001111000000011110000000000000000000000111111111000000000000
111100000000001111000000011110000000000000000000000111111111100000000000
111100000000001111000000011110000000000000000000000111101111110000000000
111100000000001111000000011110000000000000000000000111100111111000000000
111100000000001111000000011110000000000000000000000111100011111100000000
111100000000001111000000011111000000000000000000000111100001111110000000
111100000000001111000000011111000000000000000000000111100000111111000000
111100000000001111000000011111100000000000000000000111100000011111100000
111100000000001111000000001111100000000000000000000111100000001111110000
111100000000001111000000001111110000000000000000000111100000000111111000
111110000000001111000000000111111000000000000000000111100000000011111100
111110000000011111100000000011111111000001110000001111100000000001111111
111111110011111111111100000001111111111111100001111111111110000000111111
011000110011110000111100000000011111111110000001110000011110000000011100
000000000000000000000000000000000000000000000000000000000000000000000000
000000000000000000000000000000000000000000000000000000000000000000000000
000000000000000000000000000000000000000000000000000000000000000000000000
000000000000000000000000000000000000000000000000000000000000000000000000
000000000000000000000000000000000000000000000000000000000000000000000000
000000000000000000000000000000000000000000000000000000000000000000000000
000000000000000000000000000000000000000000000000000000000000000000000000
000000000000000000000000000000000000000000000000000000000000000000000000
000000000000000000000000000000000000000000000000000000000000000000000000
000000000000000000000000000000000000000000000000000000000000000000000000
000000000000000000000000000000000000000000000000000000000000000000000000
000000000000000000000000000000000000000000000000000000000000000000000000
000000000000000000000000000000000000000000000000000000000000000000000000
000000000000000000000000000000000000000000000000000000000000000000000000
000000000000000000000000000000000000000000000000000000000000000000000000
000000000000000000000000000000000000000000000000000000000000000000000000
000000000000000000000000000000000000000000000000000000000000000000000000
000000000000000000000000000000000000000000000000000000000000000000000000
000000000000000000000000000000000000000000000000000000000000000000000000
000000000000000000000000000000000000000000000000000000000000000000000000
000000000000000000000000000000000000000000000000000000000000000000000000
000000000000000000000000000000000000000000000000000000000000000000000000
000000000000000000000000000000000000000000000000000000000000000000000000
000000000000000000000000000000000000000000000000000000000000000000000000
000000000000000000000000000000000000000000000000000000000000000000000000
000000000000000000000000000000000000000000000000000000000000000000000000
000000000000000000000000000000000000000000000000000000000000000000000000
000000000000000000000000000000000000000000000000000000000000000000000000
000000000000000000000000000000000000000000000000000000000000000000000000
000000000000000000000000000000000000000000000000000000000000000000000000
000000000000000000000000000000000000000000000000000000000000000000000000
000000000000000000000000000000000000000000000000000000000000000000000000
000000000000000000000000000000000000000000000000000000000000000000000000
000000000000000000000000000000000000000000000000000000000000000000000000
000000000000000000000000000000000000000000000000000000000000000000000000
000000000000000000000000000000000000000000000000000000000000000000000000
000000000000000000000000000000000000000000000000000000000000000000000000
000000000000000000000000000000000000000000000000000000000000000000000000
000000000000000000000000000000000000000000000000000000000000000000000000
000000000000000001111000000000000000000000000000000000011111000000000000
000000000000001111111111000000000000000000000000000011111111111000000000
000000000000111111111111100000000000000000000000001111000001111100001111
000000000011110000011111100000000000000000000000011100000000011100001111
000000000011100000000111110000000000000000000000011100000000001100000000
000000000011000000000011110000000000000000000000111100000000001100000000
000000000011000000000011110000000000000000000000111100000000001100000000
000000000000000000000011111000000000000000000000111100000000000000000000
000000000000000000000001111000000000000000000000111110000000000000000000
000000000000000000000011111000000000000000000000111111100000000000000000
000000000000000011111111111000000000000000000000011111111111000000000000
000000000000011111100001111000000000000000000000001111111111111000000000
000000000001111100000001111000000000000000000000000111111111111100000000
000000000011110000000001111000000000000000000000000000111111111110000000
000000000111100000000001111000000000000000000000000000000011111110000000
000000000111100000000001111000000000000000000000000000000000011111000000
000000001111000000000001111000000000000000000000000000000000001111000000
000000001111000000000001111000000000000000000000110000000000001111000000
000000001111100000000011111000000000000000000000110000000000001110000000
000000001111100000000111111000000000000000000000110000000000001110000000
000000000111110000011001111000000000000000000000110000000000011100000000
000000000111111111110001111000000000000000000000111000000000111000000000
