000000000000000000000000000000000000000000000000000000000000000000000000
000000000000000000000000000000000000000000000000000000000000000000000000
000000000000000000000000000000000000000000000000000000000000000000000000
000000000000000000000000000000000000000000000000000000000000000000000000
000000000000000000000000000000000000000000000000000000000000000000000000
000000000000000000000000000000000000000000000000000000000000000000000000
000000000000000000000000000000000000000000000000000000000000000000000000
000000000000000000000000000000000000000000000000000000000000000000000000
000000000000000000000000000000000000000000000000000000000000000000000000
000000000000000000000000000000000000000000000000000000000000000000000000
000000000000000000000000000000000000000000000000000000000000000000000000
000000000000000000000000000000000000000000000000000000000000000000000000
000000000000000000000000000000000000000000000000000000000000000000000000
000000000000000000000000000000000000000000000000000000000000000000000000
000000000000000000000000000000000000000000000000000000000000000000000000
000000000000000000000000000000000000000000000000000000000000000000000000
000000000000000000000000000000000000000000000000000000000000000000000000
000000000000000000000000000000000000000000000000000000000000000000000000
000000000000000000000000000000000000000000000000000000000000000000000000
000000000000000000000000000000000000000000000000000000000000000000000000
000000000000000000000000000000000000000000000000000000000000000000000000
000000000000000000000000000000000000000000000000000000000000000000000000
000000000000000000000000000000000000000000000000000000000000000000000000
000000000000000000000000000000000000000000000000000000000000000000000000
000000000000000000000000000000000000000000000000000000000000000000000000
000000000000000000000000000000000000000000000000000000000000000000000000
000000000000000000000000000000000000000000000000000000000000000000000000
000000000000000000000000000000000000000000000000000000000000000000000000
000000000000000000000000000000000000000000000000000000000000000000000000
000000000000000000000000000000000000000000000000000000000000000000000000
000000000000000000000000000000000000000000000000000000000000000000000000
000000000000000000000000000000000000000000000000000000000000000000000000
000000000000000000000000000000000000000000000000000000000000000000000000
000000000000000000000000000000000000000000000000000000000000000000000000
000000000000000000000000000000000000000000000000000000000000000000000000
000000000000000000000000000000000000000000000000000000000000000000000000
000000000000000000000000000000000000000000000000000000000000000000000000
000000000000000000000000000000000000000000000000000000000000000000000000
000000000000000000000000000000000000000000000000000000000000000000000000
000000000000000000000000000000000000000000000000000000000000000000000000
000000000000000000000000000000000000000000000000000000000000000000000000
000000000000000000000000000000000000000000000000000000000000000000000000
000000000000000000000000000000000000000000000000000000000000000000000000
000000000000000000000000000000000000000000000000000000000000000000000000
000000000000000000000000000000000000000000000000000000000000000000000000
000000000000000000000000000000000000000000000000000000000000000000000000
000000000000000000000000000000000000000000000000000000000000000000000000
000000000000000000000000000000000000000000000000000000000000000000000000
000000000000000000000000000000000000000000000000000000000000000000000000
000000000000000000000000000000000000000000000000000000000000000000000000
000000000000000000000000000000000000000000000000000000000000000000000000
000000000000000000000000000000000000000000000000000000000000000000000000
000000000000000000000000000000000000000000000000000000000000000000000000
000000000000000000000000000000000000000000000000000000000000000000000000
000000000000000000000000000000000000000000000000000000000000000000000000
000000000000000000000000000000000000000000000000000000000000000000000000
000000000000000000000000000000000000000000000000000000000000000000000000
000000000000000000000000000000000000000000000000000000000000000000000000
000000000000000000000000000000000000000000000000000000000000000000000000
000000000000000000000000000000000000000000000000000000000000000000000000
000000000000000000110000000000000000000000000000000000000000000000000000
000000000000001111110000000000000000000000000000000000000000000000000000
000000000000111111110000000000000000000000000000000000000000000000000000
000000000000000011110000000000000000000000000000000000000000000000000000
000000000000000011110000000000000000000000000000000000000000000000000000
000000000000000011110000000000000000000000000000000000000000000000000000
000000000000000011110000000000000000000000000000000000000000000000000000
000000000000000011110000000000000000000000000000000000000000000000000000
000000000000000011110000000000000000000000000000000000000000000000000000
000000000000000011110000000000000000000000000000000000000000000000000000
000000000000000011110000000000000000000000000000000000000000000000000000
000000000000000011110000000000000000000000000000000000000000000000000000
000000000000000011110000000000000000000000000000000000000000000000000000
000000000000000011110000001111111000000000000000001111111110000000000000
000000000000000011110000111111111110000000000000111100011111100000000011
000000000000000011110001111111111111000000000011110000000111110000000111
000000000000000011110011100000111111000000000111100000000011111000000000
000000000000000011111110000000011111100000001111000000000001111100000000
000000000000000011111100000000001111100000001111000000000000111110000000
000000000000000011111000000000000111110000011110000000000000111110000000
000000000000000011110000000000000111110000011110000000000000111111000000
000000000000000011110000000000000111110000011110000000000000011111000000
000000000000000011110000000000000011110000111110000000000000011111000000
000000000000000011110000000000000011110000111110000000000000011111000000
000000000000000011110000000000000011110000111110000000000000011111000000
000000000000000011110000000000000011110000111110000000000000011111000000
000000000000000011110000000000000011110000111110000000000000011111000000
000000000000000011110000000000000011100000111110000000000000011111000000
000000000000000011110000000000000111100000111110000000000000011110000000
000000000000000011110000000000000111000000011111000000000000011110000000
000000000000000011110000000000000111000000011111000000000000011110000000
000000000000000011110000000000001110000000001111100000000000111100000000
000000000000000011111000000000011100000000001111100000000000111000000000
000000000000000011111110000001110000000000000111110000000001110000000000
000000000000000011111111111111100000000000000011111000000011100000000000
000000000000000011001111111110000000000000000001111111111111000000000000
000000000000000010000001111000000000000000000000011111111000000000000000
000000000000000000000000000000000000000000000000000000000000000000000000
000000000000000000000000000000000000000000000000000000000000000000000000
000000000000000000000000000000000000000000000000000000000000000000000000
000000000000000000000000000000000000000000000000000000000000000000000000
000000000000000000000000000000000000000000000000000000000000000000000000
000000000000000000000000000000000000000000000000000000000000000000000000
000000000000000000000000000000000000000000000000000000000000000000000000
000000000000000000000000000000000000000000000000000000000000000000000000
000000000000000000000000000000000000000000000000000000000000000000000000
000000000000000000000000000000000000000000000000000000000000000000000000
000000000000000000000000000000000000000000000000000000000000000000000000
000000000000000000000000000000000000000000000000000000000000000000000000
000000000000000000000000000000000000000000000000000000000000000000000000
000000000000000000000000000000000000000000000000000000000000000000000000
000000000000000000000000000000000000000000000000000000000000000000000000
000000000000000000000000000000000000000000000000000000000000000000000000
000000000000000000000000000000000000000000000000000000000000000000000000
000000000000000000000000000000000000000000000000000000000000000000000000
000000000000000000000000000000000000000000000000000000000000000000000000
000000000000000000000000000000000000000000000000000000000000000000000000
000000000000000000000000000000000000000000000000000000000000000000000000
000000000000000000000000000000000000000000000000000000000000000000000000
000000000000000000000000000000000000000000000000000000000000000000000000
000000000000000000000000000000000000000000000000000000000000000000000000
000000000000000000000000000000000000000000000000000000000000000000000000
000000000000000000000000000000000000000000000000000000000000000000000000
000000000000000000000000000000000000000000000000000000000000000000000000
000000000000000000000000000000000000000000000000000000000000000000000000
000000000000000001110000000000000000000000000000000000000000000000000001
000000000000000011111000000000000000000000000000000000000000000000000000
000000000000000011111000000000000000000000000000000000000000000000000000
000000000000000011111000000000000000000000000000000000000000000000000000
000000000000000011111000000000000000000000000000000000000000000000000000
000000000000000000100000000000000000000000000000000000000000000000000000
000000000000000000000000000000000000000000000000000000000000000000000000
000000000000000000000000000000000000000000000000000000000000000000000000
000000000000000000000000000000000000000000000000000000000000000000000000
000000000000000000000000000000000000000000000000000000000000000000000000
000000000000000000000000000000000000000000000000000000000000000000000000
000000000000000000011000000000001100000000000000110000000000000000111111
000000000000000111111000000011111100000000001111110000000000000011111111
000000000000011111111000011111111100000001111111110000000000001111000011
000000000000000011111000000011111100000000001111110000000000011100000000
000000000000000011111000000001111100000000000111110000000001111000000000
000000000000000001111000000000111100000000000111110000000011110000000000
000000000000000001111000000000111100000000000111110000000011110000000000
000000000000000001111000000000111100000000000111110000000111100000000000
000000000000000001111000000000111100000000000111110000000111100000000000
000000000000000001111000000000111100000000000111110000000111100000000000
000000000000000001111000000000111100000000000111110000000111100000000000
000000000000000001111000000000111100000000000111110000001111100000000000
000000000000000001111000000000111100000000000111110000001111100000000000
000000000000000001111000000000111100000000000111110000001111100000000000
000000000000000001111000000000111100000000000111110000001111100000000000
000000000000000001111000000000111100000000000111110000000111110000000000
000000000000000001111000000000111100000000000111110000000111110000000000
000000000000000001111000000000111100000000000111110000000111110000000000
000000000000000001111000000000111100000000001111110000000011111000000000
000000000000000001111000000000111110000000011111110000000011111100000000
000000000000000001111000000000111111100001110111110000000001111111000001
000000000000000001111000000000011111111111100111110000000000111111111111
000000000000000001111000000000001111111110000111111111000000011111111110
000000000000000001111000000000000011111000000000000000000000000011111100
000000000000000001111000000000000000000000000000000000000000000000000000
000000000000000001111000000000000000000000000000000000000000000000000000
000000000000000001111000000000000000000000000000000000000000000000000000
000000000000000001111000000000000000000000000000000000000000000000000000
000000000000000011110000000000000000000000000000000000000000000000000000
000000000000000011110000000000000000000000000000000000000000000000000000
000000000000000011110000000000000000000000000000000000000000000000000000
000000000000000011100000000000000000000000000000000000000000000000000000
000000000000000011100000000000000000000000000000000000000000000000000000
000000000000000111000000000000000000000000000000000000000000000000000000
000000000000000111000000000000000000000000000000000000000000000000000000
000000000000011100000000000000000000000000000000000000000000000000000000
000000000001111000000000000000000000000000000000000000000000000000000000
000000000000000000000000000000000000000000000000000000000000000000000000
000000000000000000000000000000000000000000000000000000000000000000000000
000000000000000000000000000000000000000000000000000000000000000000000000
000000000000000000000000000000000000000000000000000000000000000000000000
000000000000000000000000000000000000000000000000000000000000000000000000
000000000000000000000000000000000000000000000000000000000000000000000000
