000000000000000000000000000000000000000000000000000000000000000000000000
000000000000000000000000000000000000000000000000000000000000000000000000
000000000000000000000000000000000000000000000000000000000000000000000000
000000000000000000000000000000000000000000000000000000000000000000000000
000000000000000000000000000000000000000000000000000000000000000000000000
000000000000000000000000000000000000000000000000000000000000000000000000
000000000000000000000000000000000000000000000000000000000000000000000000
000000000000000000000000000000000000000000000000000000000000000000000000
000000000000000000000000000000000000000000000000000000000000000000000000
000000000000000000000000000000000000000000000000000000000000000000000000
000000000000000000000000000000000000000000000000000000000000000000000000
000000000000000000000000000000000000000000000000000000000000000000000000
000000000000000000000000000000000000000000000000000000000000000000000000
000000000000000000000000000000000000000000000000000000000000000000000000
000000000000000000000000000000000000000000000000000000000000000000000000
000000000000000000000000000000000000000000000000000000000000000000000000
000000000000000000000000000000000000000000000000000000000000000000000000
000000000000000000000000000000000000000000000000000000000000000000000000
000000000000000000000000000000000000000000000000000000000000000000000000
000000000000000000000000000000000000000000000000000001111111111111110000
000000000000000000000000000000000000000000000000000000000111111100000000
000000000000000000000000000000000000000000000000000000000011111000000000
000000000100000000000000000000000000000000000000000000000011111000000000
000000011100000000000000000000000000000000000000000000000011111000000000
000000111100000000000000000000000000000000000000000000000011111000000000
000000111100000000000000000000000000000000000000000000000011111000000000
000000111100000000000000000000000000000000000000000000000011111000000000
000000111100000000000000000000000000000000000000000000000011111000000000
000000111100000000000000000000000000000000000000000000000011111000000000
000000111100000000000000000000000000000000000000000000000011111000000000
000000111100000000000000000000000000000000000000000000000011111000000000
000000111100111110000000000000000000000000000000000000000011111000000000
000011111111111110000000000000000000000000000000000000000011111000000000
001111111111111110000000000000000000000000000000000000000011111000000000
000000111100000000000000000000000000000000000000000000000011111111111111
000000111100000000000000000000000000000000000000000000000011111111111111
000000111100000000000000000000000000000000000000000000000011111000000000
000000111100000000000000000000000000000000000000000000000011111000000000
000000111100000000000000000000000000000000000000000000000011111000000000
000000111100000000000000000000000000000000000000000000000011111000000000
000000111100000000000000000000000000000000000000000000000011111000000000
000000111100000000000000000000000000000000000000000000000011111000000000
000000111100000000000000000000000000000000000000000000000011111000000000
000000111100000000000000000000000000000000000000000000000011111000000000
000000111100000000000000000000000000000000000000000000000011111000000000
000000111100000000000000000000000000000000000000000000000011111000000000
000000111100000000000000000000000000000000000000000000000011111000000000
000000111100000000000000000000000000000000000000000000000011111000000000
000000111100000000000111100000000000000000000000000000000011111000000000
000000111110000000000111110000000000000000000000000000000011111000000000
000000111111111100000111110000000000000000000000000000000011111000000000
000000011111111000000111110000000000000000000000000000001111111110000000
000000011111110000000011100000000000000000000000000001111111111111110000
000000000011100000000000000000000000000000000000000000000000000000000000
000000000000000000000000000000000000000000000000000000000000000000000000
000000000000000000000000000000000000000000000000000000000000000000000000
000000000000000000000000000000000000000000000000000000000000000000000000
000000000000000000000000000000000000000000000000000000000000000000000000
000000000000000000000000000000000000000000000000000000000000000000000000
000000000000000000000000000000000000000000000000000000000000000000000000
000000000000000000000000000000000000000000000000000000000000000000000000
000000000000000000000000000000000000000000000000000000000000000000000000
000000000000000000000000000000000000000000000000000000000000000000000000
000000000000000000000000000000000000000000000000000000000000000000000000
000000000000000000000000000000000000000000000000000000000000000000000000
000000000000000000000000000000000000000000000000000000000000000000000000
000000000000000000000000000000000000000000000000000000000000000000000000
000000000000000000000000000000000000000000000000000000000000000000000000
000000000000000000000000000000000000000000000000000000000000000000000000
000000000000000000000000000000000000000000000000000000000000000000000000
000000000000000000000000000000000000000000000000000000000000000000000000
000000000000000000000000000000000000000000000000000000000000000000000000
000000000000000000000000000000000000000000000000000000000000000000000000
000000000000000000000000000000000000000000000000000000000000000000000000
000000000000000000000000000000000000000000000000000000000000000000000000
000000000000000000000000000000000000000000000000000000000000000000000000
000000000000000000000000000000000000000000000000000000000000000000000000
000000000000000000000000000000000000000000000000000000000000000000000000
000000000000000000000000000000000000000000000000000000000000000000000000
000000000000000000000000000000000000000000000000000000000000000000000000
000000000000000000000000000000000000000000110000000000000000000000000000
000000000000000000000000000000000000001111110000000000000000000000000000
000000000000000000000000000000000000111111110000000000000000000000000000
000000000000000000000000000000000000000111110000000000000000000000000000
000000000000000000000000000000000000000011110000000000000000000000000000
000000000000000000000000000000000000000011110000000000000000000000000000
000000000000000000000000000000000000000011110000000000000000000000000001
000000000000000000000000000000000000000011110000000000000000000000000111
000000000000000000000000000000000000000011110000000000000000000000000111
000000000000000000000000000000000000000011110000000000000000000000000111
000000000000000000000000000000000000000011110000000000000000000000000111
000000000000000000000000000000000000000011110000000000000000000000000111
000000000000000000000000000000000000000011110000000000000000000000000111
000001111111000000000000000000011111100011110000000000000000000000000111
000111111111110000000000000001111111111111110000000000000000000000000111
011110000001111000000000000111100001111111110000000000000000000000011111
111000000000111100000000011100000000011111110000000000000000000000111111
111000000000111110000000111000000000000111110000000000000000000000000111
110000000000011110000001111000000000000011110000000000000000000000000111
110000000000011110000001110000000000000011110000000000000000000000000111
110000000000011111000011110000000000000011110000000000000000000000000111
100000000000011111000011110000000000000011110000000000000000000000000111
110000000000011111000111100000000000000011110000000000000000000000000111
111111111111111111000111100000000000000011110000000000000000000000000111
111111111111111000000111100000000000000011110000000000000000000000000111
100000000000000000000111100000000000000011110000000000000000000000000111
100000000000000000000111110000000000000011110000000000000000000000000111
110000000000000000000111110000000000000011110000000000000000000000000111
110000000000000000000111110000000000000011110000000000000000000000000111
110000000000000000000011111000000000000111110000000000000000000000000111
111000000000000000000011111000000000000111110000000000000000000000000111
111000000000000000000011111100000000001111110000000000000000000000000111
111100000000000010000001111110000000011011110000000000000000000000000111
111111000000001110000000111111000001110011110000000000000000000000000011
111111111000111100000000011111111111100011111000000000000000000000000011
001111111111111000000000001111111111000011111111000000000000000000000001
000011111111000000000000000001111100000000000000000000000000000000000000
000000000000000000000000000000000000000000000000000000000000000000000000
000000000000000000000000000000000000000000000000000000000000000000000000
000000000000000000000000000000000000000000000000000000000000000000000000
000000000000000000000000000000000000000000000000000000000000000000000000
000000000000000000000000000000000000000000000000000000000000000000000000
000000000000000000000000000000000000000000000000000000000000000000000000
000000000000000000000000000000000000000000000000000000000000000000000000
000000000000000000000000000000000000000000000000000000000000000000000000
000000000000000000000000000000000000000000000000000000000000000000000000
000000000000000000000000000000000000000000000000000000000000000000000000
000000000000000000000000000000000000000000000000000000000000000000000000
000000000000000000000000000000000000000000000000000000000000000000000000
000000000000000000000000000000000000000000000000000000000000000000000000
000000000000000000000000000000000000000000000000000000000000000000000000
000000000000000000000000000000000000000000000000000000000000000000000000
000000000000000000000000000000000000000000000000000000000000000000000000
000000000000000000000000000000000000000000000000000000000000000000000000
000000000000000000000000000000000000000000000000000000000000000000000000
000000000000000000000000000000000000000000000000000000000000000000000000
000000000000000000000000000000000000000000000000000000000000000000000000
000000000000000000000000000000000000000000000000000000000000000000000000
000000000000000000000000000000000000000000000000000000000000000000000000
000000000000000000000000000000000000000000000000000000000000000000000000
000000000000000000000000000000000000000000000000000000000000000000000000
000000000000000000000000000000000000000000000000000000000000000000000000
000000000000000000000000000000000000000000000000000000000000000000000000
000000000000000000000000000000000000000000000000000000000000000000000000
000000000000000000000000000000000000000000000000000000000000000000000000
000000000000000000000000000000000000000000000000000000000000000000000000
000000000000000000000000000000000000000000000000000000000000000000000000
000000000000000000000000000000000000000000000000000000000000000000000000
000000000000000000000000000000000000000000000000000000000000000000000000
000000000000000000000000000000000000000000000000000000000000000000000000
000000000000000000000000000000000000000000000000000000000000000000000000
000000000000000000000000000000000000000000000000000000000000000000000000
000000000000000000000000000000000000000000000000000000000000000000000000
000000000000000000000000000000000000000000000000000000000000000000000000
000000000000000000000000000000000000000000000000000000000000000000000000
000000000000000000000000000000000000000000000000000000000000000000000000
000000000000000000000000000000000000000000000000000000000000000000000000
000000000000000000000000000000000000000000000000000000000000000000000000
000000000000000000000000000000000000000000000000000000000000000000000000
000000000000000000000000000000000000000000000000000000000000000000000000
000000000000000000000000000000000000000000000000000000000000000000000000
000000000000000000000000000000000000000000000000000000000000000000000000
000000000000000000000000000000000000000000000000000000000000000000000000
000000000000000000000000000000000000000000000000000000000000000000000000
000000000000000000000000000000000000000000000000000000000000000000000000
000000000000000000000000000000000000000000000000000000000000000000000000
000000000000000000000000000000000000000000000000000000000000000000000000
000000000000000000000000000000000000000000000000000000000000000000000000
000000000000000000000000000000000000000000000000000000000000000000000000
000000000000000000000000000000000000000000000000000000000000000000000000
000000000000000000000000000000000000000000000000000000000000000000000000
000000000000000000000000000000000000000000000000000000000000000000000000
000000000000000000000000000000000000000000000000000000000000000000000000
000000000000000000000000000000000000000000000000000000000000000000000000
000000000000000000000000000000000000000000000000000000000000000000000000
000000000000000000000000000000000000000000000000000000000000000000000000
000000000000000000000000000000000000000000000000000000000000000000000000
000000000000000000000000000000000000000000000000000000000000000000000000
000000000000000000000000000000000000000000000000000000000000000000000000
