000000000000000000000000000000000000000000000000000000000000000000000000
000000000000000000000000000000000000000000000000000000000000000000000000
000000000000000000000000000000000000000000000000000000000000000000000000
000000000000000000000000000000000000000000000000000000000000000000000000
000000000000000000000000000000000000000000000000000000000000000000000000
000000000000000000000000000000000000000000000000000000000000000000000000
000000000000000000000000000000000000000000000000000000000000000000000000
000000000000000000000000000000000000000000000000000000000000000000000000
000000000000000000000000000000000000000000000000000000000000000000000000
000000000000000000000000000000000000000000000000000000000000000000000000
000000000000000000000000000000000000000000000000000000000000000000000000
000000000000000000000000000000000000000000000000000000000000000000000000
000000000000000000000000000000000000000000000000000000000000000000000000
000000000000000000000000000000000000000000000000000000000000000000000000
000000000000000000000000000000000000000000000000000000000000000000000000
000000000000000000000000000000000000000000000000000000000000000000000000
000000000000000000000000000000000000000000000000000000000000000000000000
000000000000000000000000000000000000000000000000000000000000000000000000
000000000000000000000000000000000000000000000000000000000000000000000000
000000000000000000000000000000000000000000000000000000000000000000000000
000000000000000000000000000000000000000000000000000000000000000000000000
000000000000000000000000000000000000000000000000000000000000000000000000
000000000000000000000000000000000000000000000000000000000000000000000000
000000000000000000000000000000000000000000000000000000000000000000000000
000000000000000000000000000000000000000000000000000000000000000000000000
000000000000000000000000000000000000000000000000000000000000000000000000
000000000000000000000000000000000000000000000000000000000000000000000000
000000000000000000000000000000000000000000000000000000000000000000000000
000000000000000000000000000000000000000000000000000000000000000000000000
000000000000000000000000000000000000000000000000000000000000000000000000
000000000000000000000000000000000000000000000000000000000000000000000000
000000000000000000000000000000000000000000000000000000000000000000000000
000000000000000000000000000000000000000000000000000000000000000000000000
000000000000000000000000000000000000000000000000000000000000000000000000
000000000000000000000000000000000000000000000000000000000000000000000000
000000000000000000000000000000000000000000000000000000000000000000000000
000000000000000000000000000000000000000000000000000000000000000000000000
000000000000000000000000000000000000000000000000000000000000000000000000
000000000000000000000000000000000000000000000000000000000000000000000000
000000000000000000000000000000000000000000000000000000000000000000000000
000000000000000000000000000000000000000000000000000000000000000000000000
000000000000000000000000000000000000000000000000000000000000000000000000
000000000000000000000000000000000000000000000000000000000000000000000000
000000000000000000000000000000000000000000000000000000000000000000000000
000000000000000000000000000000000000000000000000000000000000000000000000
000000000000000000000000000000000000000000000000000000000000000000000000
000000000000000000000000000000000000000000000000000000000000000000000000
000000000000000000000000000000000000000000000000000000000000000000000000
000000000000000000000000000000000000000000000000000000000000000000000000
000000000000000000000000000000000000000000000000000000000000000000000000
000000000000000000000000000000000000000000000000000000000000000000000000
000000000000000000000000000000000000000000000000000000000000000000000000
000000000000000111110000000000000000000000000000000000000000000000000000
000000000000111111110000000000000000000000000000000000000000000000000000
000000000000001111110000000000000000000000000000000000000000000000000000
000000000000000111110000000000000000000000000000000000000000000000000000
000000000000000011110000000000000000000000000000000000000000000000000000
001110000000000011110000000000000000000000000000000000000000000000000000
111100000000000011110000000000000000000000000000000000000000000000000000
111100000000000011110000000000000000000000000000000000000000000000000000
111100000000000011110000000000000000000000000000000000000000000000000000
111100000000000011110000000000000000000000000000000000000000000000000000
111100000000000011110000000000000000000000000000000000000000000000000000
111100000000000011110000000000000000000000000000000000000000000000000000
111100000000000011110000011111100000000000000000001111111100000000000000
111100000000000011110001111111111000000000000000111111111111000000000000
111111111110000011110011111111111100000000000011110000001111110000000111
111111111110000011110111000011111110000000000111100000000011111000000001
111100000000000011111100000000111110000000001111000000000011111100000000
111100000000000011111000000000011110000000001110000000000001111100000000
111100000000000011110000000000011111000000011110000000000000111110000000
111100000000000011110000000000011111000000011110000000000000111110000000
111100000000000011110000000000001111000000111110000000000000111110000000
111100000000000011110000000000001111000000111100000000000000011111000000
111100000000000011110000000000001111000000111100000000000000011111000000
111100000000000011110000000000001111000000111100000000000000011111000000
111100000000000011110000000000001111000000111100000000000000011111000000
111100000000000011110000000000001111000000111110000000000000011111000000
111100000000000011110000000000001111000000111110000000000000011110000000
111100000000000011110000000000001111000000111110000000000000011110000000
111100000000000011110000000000001111000000111110000000000000011110000000
111100000000000011110000000000001111000000011111000000000000011100000000
111100000000000011110000000000001111000000011111000000000000111100000000
111100000000000011110000000000001111000000001111100000000000111000000000
111110001100000111110000000000001111000000001111110000000001110000000000
111111111100000111110000000000001111000000000111111000000011100000000000
011111111001111111111111000000001111111100000011111110001111000000001111
001111110000100000000010000000001000000000000000111111111100000000000100
000000000000000000000000000000000000000000000000000000000000000000000000
000000000000000000000000000000000000000000000000000000000000000000000000
000000000000000000000000000000000000000000000000000000000000000000000000
000000000000000000000000000000000000000000000000000000000000000000000000
000000000000000000000000000000000000000000000000000000000000000000000000
000000000000000000000000000000000000000000000000000000000000000000000000
000000000000000000000000000000000000000000000000000000000000000000000000
000000000000000000000000000000000000000000000000000000000000000000000000
000000000000000000000000000000000000000000000000000000000000000000000000
000000000000000000000000000000000000000000000000000000000000000000000000
000000000000000000000000000000000000000000000000000000000000000000000000
000000000000000000000000000000000000000000000000000000000000000000000000
000000000000000000000000000000000000000000000000000000000000000000000000
000000000000000000000000000000000000000000000000000000000000000000000000
000000000000000000000000000000000000000000000000000000000000000000000000
000000000000000000000000000000000000000000000000000000000000000000000000
000000000000000000000000000000000000000000000000000000000000000000000000
000000000000000000000000000000000000000000000000000000000000000000000000
000000000000000000000000000000000000000000000000000000000000000000000000
000000000000000000000000000000000000000000000000000000000000000000000000
000000000000000000000000000000000000000000000000000000000000000000000000
000000000000000000000000000000000000000000000000000000000000000000000000
000000000000000000000000000000000000000000000000000000000000000000000000
000000000000000000000000000000000000000000000000000000000000000000000000
000000000000000000000000000000000000000000000000000000000000000000000000
000000000000000000000000000000000000000000000000000000000000000000000000
000000000000000000000000000000000000000000000000000000000000000000000000
000000000000000000000000000000000000000000000000000000001111100000000001
000000000000000000000000000000000000000000010000000011111111100000011111
000000000000000000000000000000000000000000111100000001111111100000011111
000000000000000000000000000000000000000001111100000000001111100000000001
000000000000000000000000000000000000000001111100000000001111100000000001
000000000000000000000000000000000000000001111100000000001111100000000001
000000000000000000000000000000000000000000111000000000001111100000000001
000000000000000000000000000000000000000000000000000000001111100000000001
000000000000000000000000000000000000000000000000000000001111100000000001
000000000000000000000000000000000000000000000000000000001111100000000001
000000000000000000000000000000000000000000000000000000001111100000000001
000000000000000000000000000000000000000000000000000000001111100000000001
000000000000000010000000000000000000000000000100000000001111100000000001
111111100000000110000000001111111110000000111100000000001111100000000001
111100000000000111000000000011111000001111111100000000001111100000000001
111000000000001111000000000001111000001111111100000000001111100000000001
111100000000001111000000000001110000000000111100000000001111100000000001
111100000000011111100000000001100000000000111100000000001111100000000001
111100000000011111100000000001100000000000111100000000001111100000000001
111100000000011111110000000011100000000000111100000000001111100000000001
011110000000110011110000000011000000000000111100000000001111100000000001
011110000000110011110000000011000000000000111100000000001111100000000001
011110000001100011111000000110000000000000111100000000001111100000000001
011111000001100001111000000110000000000000111100000000001111100000000001
001111000011000001111100001100000000000000111100000000001111100000000001
001111000011000000111100001100000000000000111100000000001111100000000001
001111100011000000111100001000000000000000111100000000001111100000000001
000111100110000000111110011000000000000000111100000000001111100000000001
000111100110000000011110011000000000000000111100000000001111100000000001
000111111100000000011111010000000000000000111100000000001111100000000001
000011111100000000001111110000000000000000111100000000001111100000000001
000011111000000000001111110000000000000000111100000000001111100000000001
000011111000000000001111100000000000000000111100000000001111100000000001
000011111000000000000111100000000000000001111100000000001111100000000011
000001110000000000000111100000000000001111111111110011111111111110011111
000001110000000000000011000000000000001111111111110011111111111110011111
000000000000000000000000000000000000000000000000000000000000000000000000
000000000000000000000000000000000000000000000000000000000000000000000000
000000000000000000000000000000000000000000000000000000000000000000000000
000000000000000000000000000000000000000000000000000000000000000000000000
000000000000000000000000000000000000000000000000000000000000000000000000
000000000000000000000000000000000000000000000000000000000000000000000000
000000000000000000000000000000000000000000000000000000000000000000000000
000000000000000000000000000000000000000000000000000000000000000000000000
000000000000000000000000000000000000000000000000000000000000000000000000
000000000000000000000000000000000000000000000000000000000000000000000000
000000000000000000000000000000000000000000000000000000000000000000000000
000000000000000000000000000000000000000000000000000000000000000000000000
000000000000000000000000000000000000000000000000000000000000000000000000
000000000000000000000000000000000000000000000000000000000000000000000000
000000000000000000000000000000000000000000000000000000000000000000000000
000000000000000000000000000000000000000000000000000000000000000000000000
000000000000000000000000000000000000000000000000000000000000000000000000
000000000000000000000000000000000000000000000000000000000000000000000000
000000000000000000000000000000000000000000000000000000000000000000000000
000000000000000000000000000000000000000000000000000000000000000000000000
000000000000000000000000000000000000000000000000000000000000000000000000
000000000000000000000000000000000000000000000000000000000000000000000000
000000000000000000000000000000000000000000000000000000000000000000000000
000000000000000000000000000000000000000000000000000000000000000000000000
000000000000000000000000000000000000000000000000000000000000000000000000
000000000000000000000000000000000000000000000000000000000000000000000000
000000000000000000000000000000000000000000000000000000000000000000000000
111000000000000000000000000000000000000000000000000000000000000011100000
