100000011111111111000000000000000000000000000000000000000000000000000000
000000000000011111110000000000000000000000000000000000000000000000000000
000000000000000111111000000000000000000000000000000000000000000000000000
000000000000000011111100000000000000000000000000000000000000000000000000
000000000000000001111110000000000000000000000000000000000000000000000000
000000000000000000111111000000000000000000000000000000000000000000000000
000000000000000000011111000000000000000000000000000000000000000000000000
000000000000000000011111100000000000000000000000000000000000000000000000
000000000000000000001111100000000000000000000000000000000000000000000000
000000000000000000001111100000000000000000000000000000000000000000000000
000000000000000000001111110000000000111111110000000111111111111000001111
000000000000000000001111110000000011110001111100000001111111100000000011
000000000000000000001111110000001111000000011110000000111110000000000000
000000000000000000000111110000011110000000001111000000011110000000000000
000000000000000000000111110000111100000000001111000000011111000000000001
000000000000000000000111110000111100000000001111100000011111000000000001
000000000000000000000111110001111000000000000111100000001111000000000001
000000000000000000001111100001111000000000000111100000001111100000000011
000000000000000000001111100001111000000000000111100000000111100000000011
000000000000000000001111100011111100000000000111100000000111110000000110
000000000000000000001111100011111111111111111111100000000011110000000110
000000000000000000001111000011111000000000000000000000000011111000000100
000000000000000000011111000011111000000000000000000000000011111000001100
000000000000000000011110000011111000000000000000000000000001111000001000
000000000000000000111110000011111000000000000000000000000001111100011000
000000000000000001111100000001111100000000000000000000000000111100011000
000000000000000001111000000001111100000000000000000000000000111110110000
000000000000000011111000000001111100000000000000000000000000011110110000
000000000000001111110000000000111110000000000000000000000000011111100000
000000000000111111000000000000111111000000000001100000000000011111100000
000000000111111110000000000000011111110000000111000000000000001111000000
111111111111110000000000000000001111111111111110000000000000001111000000
111111111110000000000000000000000011111111111000000000000000000111000000
000000000000000000000000000000000000011111000000000000000000000000000000
000000000000000000000000000000000000000000000000000000000000000000000000
000000000000000000000000000000000000000000000000000000000000000000000000
000000000000000000000000000000000000000000000000000000000000000000000000
000000000000000000000000000000000000000000000000000000000000000000000000
000000000000000000000000000000000000000000000000000000000000000000000000
000000000000000000000000000000000000000000000000000000000000000000000000
000000000000000000000000000000000000000000000000000000000000000000000000
000000000000000000000000000000000000000000000000000000000000000000000000
000000000000000000000000000000000000000000000000000000000000000000000000
000000000000000000000000000000000000000000000000000000000000000000000000
000000000000000000000000000000000000000000000000000000000000000000000000
000000000000000000000000000000000000000000000000000000000000000000000000
000000000000000000000000000000000000000000000000000000000000000000000000
000000000000000000000000000000000000000000000000000000000000000000000000
000000000000000000000000000000000000000000000000000000000000000000000000
000000000000000000000000000000000000000000000000000000000000000000000000
000000000000000000000000000000000000000000000000000000000000000000000000
000000000000000000000000000000000000000000000000000000000000000000000000
000000000000000000000000000000000000000000000000000000000000000000000000
000000000000000000000000000000000000000000000000000000000000000000000000
000000000000000000000000000000000000000000000000000000000000000000000000
000000000000000000000000000000000000000000000000000000000000000000000000
000000000000000000000000000000000000000000000000000000000000000000000000
000000000000000000000000000000000000000000000000000000000000000000000000
000000000000000000000000000000000000000000000000000000000000000000000000
000000000000000000000000000000000000000000000000000000000000000000000000
000000000000000000000000000000000000000000000000000000000000000000000000
000000000000000000000000000000000000000000000000000000000000000000000000
000000000000000000000000000000000000000000000000000000000000000000000000
000000000000000000000000000000000000000000000000000000000000000000000000
000000000000000000000000000000000000000000000000000000000000000000000000
000000000000000000000000000000000000000000000000000000000000000000000000
000000000000000000000000000000000000000000000000000000000000000000000000
000000000000000000000000000000000000000000000000000000000000000000000000
000000000000000000000000000000000000000000000000000000000000000000000000
000000000000000000000000000000000000000000000000000000000000000000000000
000000000000000000000000000000000000000000000000000000000000000000000000
000000000000000000000000000000000000000000000000000000000000000000000000
000000000000000000000000000000000000000000000000000000000000000000000000
000000000000011100001111100000000011111111100000000000000000001111111100
000000000111111100011111100000001111111111110000000000000001111111111110
111111001111111100111111100000111100011111111000000000000011110001111110
111110000001111101111111100000110000000011111000000000001111000000001110
000000000001111111000011100000110000000001111100000000011110000000000110
000000000000111110000001100000100000000000111100000000111100000000000110
000000000000111100000000000000000000000000111100000000111000000000000110
000000000000111100000000000000000000000000111100000001111000000000000000
000000000000111100000000000000000000000000111100000001111000000000000000
000000000000111100000000000000000000001111111100000001111000000000000000
000000000000111100000000000000000011111110111100000011111000000000000000
000000000000111100000000000000011111100000111100000011111000000000000000
000000000000111100000000000000111100000000111100000011111000000000000000
000000000000111100000000000001111000000000111100000011111000000000000000
000000000000111100000000000011111000000000111100000011111000000000000000
000000000000111100000000000011110000000000111100000001111000000000000000
000000000000111100000000000011110000000000111100000001111100000000000000
000000000000111100000000000011110000000000111100000001111100000000000000
000000000000111100000000000011110000000001111100000000111110000000000000
000000000000111100000000000011111000000110111100000000111111000000000000
000000000001111100000000000011111100011100111100000000011111110000000010
110000000011111110000000000001111111111000111110000000001111111111111110
111000011111111111111000000000111111100000111111110000000011111111111100
111100000000000000000000000000001110000000000000000000000000111111110000
111100000000000000000000000000000000000000000000000000000000000000000000
111100000000000000000000000000000000000000000000000000000000000000000000
111100000000000000000000000000000000000000000000000000000000000000000000
011100000000000000000000000000000000000000000000000000000000000000000000
011100000000000000000000000000000000000000000000000000000000000000000000
111100000000000000000000000000000000000000000000000000000000000000000000
111000000000000000000000000000000000000000000000000000000000000000000000
111000000000000000000000000000000000000000000000000000000000000000000000
110000000000000000000000000000000000000000000000000000000000000000000000
100000000000000000000000000000000000000000000000000000000000000000000000
000000000000000000000000000000000000000000000000000000000000000000000000
000000000000000000000000000000000000000000000000000000000000000000000000
000000000000000000000000000000000000000000000000000000000000000000000000
000000000000000000000000000000000000000000000000000000000000000000000000
000000000000000000000000000000000000000000000000000000000000000000000000
000000000000000000000000000000000000000000000000000000000000000000000000
000000000000000000000000000000000000000000000000000000000000000000000000
000000000000000000000000000000000000000000000000000000000000000000000000
000000000000000000000000000000000000000000000000000000000000000000000000
000000000000000000000000000000000000000000000000000000000000000000000000
000000000000000000000000000000000000000000000000000000000000000000000000
000000000000000000000000000000000000000000000000000000000000000000000000
000000000000000000000000000000000000000000000000000000000000000000000000
000000000000000000000000000000000000000000000000000000000000000000000000
000000000000000000000000000000000000000000000000000000000000000000000000
000000000000000000000000000000000000000000000000000000000000000000000000
000000000000000000000000000000000000000000000000000000000000000000000000
000000000000000000000000000000000000000000000000000000000000000000000000
000000000000000000000000000000000000000000000000000000000000000000000000
000000000000000000000000000000000000000000000000000000000000000000000000
000000000000000000000000000000000000000000000000000000000000000000000000
000000000000000000000000000000000000000000000000000000000000000000000000
000000000000000000000000000000000000000000000000000000000000000000000000
000000000000000000000000000000000000000000000000000000000000000000000000
000000000000000000000000000000000000000000000000000000000000000000000000
000000000000000000000000000000000000000000000000000000000000000000000000
000000000000000000000000000000000000000000000000000000000000000000000000
000000000000000000000000000000000000000000000000000000000000000000000000
000000000000000000000000000000000000000000000000000000000000000000000000
000000011000000110000011000000000001111110000000000000000000000000000000
111111111000000111111111000000001111111111100000000000000000000000000000
111111000000000000111100000000111111111111110000000000000000000000000000
011111000000000000111000000001110000000111111000000000000000000000000000
011111000000000000110000000001110000000011111000000000000000000000000000
001111000000000000110000000001100000000001111000000000000000000000000000
001111100000000001100000000000100000000001111100000000000000000000000000
000111100000000001100000000000000000000000111100000000000000000000000000
000111110000000001100000000000000000000000111100000000000000000000000000
000011110000000011000000000000000000000111111100000000000000000000000000
000011111000000011000000000000000011111111111100000000000000000000000000
000011111000000110000000000000011111100000111100000000000000000000000000
000001111000000110000000000000111100000000111100000000000000000000000000
000001111100000100000000000001111000000000111100000000000000000000000000
000000111100001100000000000011110000000000111100000000000000000000000000
000000111110001000000000000011110000000000111100000000000000000000000000
000000011110011000000000000111110000000000111100000000000000000000000000
000000011110010000000000000111110000000001111100000000000000100000000000
000000011111110000000000000111110000000011111100000000001111100000000000
000000001111110000000000000111110000000111111100000000001111100000000000
000000001111100000000000000011111000011100111100000000001111000000000000
000000000111100000000000000011111111111000111100000000011111000000000000
000000000111100000000000000001111111100000111111100000011110000000000000
000000000011000000000000000000011111000000000000000000011110000000000000
000000000000000000000000000000000000000000000000000000111100000000000000
000000000000000000000000000000000000000000000000000000111000000000000000
000000000000000000000000000000000000000000000000000000111000000000000000
000000000000000000000000000000000000000000000000000001110000000000000000
000000000000000000000000000000000000000000000000000011100000000000000000
000000000000000000000000000000000000000000000000000011100000000000000000
000000000000000000000000000000000000000000000000000010000000000000000000
000000000000000000000000000000000000000000000000000000000000000000000000
000000000000000000000000000000000000000000000000000000000000000000000000
000000000000000000000000000000000000000000000000000000000000000000000000
000000000000000000000000000000000000000000000000000000000000000000000000
000000000000000000000000000000000000000000000000000000000000000000000000
000000000000000000000000000000000000000000000000000000000000000000000000
000000000000000000000000000000000000000000000000000000000000000000000000
000000000000000000000000000000000000000000000000000000000000000000000000
000000000000000000000000000000000000000000000000000000000000000000000000
000000000000000000000000000000000000000000000000000000000000000000000000
000000000000000000000000000000000000000000000000000000000000000000000000
000000000000000000000000000000000000000000000000000000000000000000000000
