000000000000000000000000000000000000000000000000000000000000000000000000
000000000000000000000000000000000000000000000000000000000000000000000000
000000000000000000000000000000000000000000000000000000000000000000000000
000000000000000000000000000000000000000000000000000000000000000000000000
000000000000000000000000000000000000000000000000000000000000000000000000
000000000000000000000000000000000000000000000000000000000000000000000000
000000000000000000000000000000000000000000000000000000000000000000000000
000000000000000000000000000000000000000000000000000000000000000000000000
000000000000000000000000000000000000000000000000000000000000000000000000
000000000000000000000000000000000000000000000000000000000000000000000000
000000000000000000000000000000000000000000000000000000000000000000000000
000000000000000000000000000000000000000000000000000000000000000000000000
000000000000000000000000000000000000000000000000000000000000000000000000
000000000000000000000000000000000000000000000000000000000000000000000000
000000000000000000000000000000000000000000000000000000000000000000000000
000000000000000000000000000000000000000000000000000000000000000000000000
000000000000000000000000000000000000000000000000000000000000000000000000
000000000000000000000000000000000000000000000000000000000000000000000000
000000000000000000000000000000000000000000000000000000000000000000000000
110000000001000000111000000000000111111000000000000000000000000000000010
110000001111100011111100000000111111111111000000001111111111100000000110
110011111111100111111100000011110000001111100000000011111100000000000111
110001111111101111111100000111100000000111110000000001111100000000001111
110000001111111100111100001111000000000011111000000001111100000000001111
110000001111110000001000001110000000000001111100000000111100000000011111
010000001111110000001000011110000000000000111100000000111100000000011111
000000001111100000000000011110000000000000111110000000111110000000011111
000000001111100000000000111100000000000000111110000000011110000000110011
000000001111100000000000111100000000000000111110000000011110000000110011
000000001111100000000000111100000000000000011111000000011110000001100001
000000001111100000000000111100000000000000011111000000001111000001100001
000000001111100000000000111100000000000000011111000000001111000011000001
000000001111100000000000111100000000000000011111000000001111000011000000
000000001111100000000000111110000000000000011110000000001111100011000000
000000001111100000000000111110000000000000011110000000000111100110000000
000000001111100000000000111110000000000000011110000000000111100110000000
000000001111100000000000111110000000000000111100000000000111111100000000
000000001111100000000000011111000000000000111100000000000011111100000000
000000001111100000000000011111100000000000111000000000000011111000000000
000000001111100000000000001111100000000001110000000000000011111000000000
000000001111100000000000000111110000000011100000000000000001111000000000
000011111111111110000000000011111100001111000000000000000001110000000000
000001111111111110000000000000111111111100000000000000000001110000000000
000000000000000000000000000000000010000000000000000000000000000000000000
000000000000000000000000000000000000000000000000000000000000000000000000
000000000000000000000000000000000000000000000000000000000000000000000000
000000000000000000000000000000000000000000000000000000000000000000000000
000000000000000000000000000000000000000000000000000000000000000000000000
000000000000000000000000000000000000000000000000000000000000000000000000
000000000000000000000000000000000000000000000000000000000000000000000000
000000000000000000000000000000000000000000000000000000000000000000000000
000000000000000000000000000000000000000000000000000000000000000000000000
000000000000000000000000000000000000000000000000000000000000000000000000
000000000000000000000000000000000000000000000000000000000000000000000000
000000000000000000000000000000000000000000000000000000000000000000000000
000000000000000000000000000000000000000000000000000000000000000000000000
000000000000000000000000000000000000000000000000000000000000000000000000
000000000000000000000000000000000000000000000000000000000000000000000000
000000000000000000000000000000000000000000000000000000000000000000000000
000000000000000000000000000000000000000000000000000000000000000000000000
000000000000000000000000000000000000000000000000000000000000000000000000
000000000000000000000000000000000000000000000000000000000000000000000000
000000000000000000000000000000000000000000000000000000000000000000000000
000000000000000000000000000000000000000000000000000000000000000000000000
000000000000000000000000000000000000000000000000000000000000000000000000
000000000000000000000000000000000000000000000000000000000000000000000000
000000000000000000000000000000000000000000000000000000000000000000000000
000000000000000000000000000000000000000000000000000000000000000000000000
000000000000000000000000000000000000000000000000000000000000000000000000
000000000000000000000000000000000000000000000000000000000000000000000000
000000000011110000000000000000000000000000000000000000000000000000000000
000000111111110000000000000000000000000000000000000000000000000000000000
000000111111110000000000000000000000000000000000000000000000000000000000
000000000011110000000000000000000000000000000000000000000000000000000000
000000000011110000000000000000000000000000000000000000000000000000000000
000000000011110000000000000000000000000000000000000000000000000000110000
000000000011110000000000000000000000000000000000000000000000000111110000
000000000011110000000000000000000000000000000000000000000000000111100000
000000000011110000000000000000000000000000000000000000000000000111100000
000000000011110000000000000000000000000000000000000000000000000111100000
000000000011110000000000000000000000000000000000000000000000000111100000
000000000011110000000000000000000000000000000000000000000000000111100000
000000000011110000000111100000000000000000000011100000000000000111100000
000000000011110000111111111000000000000000011111111100000000000111100000
000000000011110001111111111110000000000001110000011110000000001111111111
000000000011110011111111111111000000000111100000001111000000111111111111
000000000011110110000000111111000000001111000000000111100001111111111111
000000000011111100000000011111100000011110000000000111110000000111100000
000000000011111000000000001111100000011110000000000011110000000111100000
000000000011110000000000000111110000111100000000000011110000000111100000
000000000011110000000000000111110000111100000000000011110000000111100000
000000000011110000000000000111110000111100000000000011111000000111100000
000000000011110000000000000011110000111111110000011111111000000111100000
000000000011110000000000000011110000111111111111111111110000000111100000
000000000011110000000000000011110000111100000000000000000000000111100000
000000000011110000000000000011110000111100000000000000000000000111100000
000000000011110000000000000111100000111100000000000000000000000111100000
000000000011110000000000000111100000111110000000000000000000000111100000
000000000011110000000000000111000000111110000000000000000000000111100000
000000000011110000000000000111000000111110000000000000000000000111100000
000000000011110000000000001110000000011111000000000000000000000111100000
000000000011110000000000011100000000011111100000000000000000000111100000
000000000011111100000000111000000000001111110000000000110000000111110000
000000000011111111100011100000000000000111111100000011100000000111111111
000000000011111111111111000000000000000011111111111111000000000011111111
000000000010001111111110000000000000000001111111111100000000000001111110
000000000000000000000000000000000000000000000111100000000000000000000000
000000000000000000000000000000000000000000000000000000000000000000000000
000000000000000000000000000000000000000000000000000000000000000000000000
000000000000000000000000000000000000000000000000000000000000000000000000
000000000000000000000000000000000000000000000000000000000000000000000000
000000000000000000000000000000000000000000000000000000000000000000000000
000000000000000000000000000000000000000000000000000000000000000000000000
000000000000000000000000000000000000000000000000000000000000000000000000
000000000000000000000000000000000000000000000000000000000000000000000000
000000000000000000000000000000000000000000000000000000000000000000000000
000000000000000000000000000000000000000000000000000000000000000000000000
000000000000000000000000000000000000000000000000000000000000000000000000
000000000000000000000000000000000000000000000000000000000000000000000000
000000000000000000000000000000000000000000000000000000000000000000000000
000000000000000000000000000000000000000000000000000000000000000000000000
000000000000000000000000000000000000000000000000000000000000000000000000
000000000000000000000000000000000000000000000000000000000000000000000000
000000000000000000000000000000000000000000000000000000000000000000000000
000000000000000000000000000000000000000000000000000000000000000000000000
000000000000000000000000000000000000000000000000000000000000000000000000
000000000000000000000000000000000000000000000000000000000000000000000000
000000000000000000000000000000000000000000000000000000000000000000000000
000000000000000000000000000000000000000000000000000000000000000000000000
000000000000000000000000000000000000000000000000000000000000000000000000
000000000000000000000000000000000000000000000000000000000000000000000000
000000000000000000000000000000000000000000000000000000000000000000000000
000000000000000000000000000000000000000000000000000000000000000000000000
000111111000001110000000000000000000000000000000000000000000000000000000
001111111111111110000000000000000000000000000000000000000000000000000000
011111111111111110000000000111100000000000000000000000000000000000000000
110000011000111110000000001111100000000000000000000000000000000000000000
110000000000111110000000001111110000000000000000000000000000000000000000
100000000000011110000000001111100000000000000000000000000000000000000000
100000000000011110000000000111100000000000000000000000000000000000000000
100000000000011110000000000000000000000000000000000000000000000000000000
100000000000011110000000000000000000000000000000000000000000000000000000
100000000000011110000000000000000000000000000000000000000000000000000000
100000000000011110000000000000000000000000000000000000000000000000000000
100000000000011110000000000000000000000000000000000000000000000000000000
100000000000011110000000000000000000000000000000000000000000000000000000
100000000000011110000000000011100000000000000111111111000000000000111111
111111100000011110000000111111100000000000011110001111100000000001110000
111111100000011110000001111111100000000000111000000011110000000111000000
111111100000011110000000001111100000000001110000000001111000000111000000
100000000000011110000000000111100000000011100000000001111100001111000000
100000000000011110000000000111100000000111100000000000111100001110000000
100000000000011110000000000111100000000111100000000000111100001111000000
100000000000011110000000000111100000001111000000000000111110001111100000
100000000000011110000000000111100000001111000000000000111110001111110000
100000000000011110000000000111100000001111100000000000111110000111111111
100000000000011110000000000111100000001111111111111111111100000111111111
100000000000011110000000000111100000001111100000000000000000000001111111
100000000000011110000000000111100000001111000000000000000000000000011111
100000000000011110000000000111100000001111000000000000000000000000000011
100000000000011110000000000111100000001111100000000000000000000000000000
100000000000011110000000000111100000001111100000000000000000000000000000
100000000000011110000000000111100000001111100000000000000000001100000000
100000000000011110000000000111100000000111110000000000000000001100000000
100000000000011110000000000111100000000111110000000000000000001100000000
100000000000011110000000000111100000000011111000000000001100001100000000
100000000000111110000000000111100000000011111110000000111000001110000000
111100000111111111110000111111111100000001111111111111111000001111100000
111110001111111111111001111111111110000000011111111111100000001111111111
000000000000000000000000000000000000000000000011111100000000000001111111
000000000000000000000000000000000000000000000000000000000000000000000000
000000000000000000000000000000000000000000000000000000000000000000000000
000000000000000000000000000000000000000000000000000000000000000000000000
000000000000000000000000000000000000000000000000000000000000000000000000
000000000000000000000000000000000000000000000000000000000000000000000000
000000000000000000000000000000000000000000000000000000000000000000000000
000000000000000000000000000000000000000000000000000000000000000000000000
000000000000000000000000000000000000000000000000000000000000000000000000
000000000000000000000000000000000000000000000000000000000000000000000000
