000000000000000000000000000000000000000000000000000000000000000000000000
000000000000000000000000000000000000000000000000000000000000000000000000
000000000000000000000000000000000000000000000000000000000000000000000000
000000000000000000000000000000000000000000000000000000000000000000000000
000000000000000000000000000000000000000000000000000000000000000000000000
000000000000000000000000000000000000000000000000000000000000000000000000
000000000000000000000000000000000000000000000000000000000000000000000000
000000000000000000000000000000000000000000000000000000000000000000000000
000000000000000000000000000000000000000000000000000000000000000000000000
000000000000000000000000000000000000000000000000000000000000000000000000
000000000000000000000000000000000000000000000000000000000000000000000000
000000000000000000000000000000000000000000000000000000000000000000000000
000000000000000000000000000000000000000000000000000000000000000000000000
000000000000000000000000000000000000000000000000000000000000000000000000
000000000000000000000000000000000000000000000000000000000000000000000000
000000000000000000000000000000000000000000000000000000000000000000000000
000000000000000000000000000000000000000000000000000000000000000000000000
000000000000000000000000000000000000000000000000000000000000000000000000
000000000000000000000000000000000000000000000000000000000000000000000000
000000000000000000000000000000000000000000000000000000000000000000000000
000000000000000000000000000000000000000000000000000000000000000000000000
000000000000000000000000000000000000000000000000000000000000000000000000
000000000000000000000000000000000000000000000000000000000000000000000000
000000000000000000000000000000000000000000000000000000000000000000000000
000000000000000000000000000000000000000000000000000000000000000000000000
000000000000000000000000000000000000000000000000000000000000000000000000
000000000000000000000000000000000000000000000000000000000000000000000000
000000000000000000000000000000000000000000000000000000000000000000000000
000000000000000000000000000000000000000000000000000000000000000000000000
000000000000000000000000000000000000000000000000000000000000000000000000
000000000000000000000000000000000000000000000000000000000000000000000000
000000000000000000000000000000000000000000000000000000000000000000000000
000000000000000000000000000000000000000000000000000000000000000000000000
000000000000000000000000000000000000000000000000000000000000000000000000
000000000000000000000000000000000000000000000000000000000000000000000000
000000000000000000000000000000000000000000000000000000000000000000000000
000000000000000000000000000000000000000000000000000000000000000000000000
000000000000000000000000000000000000000000000000000000000000000000000000
000000000000000000000000000000000000000000000000000000000000000000000000
000000000000000000000000000000000000000000000000000000000000000000000000
000000000000000000000000000000000000000000000000000000000000000000000000
000000000000000000000000000000000000000000000000000000000000000000000000
000000000000000000000000000000000000000000000000000000000000000000000000
000000000000000000000000000000000000000000000000000000000000000000000000
000000000000000000000000000000000000000000000000000000000000000000000000
000000000000000000000000000000000000000000000000000000000000000000000000
000000000000000000000000000000000000000000000000000000000000000000000000
000000000000000000000000000000000000000000000000000000000000000000000000
000000000000000000000000000000000000000000000000000000000000000000000000
000000000000000000000000000000000000000000000000000000000000000000000000
000000000000000000000000000000000000000000000000000000000000000000000000
000000000000000000000000000000000000000000000000000000000000000000000000
000000000000000000000000000000000000000000000000000000000000000000000000
000000000000000000000000000000000000000000000000000000000000000000000000
000000000000000000000000000000000000000000000000000000000000000000000000
000000000000000000000000000000000000000000000000000000000000000000000000
000000000000000000000000000000000000000000000000000000000000000000000000
000000000000000000000000000000000000000000000000000000000000000000000000
000000000000000000000000000000000000000000000000000000000000000000000000
000000000000000000000000000000000000000000000000000000000000000000000000
000000000000000000000000000000000000000000000000000000000000000000000000
000000000000000000000000000000000000000000000000000000000000000000000000
000000000000000000000000000000000000000000000000000000000000000000000000
000000000000000000000000000000000000000000000000000000000000000000000000
111000000000011111000000000000000000001111110000000000000001111111000000
111110000001111111110000000000000001111111111100000000001111111111111000
111111000011111111111000000000000011100000011110000000011100000001111000
011111100111000011111100000000001111000000001111000000111000000000111000
001111111100000001111100000000011110000000001111100000111000000000011000
000111111000000000111100000000011100000000000111100001111000000000011000
000111110000000000111110000000111100000000000111100001111000000000011000
000111110000000000111110000000111100000000000111110001111000000000000000
000111110000000000111110000001111100000000000111110001111100000000000000
000111110000000000111110000001111100000000000111110000111111100000000000
000111110000000000111110000001111111111111111111110000111111111111000000
000111110000000000111110000001111111111111111111000000011111111111110000
000111110000000000111110000001111000000000000000000000000111111111111100
000111110000000000111110000001111100000000000000000000000000111111111100
000111110000000000111110000001111100000000000000000000000000000011111110
000111110000000000111110000001111100000000000000000000000000000000111110
000111110000000000111110000001111100000000000000000000100000000000011110
000111110000000000111110000000111110000000000000000001100000000000011110
000111110000000000111110000000111110000000000000000001100000000000011100
000111110000000000111110000000111111000000000000000001100000000000011100
000111110000000000111110000000011111100000000001100001110000000000111000
000111110000000000111110000000001111111100001111000001111000000001110000
111111111111000000111111111000000111111111111110000001111111001111100000
100000000010000000000000000000000001111111111000000000111111111110000000
000000000000000000000000000000000000000000000000000000000000000000000000
000000000000000000000000000000000000000000000000000000000000000000000000
000000000000000000000000000000000000000000000000000000000000000000000000
000000000000000000000000000000000000000000000000000000000000000000000000
000000000000000000000000000000000000000000000000000000000000000000000000
000000000000000000000000000000000000000000000000000000000000000000000000
000000000000000000000000000000000000000000000000000000000000000000000000
000000000000000000000000000000000000000000000000000000000000000000000000
000000000000000000000000000000000000000000000000000000000000000000000000
000000000000000000000000000000000000000000000000000000000000000000000000
000000000000000000000000000000000000000000000000000000000000000000000000
000000000000000000000000000000000000000000000000000000000000000000000000
000000000000000000000000000000000000000000000000000000000000000000000000
000000000000000000000000000000000000000000000000000000000000000000000000
000000000000000000000000000000000000000000000000000000000000000000000000
000000000000000000000000000000000000000000000000000000000000000000000000
000000000000000000000000000000000000000000000000000000000000000000000000
000000000000000000000000000000000000000000000000000000000000000000000000
000000000000000000000000000000000000000000000000000000000000000000000000
000000000000000000000000000000000000000000000000000000000000000000000000
000000000000000000000000000000000000000000000000000000000000000000000000
000000000000000000000000000000000000000000000000000000000000000000000000
000000000000000000000000000000000000000000000000000000000000000000000000
000000000000000000000000000000000000000000000000000000000000000000000000
000000000000000000000000000000000000000000000000000000000000000000000000
000000000000000000000000000000000000000000000000000000000000000000000000
000000000000000000000000000000000110000000000000000000000000000000000000
000000000000000000000000000000011111100000000000000000000000000000000000
000000000000000000000000000000111111100000000000000000000000000000000011
000000000000000000000000000001111111100000000000000000000000000000000011
000000000000000000000000000011000001100000000000000000000000000000000000
000000000000000000000000000111000000000000000000000000000000000000000000
000000000000000000000000001110000000000000000000000000000000011000000000
000000000000000000000000001110000000000000000000000000000011111000000000
000000000000000000000000011110000000000000000000000000000011111000000000
000000000000000000000000011110000000000000000000000000000011111000000000
000000000000000000000000011110000000000000000000000000000011110000000000
000000000000000000000000011110000000000000000000000000000011110000000000
000000000000000000000000011110000000000000000000000000000011110000000000
000011111000000000000000011110000000000000000000000000000011110000000000
011111111111000000000000011110000000000000000000000000000011110000000000
111000001111110000000000111111111110000000000000000000000111111111111000
100000000011111000000011111111111110000000000000000000011111111111111000
000000000001111100000011111110000000000000000000000000011111111111110000
000000000001111100000000011110000000000000000000000000000011110000000000
000000000000111110000000011110000000000000000000000000000011110000000000
000000000000111110000000011110000000000000000000000000000011110000000000
000000000000011111000000011110000000000000000000000000000011110000000000
000000000000011111000000011110000000000000000000000000000011110000000000
000000000000011111000000011110000000000000000000000000000011110000000000
000000000000011111000000011110000000000000000000000000000011110000000000
000000000000011111000000011110000000000000000000000000000011110000000000
000000000000011111000000011110000000000000000000000000000011110000000000
000000000000011111000000011110000000000000000000000000000011110000000000
000000000000011111000000011110000000000000000000000000000011110000000000
000000000000011110000000011110000000000000000000000000000011110000000000
000000000000011110000000011110000000000000000000000000000011110000000000
000000000000011100000000011110000000000000000000000000000011110000000000
100000000000111100000000011110000000000000000000000000000011111000000000
110000000001111000000000011110000000000000000000000000000011111000010000
111000000001110000000000111111000000000000000000000000000001111111110000
111100000111000000000111111111111000000000000000000000000001111111100011
111111111100000000000111111111111000000000000000000000000000111111000011
000111100000000000000000000000000000000000000000000000000000000000000000
000000000000000000000000000000000000000000000000000000000000000000000000
000000000000000000000000000000000000000000000000000000000000000000000000
000000000000000000000000000000000000000000000000000000000000000000000000
000000000000000000000000000000000000000000000000000000000000000000000000
000000000000000000000000000000000000000000000000000000000000000000000000
000000000000000000000000000000000000000000000000000000000000000000000000
000000000000000000000000000000000000000000000000000000000000000000000000
000000000000000000000000000000000000000000000000000000000000000000000000
000000000000000000000000000000000000000000000000000000000000000000000000
000000000000000000000000000000000000000000000000000000000000000000000000
000000000000000000000000000000000000000000000000000000000000000000000000
000000000000000000000000000000000000000000000000000000000000000000000000
000000000000000000000000000000000000000000000000000000000000000000000000
000000000000000000000000000000000000000000000000000000000000000000000000
000000000000000000000000000000000000000000000000000000000000000000000000
000000000000000000000000000000000000000000000000000000000000000000000000
000000000000000000000000000000000000000000000000000000000000000000000000
000000000000000000000000000000000000000000000000000000000000000000000000
000000000000000000000000000000000000000000000000000000000000000000000000
000000000000000000000000000000000000000000000000000000000000000000000000
000000000000000000000000000000000000000000000000000000000000000000000000
000000000000000000000000000000000000000000000000000000000000000000000000
000000000000000000000000000000000000000000000000000000000000000000000000
000000000000000000000000000000000000000000000000000000000000000000000000
000000000000000000000000000000000000000000000000000000000000000000000000
000000000000000000000000000000000000000000000000000000000000000000000000
000000000000000001110000000000001110000000000000000000000000000000000000
