000000000000000000011110000000000000000000000000000000000000000000000000
000000000000000000011110000000000000000000000000000000000000000000000000
000000010000000000011110000000000000000000000000000000000000000000000000
000011110000000000011110000000000000000000000000000000000000000000000000
000111110000000000011110000000000000000000000000000000000000000000000000
000011110000000000011110000000000000000000000000000000000000000000000000
000011110000000000011110000000000000000000000000000000000000000000000000
000011110000000000011110000000000000000000000000000000000000000000000000
000011110000000000011110000000000000000000000000000000000000000000000000
000011110000000000011110000000000000000000000000000000000000000000000000
000011110000000000011110000011111111000000000000000001111111100000000000
000111111111110000011110001111111111100000000000000111000011111000000000
011111111111110000011110011111111111110000000000011110000000111100000000
111111111111110000011111110000000111111000000000111100000000111110000000
000011110000000000011111100000000011111000000001111000000000011110000000
000011110000000000011111000000000001111000000001110000000000011111000000
000011110000000000011111000000000001111000000011110000000000011111000000
000011110000000000011110000000000001111000000011110000000000001111000000
000011110000000000011110000000000001111000000011110000000000001111000000
000011110000000000011110000000000001111000000111111000000000011111000000
000011110000000000011110000000000001111000000111111111111111111111000000
000011110000000000011110000000000001111000000111110000000000000000000000
000011110000000000011110000000000001111000000111110000000000000000000000
000011110000000000011110000000000001111000000111110000000000000000000000
000011110000000000011110000000000001111000000111110000000000000000000000
000011110000000000011110000000000001111000000011110000000000000000000000
000011110000000000011110000000000001111000000011111000000000000000000000
000011110000000000011110000000000001111000000011111000000000000000000000
000011110000000000011110000000000001111000000001111100000000000000000000
000011110000000000011110000000000001111100000001111110000000000010000000
000011111111110000011111000000000001111100000000111111100000001110000000
000011111111100011111111111000000001111111100000011111111111111100000000
000001111111000111111111111100000001111111100000000111111111110000000000
000000000000000000000000000000000000000000000000000001111110000000000000
000000000000000000000000000000000000000000000000000000000000000000000000
000000000000000000000000000000000000000000000000000000000000000000000000
000000000000000000000000000000000000000000000000000000000000000000000000
000000000000000000000000000000000000000000000000000000000000000000000000
000000000000000000000000000000000000000000000000000000000000000000000000
000000000000000000000000000000000000000000000000000000000000000000000000
000000000000000000000000000000000000000000000000000000000000000000000000
000000000000000000000000000000000000000000000000000000000000000000000000
000000000000000000000000000000000000000000000000000000000000000000000000
000000000000000000000000000000000000000000000000000000000000000000000000
000000000000000000000000000000000000000000000000000000000000000000000000
000000000000000000000000000000000000000000000000000000000000000000000000
000000000000000000000000000000000000000000000000000000000000000000000000
000000000000000000000000000000000000000000000000000000000000000000000000
000000000000000000000000000000000000000000000000000000000000000000000000
000000000000000000000000000000000000000000000000000000000000000000000000
000000000000000000000000000000000000000000000000000000000000000000000000
000000000000000000000000000000000000000000000000000000000000000000000000
000000000000000000000000000000000000000000000000000000000000000000000000
000000000000000000000000000000000000000000000000000000000000000000000000
000000000000000000000000000000000000000000000000000000000000000000000000
000000000000000000000000000000000000000000000000000000000000000000000000
000000000000000000000000000000000000000000000000000000000000000000000000
000000000000000000000000000000000000000000000000000000000000000000000000
000000000000000000000000000000000000000000000000000000000000000000000000
000000000000000000000000000000000000000000000000000000000000000000000000
000000000000000000000000000000000000000001100000000000000000000000000000
000000000000000000000000000000000000011111100000000000000000000000000000
000000000000000000000000000000000001111111100000000000000000000000000000
000000000000000000000000000000000000001111100000000000000000000000000000
000000000000000000000000000000000000000111100000000000000000000000000000
000000000000000000000000000000000000000111100000000000000000000000000000
000000000000000000000000000000000000000111100000000000000000000000000000
000000000000000000000000000000000000000111100000000000000000000000000000
000000000000000000000000000000000000000111100000000000000000000000000000
000000000000000000000000000000000000000111100000000000000000000000000000
000000000000000000000000000000000000000111100000000000000000000000000000
000000000000000000000000000000000000000111100000000000000000000000000000
000000000000000000000000000000000000000111100000000000000000000000000000
000011111111110000000000000000111111100111100000000000000111111110000000
001111000111111000000000000011111111111111100000000000011111111111100000
011100000001111000000000001110000011111111100000000001111000111111110000
111000000000011000000000111000000000011111100000000011100000000111110000
111000000000011000000001110000000000001111100000000011100000000011110000
111000000000011000000011110000000000000111100000000011000000000011111000
111000000000000000000011100000000000000111100000000000000000000001111000
111100000000000000000111100000000000000111100000000000000000000001111000
111110000000000000000111100000000000000111100000000000000000000001111000
111111111000000000000111100000000000000111100000000000000000011111111000
111111111111100000001111100000000000000111100000000000000111111101111000
001111111111111000001111100000000000000111100000000000111110000001111000
000011111111111100001111100000000000000111100000000001111000000001111000
000000011111111100001111100000000000000111100000000011110000000001111000
000000000001111110001111100000000000000111100000000111100000000001111000
000000000000111110000111100000000000000111100000000111100000000001111000
100000000000011110000111110000000000001111100000000111100000000001111000
100000000000011110000111110000000000001111100000000111100000000001111000
100000000000011100000011111000000000011111100000000111100000000111111000
100000000000011100000011111100000000110111100000000111110000001101111000
110000000000111000000001111111000011100111100000000111111000111001111000
111000000001110000000000111111111111000111110000000011111111100001111100
111111111111000000000000011111111110000111111110000001111111000001111111
011111111100000000000000000001111000000000000000000000011100000000000000
000000000000000000000000000000000000000000000000000000000000000000000000
000000000000000000000000000000000000000000000000000000000000000000000000
000000000000000000000000000000000000000000000000000000000000000000000000
000000000000000000000000000000000000000000000000000000000000000000000000
000000000000000000000000000000000000000000000000000000000000000000000000
000000000000000000000000000000000000000000000000000000000000000000000000
000000000000000000000000000000000000000000000000000000000000000000000000
000000000000000000000000000000000000000000000000000000000000000000000000
000000000000000000000000000000000000000000000000000000000000000000000000
000000000000000000000000000000000000000000000000000000000000000000000000
000000000000000000000000000000000000000000000000000000000000000000000000
000000000000000000000000000000000000000000000000000000000000000000000000
000000000000000000000000000000000000000000000000000000000000000000000000
000000000000000000000000000000000000000000000000000000000000000000000000
000000000000000000000000000000000000000000000000000000000000000000000000
000000000000000000000000000000000000000000000000000000000000000000000000
000000000000000000000000000000000000000000000000000000000000000000000000
000000000000000000000000000000000000000000000000000000000000000000000000
000000000000000000000000000000000000000000000000000000000000000000000000
000000000000000000000000000000000000000000000000000000000000000000000000
000000000000000000000000000000000000000000000000000000000000000000000000
000000000000000000000000000000000000000000000000000000000000000000000000
000000000000000000000000000000000000000000000000000000000000000000000000
000000000000000000000000000000000000000000000000000000000000000000000000
000000000000000000000000000000000000000000000000000000000000000000000000
000000000000000000000000000000000000000000000000000000000000000000000000
000000000000000000000000000000000000000000000000000000000000000000000000
000000000000000000000000000000000000000000000000000000000000000000000000
000000000000000000000000000000000000000000000000000000000000000000000000
000000000000000000000000000000000000000000000000000000000000000000000000
000000000000000000000000000000000000000000000000000000000000000000000000
000000000000000000000000000000000000000000000000000000000000000000000000
000000000000000000000000000000000000000000000000000000000000000000000000
000000000000000000000000000000000000000000000000000000000000000000000000
000000000000000000000000000000000000000000000000000000000000000000000000
000000000000000000000000000000000000000000000000000000000000000000000000
000000000000000000000000000000000000000000000000000000000000000000000000
000000000000000000000000000000000000000000000000000000000000000000000000
000000000000000000000000000000000000000000000000000000000000000000000000
011000000110000011000000000000111111000000000000000110000011110000000000
111000000111111111000000000111111111110000000001111110001111110000000000
000000000000111100000000001110000001111000000111111110011111110000000000
000000000000111000000000111100000000111100000000111110111111110000000000
000000000000110000000001111000000000111110000000111110110001110000000000
100000000000110000000001110000000000011110000000011111100000110000000000
100000000001100000000011110000000000011111000000011111000000000000000000
100000000001100000000011110000000000011111000000011110000000000000000000
110000000001100000000111110000000000011111000000011110000000000000000000
110000000011000000000111110000000000001111000000011110000000000000000000
111000000011000000000111111111111111111111000000011110000000000000000000
111000000110000000000111111111111111111100000000011110000000000000000000
111000000110000000000111110000000000000000000000011110000000000000000000
111100000100000000000111110000000000000000000000011110000000000000000000
111100001100000000000111110000000000000000000000011110000000000000000000
111110001000000000000111110000000000000000000000011110000000000000000000
011110011000000000000011110000000000000000000000011110000000000000000000
011110010000000000000011111000000000000000000000011110000000000000000000
011111110000000000000011111000000000000000000000011110000000000011110000
001111110000000000000001111100000000000000000000011110000000000111110000
001111100000000000000001111111000000000110000000011110000000000111111000
000111100000000000000000111111111000111100000000111111000000000111111000
000111100000000000000000001111111111111000000111111111111100000011110000
000011000000000000000000000011111111100000000000000000000000000001000000
000000000000000000000000000000000000000000000000000000000000000000000000
000000000000000000000000000000000000000000000000000000000000000000000000
000000000000000000000000000000000000000000000000000000000000000000000000
000000000000000000000000000000000000000000000000000000000000000000000000
000000000000000000000000000000000000000000000000000000000000000000000000
000000000000000000000000000000000000000000000000000000000000000000000000
000000000000000000000000000000000000000000000000000000000000000000000000
000000000000000000000000000000000000000000000000000000000000000000000000
000000000000000000000000000000000000000000000000000000000000000000000000
000000000000000000000000000000000000000000000000000000000000000000000000
000000000000000000000000000000000000000000000000000000000000000000000000
000000000000000000000000000000000000000000000000000000000000000000000000
000000000000000000000000000000000000000000000000000000000000000000000000
000000000000000000000000000000000000000000000000000000000000000000000000
000000000000000000000000000000000000000000000000000000000000000000000000
000000000000000000000000000000000000000000000000000000000000000000000000
000000000000000000000000000000000000000000000000000000000000000000000000
000000000000000000000000000000000000000000000000000000000000000000000000
000000000000000000000000000000000000000000000000000000000000000000000000
